4800 400 400
235 365 -1 0
12 119 -1 0
250 245 -1 0
156 64 -1 0
275 170 -1 0
227 377 -1 0
144 17 -1 0
297 139 -1 0
318 346 -1 0
322 212 -1 0
51 399 -1 0
12 93 -1 0
247 325 -1 0
202 126 -1 0
166 209 -1 0
357 166 -1 0
0 0 -1 0
338 203 -1 0
309 117 -1 0
6 205 -1 0
372 316 -1 0
246 4 -1 0
337 122 -1 0
202 140 -1 0
145 53 -1 0
171 307 -1 0
8 65 -1 0
195 234 -1 0
9 355 -1 0
86 373 -1 0
56 13 -1 0
55 6 -1 0
168 212 -1 0
225 273 -1 0
9 207 -1 0
186 254 -1 0
395 245 -1 0
147 247 -1 0
345 216 -1 0
208 251 -1 0
390 94 -1 0
78 325 -1 0
103 369 -1 0
216 352 -1 0
181 18 -1 0
248 356 -1 0
389 374 -1 0
96 56 -1 0
258 165 -1 0
69 356 -1 0
278 108 -1 0
251 249 -1 0
312 303 -1 0
44 137 -1 0
166 317 -1 0
90 226 -1 0
257 148 -1 0
317 60 -1 0
370 130 -1 0
54 80 -1 0
391 386 -1 0
303 220 -1 0
50 357 -1 0
179 84 -1 0
324 7 -1 0
130 54 -1 0
70 134 -1 0
25 328 -1 0
57 118 -1 0
279 86 -1 0
380 277 -1 0
17 36 -1 0
267 94 -1 0
199 44 -1 0
118 341 -1 0
141 158 -1 0
278 270 -1 0
108 180 -1 0
176 344 -1 0
277 255 -1 0
87 307 -1 0
300 214 -1 0
369 20 -1 0
204 365 -1 0
361 261 -1 0
296 366 -1 0
209 239 -1 0
347 19 -1 0
107 331 -1 0
111 103 -1 0
109 283 -1 0
129 325 -1 0
7 199 -1 0
216 370 -1 0
106 304 -1 0
353 270 -1 0
51 250 -1 0
249 12 -1 0
290 73 -1 0
303 199 -1 0
87 269 -1 0
292 321 -1 0
251 294 -1 0
359 78 -1 0
310 255 -1 0
70 222 -1 0
336 385 -1 0
298 391 -1 0
58 258 -1 0
270 345 -1 0
236 363 -1 0
179 360 -1 0
205 376 -1 0
393 18 -1 0
292 71 -1 0
100 150 -1 0
298 69 -1 0
320 373 -1 0
101 352 -1 0
86 243 -1 0
215 360 -1 0
119 41 -1 0
44 230 -1 0
214 315 -1 0
21 315 -1 0
113 304 -1 0
37 328 -1 0
344 142 -1 0
75 335 -1 0
160 320 -1 0
328 13 -1 0
32 126 -1 0
69 84 -1 0
164 39 -1 0
192 368 -1 0
209 87 -1 0
304 383 -1 0
2 203 -1 0
104 142 -1 0
112 368 -1 0
330 358 -1 0
65 139 -1 0
344 59 -1 0
377 71 -1 0
26 140 -1 0
120 53 -1 0
60 308 -1 0
311 18 -1 0
56 123 -1 0
100 137 -1 0
278 98 -1 0
321 209 -1 0
359 137 -1 0
2 286 -1 0
142 13 -1 0
194 338 -1 0
199 328 -1 0
347 171 -1 0
174 287 -1 0
84 126 -1 0
117 110 -1 0
332 236 -1 0
218 374 -1 0
245 237 -1 0
260 141 -1 0
336 324 -1 0
270 351 -1 0
7 290 -1 0
235 5 -1 0
263 82 -1 0
367 67 -1 0
74 237 -1 0
356 148 -1 0
281 33 -1 0
158 123 -1 0
216 269 -1 0
94 223 -1 0
337 341 -1 0
165 380 -1 0
390 212 -1 0
54 331 -1 0
334 101 -1 0
398 38 -1 0
290 37 -1 0
133 306 -1 0
158 242 -1 0
148 9 -1 0
316 216 -1 0
140 369 -1 0
129 249 -1 0
44 314 -1 0
10 311 -1 0
173 106 -1 0
35 392 -1 0
222 70 -1 0
369 284 -1 0
75 396 -1 0
192 261 -1 0
295 128 -1 0
234 234 -1 0
238 298 -1 0
305 233 -1 0
206 333 -1 0
119 151 -1 0
41 191 -1 0
119 18 -1 0
265 21 -1 0
207 229 -1 0
365 328 -1 0
343 190 -1 0
388 125 -1 0
217 217 -1 0
38 274 -1 0
189 75 -1 0
154 2 -1 0
323 59 -1 0
342 199 -1 0
170 388 -1 0
287 141 -1 0
142 298 -1 0
327 266 -1 0
67 167 -1 0
81 155 -1 0
55 264 -1 0
22 71 -1 0
197 235 -1 0
31 22 -1 0
109 373 -1 0
16 71 -1 0
171 276 -1 0
52 360 -1 0
103 120 -1 0
341 183 -1 0
1 235 -1 0
64 397 -1 0
120 284 -1 0
8 349 -1 0
108 325 -1 0
342 394 -1 0
340 298 -1 0
301 97 -1 0
386 251 -1 0
363 331 -1 0
171 274 -1 0
292 20 -1 0
237 25 -1 0
219 39 -1 0
25 287 -1 0
318 362 -1 0
72 352 -1 0
58 57 -1 0
62 36 -1 0
360 328 -1 0
340 301 -1 0
225 296 -1 0
338 73 -1 0
264 36 -1 0
77 46 -1 0
398 300 -1 0
198 393 -1 0
291 333 -1 0
52 25 -1 0
39 51 -1 0
70 213 -1 0
287 391 -1 0
117 88 -1 0
163 145 -1 0
8 40 -1 0
396 129 -1 0
391 193 -1 0
386 358 -1 0
351 216 -1 0
185 73 -1 0
110 157 -1 0
111 200 -1 0
384 379 -1 0
142 355 -1 0
310 270 -1 0
248 217 -1 0
24 364 -1 0
270 215 -1 0
11 123 -1 0
379 341 -1 0
381 110 -1 0
313 294 -1 0
310 223 -1 0
349 212 -1 0
99 92 -1 0
372 75 -1 0
5 317 -1 0
191 145 -1 0
155 349 -1 0
293 183 -1 0
143 297 -1 0
192 274 -1 0
103 396 -1 0
244 82 -1 0
371 238 -1 0
270 244 -1 0
225 223 -1 0
358 145 -1 0
95 46 -1 0
306 202 -1 0
280 70 -1 0
4 148 -1 0
48 96 -1 0
300 378 -1 0
101 386 -1 0
217 73 -1 0
191 238 -1 0
91 114 -1 0
32 4 -1 0
317 225 -1 0
13 134 -1 0
179 331 -1 0
208 298 -1 0
32 128 -1 0
139 237 -1 0
131 333 -1 0
326 26 -1 0
319 39 -1 0
218 295 -1 0
77 125 -1 0
299 16 -1 0
233 100 -1 0
313 384 -1 0
61 66 -1 0
339 300 -1 0
16 395 -1 0
253 17 -1 0
191 399 -1 0
86 3 -1 0
147 229 -1 0
81 56 -1 0
54 167 -1 0
258 88 -1 0
204 36 -1 0
297 332 -1 0
131 377 -1 0
138 275 -1 0
38 175 -1 0
372 49 -1 0
299 230 -1 0
45 241 -1 0
45 79 -1 0
352 341 -1 0
123 317 -1 0
384 55 -1 0
75 15 -1 0
98 136 -1 0
255 398 -1 0
250 93 -1 0
85 302 -1 0
7 114 -1 0
102 276 -1 0
5 122 -1 0
355 162 -1 0
307 180 -1 0
338 98 -1 0
330 210 -1 0
232 130 -1 0
332 136 -1 0
355 22 -1 0
84 158 -1 0
105 325 -1 0
115 98 -1 0
111 301 -1 0
67 272 -1 0
119 359 -1 0
282 264 -1 0
348 41 -1 0
100 347 -1 0
270 36 -1 0
209 391 -1 0
183 108 -1 0
127 19 -1 0
65 369 -1 0
198 326 -1 0
393 229 -1 0
17 56 -1 0
42 150 -1 0
253 385 -1 0
151 348 -1 0
57 201 -1 0
184 10 -1 0
32 195 -1 0
135 347 -1 0
153 313 -1 0
164 106 -1 0
14 162 -1 0
34 303 -1 0
33 221 -1 0
35 185 -1 0
249 87 -1 0
318 290 -1 0
37 335 -1 0
204 219 -1 0
6 21 -1 0
19 348 -1 0
347 8 -1 0
126 112 -1 0
80 33 -1 0
53 28 -1 0
141 328 -1 0
226 280 -1 0
177 338 -1 0
87 386 -1 0
316 24 -1 0
230 0 -1 0
250 286 -1 0
390 2 -1 0
222 107 -1 0
202 370 -1 0
71 288 -1 0
382 208 -1 0
319 389 -1 0
335 276 -1 0
238 63 -1 0
119 121 -1 0
326 25 -1 0
155 260 -1 0
158 228 -1 0
344 223 -1 0
1 138 -1 0
100 327 -1 0
244 340 -1 0
243 78 -1 0
387 273 -1 0
319 35 -1 0
49 163 -1 0
97 291 -1 0
300 51 -1 0
261 114 -1 0
56 325 -1 0
292 116 -1 0
275 140 -1 0
379 57 -1 0
63 233 -1 0
64 327 -1 0
382 199 -1 0
96 159 -1 0
250 230 -1 0
288 49 -1 0
396 73 -1 0
272 45 -1 0
16 78 -1 0
309 123 -1 0
260 384 -1 0
264 148 -1 0
49 98 -1 0
170 109 -1 0
392 29 -1 0
384 294 -1 0
70 151 -1 0
369 9 -1 0
6 25 -1 0
128 372 -1 0
69 12 -1 0
52 331 -1 0
295 359 -1 0
110 246 -1 0
30 199 -1 0
145 324 -1 0
315 301 -1 0
318 37 -1 0
77 65 -1 0
243 102 -1 0
151 107 -1 0
94 55 -1 0
211 131 -1 0
38 301 -1 0
200 67 -1 0
51 1 -1 0
277 143 -1 0
225 146 -1 0
165 29 -1 0
64 325 -1 0
32 388 -1 0
67 247 -1 0
356 351 -1 0
355 252 -1 0
338 239 -1 0
148 109 -1 0
283 164 -1 0
265 225 -1 0
36 211 -1 0
87 310 -1 0
111 121 -1 0
206 34 -1 0
36 167 -1 0
114 342 -1 0
339 193 -1 0
280 89 -1 0
3 186 -1 0
318 78 -1 0
8 299 -1 0
393 116 -1 0
357 370 -1 0
244 396 -1 0
375 288 -1 0
158 373 -1 0
325 1 -1 0
114 352 -1 0
52 16 -1 0
330 246 -1 0
228 288 -1 0
82 27 -1 0
306 14 -1 0
294 275 -1 0
304 111 -1 0
1 243 -1 0
376 114 -1 0
80 80 -1 0
204 244 -1 0
252 235 -1 0
1 281 -1 0
253 61 -1 0
243 379 -1 0
207 72 -1 0
89 109 -1 0
316 102 -1 0
262 74 -1 0
45 31 -1 0
381 301 -1 0
78 282 -1 0
89 348 -1 0
132 198 -1 0
387 34 -1 0
342 274 -1 0
146 76 -1 0
250 115 -1 0
154 279 -1 0
269 279 -1 0
294 396 -1 0
237 351 -1 0
117 70 -1 0
268 7 -1 0
94 159 -1 0
27 195 -1 0
281 258 -1 0
350 296 -1 0
365 337 -1 0
81 58 -1 0
329 80 -1 0
140 281 -1 0
101 224 -1 0
5 37 -1 0
245 13 -1 0
306 16 -1 0
74 341 -1 0
156 212 -1 0
99 331 -1 0
85 237 -1 0
163 298 -1 0
128 172 -1 0
116 245 -1 0
282 362 -1 0
185 251 -1 0
385 239 -1 0
129 341 -1 0
54 328 -1 0
313 286 -1 0
106 30 -1 0
375 204 -1 0
57 11 -1 0
116 297 -1 0
256 279 -1 0
122 47 -1 0
108 11 -1 0
185 226 -1 0
40 171 -1 0
272 34 -1 0
19 7 -1 0
382 178 -1 0
241 315 -1 0
89 385 -1 0
294 217 -1 0
170 277 -1 0
239 386 -1 0
317 163 -1 0
63 282 -1 0
379 21 -1 0
177 131 -1 0
32 313 -1 0
104 357 -1 0
198 356 -1 0
378 45 -1 0
129 211 -1 0
365 111 -1 0
236 377 -1 0
124 99 -1 0
12 236 -1 0
142 108 -1 0
254 141 -1 0
116 6 -1 0
380 304 -1 0
128 389 -1 0
398 215 -1 0
156 275 -1 0
49 129 -1 0
160 91 -1 0
48 145 -1 0
117 123 -1 0
316 250 -1 0
348 114 -1 0
366 97 -1 0
319 276 -1 0
290 391 -1 0
135 70 -1 0
115 144 -1 0
349 264 -1 0
68 95 -1 0
224 219 -1 0
367 137 -1 0
321 184 -1 0
267 22 -1 0
344 328 -1 0
399 110 -1 0
377 183 -1 0
98 217 -1 0
187 341 -1 0
291 137 -1 0
154 367 -1 0
285 119 -1 0
171 334 -1 0
11 51 -1 0
41 195 -1 0
21 344 -1 0
383 150 -1 0
114 296 -1 0
57 396 -1 0
231 371 -1 0
84 315 -1 0
63 35 -1 0
83 172 -1 0
200 261 -1 0
174 236 -1 0
309 126 -1 0
139 38 -1 0
344 260 -1 0
226 43 -1 0
196 14 -1 0
171 237 -1 0
45 25 -1 0
168 245 -1 0
58 280 -1 0
271 189 -1 0
292 94 -1 0
251 337 -1 0
147 352 -1 0
192 222 -1 0
29 71 -1 0
34 115 -1 0
245 157 -1 0
75 292 -1 0
264 394 -1 0
305 271 -1 0
332 132 -1 0
2 122 -1 0
282 117 -1 0
313 128 -1 0
306 370 -1 0
120 261 -1 0
36 364 -1 0
399 234 -1 0
258 42 -1 0
146 352 -1 0
329 32 -1 0
343 360 -1 0
153 361 -1 0
290 304 -1 0
37 192 -1 0
79 96 -1 0
302 342 -1 0
250 117 -1 0
131 177 -1 0
66 302 -1 0
142 390 -1 0
113 286 -1 0
383 38 -1 0
21 283 -1 0
184 58 -1 0
395 185 -1 0
331 170 -1 0
323 196 -1 0
0 285 -1 0
293 124 -1 0
85 236 -1 0
46 45 -1 0
370 120 -1 0
200 97 -1 0
228 69 -1 0
317 96 -1 0
41 351 -1 0
290 97 -1 0
376 366 -1 0
390 149 -1 0
158 44 -1 0
317 141 -1 0
159 264 -1 0
46 26 -1 0
291 96 -1 0
127 110 -1 0
90 207 -1 0
303 205 -1 0
105 25 -1 0
233 4 -1 0
257 321 -1 0
232 67 -1 0
28 240 -1 0
99 391 -1 0
6 22 -1 0
144 97 -1 0
354 395 -1 0
161 143 -1 0
144 227 -1 0
67 132 -1 0
38 43 -1 0
48 368 -1 0
83 364 -1 0
47 62 -1 0
228 98 -1 0
174 118 -1 0
387 234 -1 0
198 113 -1 0
220 322 -1 0
334 84 -1 0
240 63 -1 0
125 225 -1 0
140 213 -1 0
42 363 -1 0
69 53 -1 0
128 393 -1 0
6 330 -1 0
311 232 -1 0
185 378 -1 0
354 199 -1 0
15 310 -1 0
335 2 -1 0
115 379 -1 0
366 266 -1 0
27 96 -1 0
211 377 -1 0
286 324 -1 0
333 192 -1 0
95 156 -1 0
269 222 -1 0
51 228 -1 0
27 244 -1 0
281 131 -1 0
140 303 -1 0
136 396 -1 0
240 18 -1 0
343 202 -1 0
56 140 -1 0
128 96 -1 0
91 184 -1 0
125 158 -1 0
178 19 -1 0
321 202 -1 0
196 293 -1 0
274 122 -1 0
280 299 -1 0
133 162 -1 0
373 396 -1 0
358 350 -1 0
273 338 -1 0
72 101 -1 0
112 69 -1 0
216 345 -1 0
27 18 -1 0
6 162 -1 0
287 334 -1 0
26 147 -1 0
362 379 -1 0
107 99 -1 0
282 181 -1 0
351 173 -1 0
58 263 -1 0
356 15 -1 0
90 335 -1 0
312 156 -1 0
316 382 -1 0
112 103 -1 0
197 397 -1 0
255 36 -1 0
109 130 -1 0
55 337 -1 0
250 210 -1 0
358 241 -1 0
371 316 -1 0
228 315 -1 0
44 293 -1 0
282 304 -1 0
297 266 -1 0
317 12 -1 0
378 49 -1 0
21 262 -1 0
213 103 -1 0
366 34 -1 0
235 13 -1 0
274 304 -1 0
123 172 -1 0
245 388 -1 0
183 363 -1 0
127 35 -1 0
371 197 -1 0
112 364 -1 0
193 25 -1 0
192 115 -1 0
220 302 -1 0
119 318 -1 0
323 283 -1 0
202 303 -1 0
245 45 -1 0
311 166 -1 0
233 63 -1 0
268 351 -1 0
269 190 -1 0
197 332 -1 0
396 290 -1 0
291 302 -1 0
184 25 -1 0
67 306 -1 0
192 12 -1 0
314 117 -1 0
338 365 -1 0
209 215 -1 0
202 315 -1 0
304 203 -1 0
326 16 -1 0
27 364 -1 0
200 131 -1 0
157 387 -1 0
348 240 -1 0
287 299 -1 0
58 109 -1 0
272 75 -1 0
243 84 -1 0
175 9 -1 0
268 242 -1 0
240 33 -1 0
174 122 -1 0
318 122 -1 0
380 127 -1 0
379 126 -1 0
183 383 -1 0
94 144 -1 0
323 158 -1 0
314 141 -1 0
36 358 -1 0
101 72 -1 0
87 102 -1 0
246 104 -1 0
371 131 -1 0
114 12 -1 0
70 325 -1 0
231 102 -1 0
277 125 -1 0
389 89 -1 0
326 300 -1 0
216 40 -1 0
90 370 -1 0
326 14 -1 0
372 96 -1 0
35 99 -1 0
12 243 -1 0
332 363 -1 0
203 27 -1 0
116 5 -1 0
86 130 -1 0
10 246 -1 0
288 174 -1 0
254 66 -1 0
103 309 -1 0
48 216 -1 0
219 325 -1 0
259 210 -1 0
344 41 -1 0
399 60 -1 0
278 213 -1 0
370 127 -1 0
353 195 -1 0
106 388 -1 0
8 273 -1 0
273 283 -1 0
298 157 -1 0
191 282 -1 0
229 56 -1 0
235 243 -1 0
308 84 -1 0
138 367 -1 0
382 355 -1 0
267 318 -1 0
52 111 -1 0
391 48 -1 0
342 128 -1 0
105 296 -1 0
217 270 -1 0
132 89 -1 0
89 373 -1 0
171 46 -1 0
287 223 -1 0
396 198 -1 0
354 227 -1 0
240 14 -1 0
30 294 -1 0
146 128 -1 0
74 164 -1 0
238 353 -1 0
287 15 -1 0
43 80 -1 0
234 99 -1 0
268 230 -1 0
347 20 -1 0
330 335 -1 0
340 37 -1 0
144 135 -1 0
30 261 -1 0
385 183 -1 0
270 180 -1 0
373 284 -1 0
278 113 -1 0
282 130 -1 0
246 150 -1 0
35 133 -1 0
384 204 -1 0
287 98 -1 0
259 139 -1 0
93 269 -1 0
54 205 -1 0
375 67 -1 0
316 181 -1 0
78 271 -1 0
25 284 -1 0
3 75 -1 0
148 227 -1 0
356 146 -1 0
327 151 -1 0
256 11 -1 0
340 74 -1 0
375 112 -1 0
92 281 -1 0
351 69 -1 0
388 84 -1 0
127 382 -1 0
37 358 -1 0
108 215 -1 0
143 123 -1 0
53 146 -1 0
265 339 -1 0
388 336 -1 0
284 156 -1 0
294 104 -1 0
121 48 -1 0
37 174 -1 0
82 61 -1 0
201 338 -1 0
191 288 -1 0
19 204 -1 0
206 346 -1 0
0 97 -1 0
158 381 -1 0
136 380 -1 0
115 386 -1 0
9 203 -1 0
42 290 -1 0
390 364 -1 0
56 3 -1 0
273 161 -1 0
278 221 -1 0
397 33 -1 0
74 17 -1 0
354 203 -1 0
4 312 -1 0
249 99 -1 0
281 385 -1 0
294 370 -1 0
199 288 -1 0
154 19 -1 0
306 77 -1 0
28 49 -1 0
391 6 -1 0
295 188 -1 0
42 109 -1 0
394 382 -1 0
284 56 -1 0
81 191 -1 0
72 1 -1 0
163 121 -1 0
338 207 -1 0
100 332 -1 0
228 38 -1 0
129 176 -1 0
70 29 -1 0
33 6 -1 0
99 71 -1 0
245 386 -1 0
175 34 -1 0
23 126 -1 0
370 313 -1 0
3 55 -1 0
153 217 -1 0
176 221 -1 0
83 376 -1 0
129 172 -1 0
149 137 -1 0
349 15 -1 0
290 292 -1 0
61 384 -1 0
377 384 -1 0
289 364 -1 0
15 101 -1 0
183 253 -1 0
325 202 -1 0
258 311 -1 0
376 304 -1 0
309 106 -1 0
107 355 -1 0
305 302 -1 0
259 92 -1 0
342 241 -1 0
309 383 -1 0
139 8 -1 0
282 121 -1 0
288 369 -1 0
30 329 -1 0
357 309 -1 0
170 36 -1 0
240 37 -1 0
41 293 -1 0
249 160 -1 0
279 336 -1 0
116 129 -1 0
15 300 -1 0
29 209 -1 0
208 253 -1 0
74 8 -1 0
136 54 -1 0
374 238 -1 0
388 76 -1 0
115 215 -1 0
378 333 -1 0
270 141 -1 0
79 2 -1 0
93 320 -1 0
65 303 -1 0
355 147 -1 0
155 121 -1 0
326 178 -1 0
368 125 -1 0
293 396 -1 0
117 176 -1 0
66 5 -1 0
296 156 -1 0
299 40 -1 0
115 301 -1 0
258 260 -1 0
105 123 -1 0
58 140 -1 0
320 114 -1 0
318 246 -1 0
170 273 -1 0
6 12 -1 0
321 162 -1 0
347 104 -1 0
331 100 -1 0
3 212 -1 0
221 219 -1 0
58 157 -1 0
70 275 -1 0
266 170 -1 0
299 78 -1 0
170 52 -1 0
341 177 -1 0
194 107 -1 0
319 219 -1 0
306 17 -1 0
307 49 -1 0
103 274 -1 0
67 70 -1 0
107 57 -1 0
221 101 -1 0
49 53 -1 0
30 106 -1 0
146 196 -1 0
399 274 -1 0
148 348 -1 0
164 132 -1 0
188 43 -1 0
59 71 -1 0
199 260 -1 0
121 94 -1 0
338 373 -1 0
331 316 -1 0
103 173 -1 0
93 13 -1 0
201 332 -1 0
36 119 -1 0
110 211 -1 0
280 290 -1 0
250 333 -1 0
233 9 -1 0
272 125 -1 0
250 207 -1 0
382 106 -1 0
244 52 -1 0
61 299 -1 0
168 299 -1 0
19 189 -1 0
283 157 -1 0
290 26 -1 0
135 116 -1 0
179 127 -1 0
54 338 -1 0
126 269 -1 0
34 268 -1 0
65 33 -1 0
341 175 -1 0
199 56 -1 0
339 219 -1 0
318 386 -1 0
1 258 -1 0
142 276 -1 0
260 35 -1 0
301 96 -1 0
223 46 -1 0
23 364 -1 0
76 190 -1 0
201 248 -1 0
275 237 -1 0
272 90 -1 0
12 311 -1 0
381 335 -1 0
385 74 -1 0
359 141 -1 0
311 262 -1 0
360 338 -1 0
263 371 -1 0
304 80 -1 0
294 36 -1 0
341 291 -1 0
319 211 -1 0
24 370 -1 0
377 238 -1 0
377 182 -1 0
255 289 -1 0
156 82 -1 0
184 141 -1 0
237 65 -1 0
147 380 -1 0
182 138 -1 0
302 8 -1 0
197 291 -1 0
377 48 -1 0
71 380 -1 0
231 364 -1 0
63 117 -1 0
324 220 -1 0
361 206 -1 0
68 392 -1 0
293 187 -1 0
375 212 -1 0
394 334 -1 0
331 68 -1 0
49 397 -1 0
66 280 -1 0
60 28 -1 0
164 282 -1 0
6 294 -1 0
32 265 -1 0
254 57 -1 0
16 203 -1 0
0 231 -1 0
357 255 -1 0
317 158 -1 0
74 192 -1 0
42 247 -1 0
204 368 -1 0
307 246 -1 0
271 22 -1 0
131 335 -1 0
14 25 -1 0
133 29 -1 0
259 312 -1 0
376 222 -1 0
339 71 -1 0
290 380 -1 0
124 87 -1 0
162 356 -1 0
255 73 -1 0
218 380 -1 0
341 284 -1 0
314 302 -1 0
35 344 -1 0
209 4 -1 0
296 206 -1 0
280 373 -1 0
303 210 -1 0
233 363 -1 0
386 113 -1 0
281 6 -1 0
124 216 -1 0
129 365 -1 0
335 244 -1 0
232 75 -1 0
32 168 -1 0
349 363 -1 0
156 229 -1 0
345 325 -1 0
175 52 -1 0
127 66 -1 0
93 31 -1 0
111 397 -1 0
378 60 -1 0
31 178 -1 0
124 232 -1 0
374 83 -1 0
326 391 -1 0
389 15 -1 0
368 66 -1 0
75 92 -1 0
101 277 -1 0
369 242 -1 0
188 249 -1 0
32 189 -1 0
12 341 -1 0
237 38 -1 0
84 17 -1 0
236 283 -1 0
78 83 -1 0
276 320 -1 0
115 212 -1 0
391 307 -1 0
207 253 -1 0
186 392 -1 0
393 92 -1 0
75 258 -1 0
214 220 -1 0
343 169 -1 0
68 122 -1 0
369 6 -1 0
324 134 -1 0
201 283 -1 0
383 192 -1 0
98 132 -1 0
142 39 -1 0
103 17 -1 0
367 291 -1 0
105 84 -1 0
164 294 -1 0
19 135 -1 0
52 306 -1 0
101 190 -1 0
83 362 -1 0
300 112 -1 0
200 226 -1 0
91 199 -1 0
218 343 -1 0
122 374 -1 0
305 376 -1 0
194 241 -1 0
311 73 -1 0
229 288 -1 0
373 52 -1 0
93 264 -1 0
368 319 -1 0
61 76 -1 0
153 353 -1 0
137 56 -1 0
157 272 -1 0
299 222 -1 0
243 126 -1 0
338 355 -1 0
185 239 -1 0
29 67 -1 0
101 222 -1 0
54 4 -1 0
153 47 -1 0
314 351 -1 0
311 251 -1 0
350 317 -1 0
285 176 -1 0
385 26 -1 0
284 143 -1 0
340 171 -1 0
343 269 -1 0
333 172 -1 0
385 85 -1 0
83 244 -1 0
40 211 -1 0
145 58 -1 0
215 38 -1 0
77 335 -1 0
140 8 -1 0
63 8 -1 0
325 318 -1 0
356 234 -1 0
49 363 -1 0
253 20 -1 0
317 3 -1 0
157 24 -1 0
212 274 -1 0
95 393 -1 0
145 351 -1 0
301 262 -1 0
351 95 -1 0
194 66 -1 0
29 42 -1 0
333 118 -1 0
18 383 -1 0
378 7 -1 0
172 66 -1 0
196 224 -1 0
111 386 -1 0
255 301 -1 0
149 39 -1 0
239 85 -1 0
64 21 -1 0
304 173 -1 0
226 386 -1 0
360 335 -1 0
160 216 -1 0
357 70 -1 0
86 165 -1 0
119 396 -1 0
231 214 -1 0
90 124 -1 0
89 162 -1 0
123 125 -1 0
339 319 -1 0
339 297 -1 0
130 271 -1 0
289 154 -1 0
297 156 -1 0
235 255 -1 0
273 232 -1 0
41 205 -1 0
208 65 -1 0
32 227 -1 0
110 30 -1 0
5 222 -1 0
274 255 -1 0
219 120 -1 0
73 14 -1 0
231 393 -1 0
118 377 -1 0
156 316 -1 0
3 235 -1 0
338 356 -1 0
324 361 -1 0
204 386 -1 0
41 175 -1 0
292 386 -1 0
307 90 -1 0
89 170 -1 0
40 369 -1 0
371 113 -1 0
196 84 -1 0
135 329 -1 0
184 267 -1 0
399 214 -1 0
185 142 -1 0
241 76 -1 0
64 121 -1 0
385 366 -1 0
315 151 -1 0
220 339 -1 0
242 287 -1 0
211 256 -1 0
40 128 -1 0
139 214 -1 0
37 41 -1 0
212 388 -1 0
125 3 -1 0
302 389 -1 0
217 298 -1 0
111 235 -1 0
182 256 -1 0
315 98 -1 0
311 272 -1 0
46 94 -1 0
182 131 -1 0
327 107 -1 0
27 289 -1 0
65 84 -1 0
274 319 -1 0
311 391 -1 0
118 135 -1 0
299 335 -1 0
149 198 -1 0
224 300 -1 0
312 58 -1 0
293 202 -1 0
147 371 -1 0
332 356 -1 0
383 93 -1 0
280 86 -1 0
207 57 -1 0
364 301 -1 0
336 108 -1 0
280 156 -1 0
315 115 -1 0
214 257 -1 0
377 394 -1 0
249 122 -1 0
152 73 -1 0
373 251 -1 0
291 151 -1 0
363 62 -1 0
319 379 -1 0
52 370 -1 0
271 39 -1 0
397 57 -1 0
38 383 -1 0
259 230 -1 0
1 81 -1 0
33 12 -1 0
35 283 -1 0
43 292 -1 0
366 218 -1 0
224 305 -1 0
306 137 -1 0
109 166 -1 0
121 259 -1 0
85 0 -1 0
34 237 -1 0
313 35 -1 0
60 54 -1 0
218 81 -1 0
116 163 -1 0
0 68 -1 0
324 237 -1 0
37 176 -1 0
332 208 -1 0
51 378 -1 0
142 380 -1 0
349 185 -1 0
378 225 -1 0
97 199 -1 0
360 125 -1 0
364 362 -1 0
165 209 -1 0
12 193 -1 0
310 267 -1 0
382 209 -1 0
254 155 -1 0
5 27 -1 0
47 45 -1 0
274 293 -1 0
352 391 -1 0
294 242 -1 0
318 257 -1 0
65 215 -1 0
386 376 -1 0
139 198 -1 0
396 365 -1 0
124 365 -1 0
264 287 -1 0
165 249 -1 0
30 31 -1 0
77 202 -1 0
252 219 -1 0
49 188 -1 0
287 377 -1 0
131 302 -1 0
386 13 -1 0
251 221 -1 0
117 183 -1 0
162 328 -1 0
122 334 -1 0
57 89 -1 0
122 306 -1 0
302 295 -1 0
181 329 -1 0
27 171 -1 0
137 124 -1 0
248 83 -1 0
390 390 -1 0
243 32 -1 0
31 168 -1 0
56 155 -1 0
139 19 -1 0
61 174 -1 0
371 298 -1 0
342 27 -1 0
227 245 -1 0
39 273 -1 0
333 226 -1 0
62 270 -1 0
236 248 -1 0
90 277 -1 0
58 123 -1 0
320 50 -1 0
73 364 -1 0
363 250 -1 0
136 58 -1 0
376 245 -1 0
114 173 -1 0
112 250 -1 0
7 107 -1 0
346 224 -1 0
232 127 -1 0
4 109 -1 0
217 93 -1 0
137 230 -1 0
332 386 -1 0
385 110 -1 0
380 41 -1 0
238 358 -1 0
26 261 -1 0
205 275 -1 0
71 177 -1 0
192 81 -1 0
201 299 -1 0
290 115 -1 0
273 77 -1 0
63 304 -1 0
396 347 -1 0
97 29 -1 0
386 347 -1 0
216 338 -1 0
134 259 -1 0
185 274 -1 0
339 374 -1 0
84 124 -1 0
243 275 -1 0
64 333 -1 0
318 392 -1 0
121 393 -1 0
201 300 -1 0
302 57 -1 0
252 161 -1 0
29 98 -1 0
143 310 -1 0
328 394 -1 0
375 160 -1 0
338 63 -1 0
266 25 -1 0
296 185 -1 0
59 63 -1 0
77 130 -1 0
185 281 -1 0
289 174 -1 0
374 157 -1 0
218 284 -1 0
236 369 -1 0
318 212 -1 0
314 170 -1 0
242 256 -1 0
281 115 -1 0
120 348 -1 0
130 155 -1 0
307 253 -1 0
6 14 -1 0
306 307 -1 0
396 31 -1 0
284 234 -1 0
360 292 -1 0
261 327 -1 0
11 215 -1 0
348 49 -1 0
131 11 -1 0
346 27 -1 0
398 32 -1 0
334 388 -1 0
22 23 -1 0
332 26 -1 0
58 143 -1 0
78 45 -1 0
206 70 -1 0
346 33 -1 0
43 50 -1 0
275 79 -1 0
195 109 -1 0
257 63 -1 0
371 327 -1 0
397 124 -1 0
90 327 -1 0
123 363 -1 0
214 271 -1 0
65 356 -1 0
330 63 -1 0
121 382 -1 0
5 99 -1 0
28 53 -1 0
169 397 -1 0
56 234 -1 0
376 381 -1 0
220 131 -1 0
351 21 -1 0
354 321 -1 0
185 331 -1 0
242 350 -1 0
204 6 -1 0
338 75 -1 0
334 116 -1 0
169 257 -1 0
48 398 -1 0
355 175 -1 0
133 46 -1 0
102 190 -1 0
280 38 -1 0
190 216 -1 0
268 365 -1 0
164 296 -1 0
340 139 -1 0
241 255 -1 0
248 40 -1 0
252 283 -1 0
41 172 -1 0
66 377 -1 0
48 128 -1 0
92 10 -1 0
300 154 -1 0
340 86 -1 0
332 315 -1 0
192 92 -1 0
63 317 -1 0
286 309 -1 0
273 155 -1 0
151 216 -1 0
215 222 -1 0
110 81 -1 0
60 112 -1 0
316 349 -1 0
390 292 -1 0
93 297 -1 0
20 84 -1 0
245 342 -1 0
375 213 -1 0
389 96 -1 0
94 219 -1 0
245 298 -1 0
182 135 -1 0
61 19 -1 0
354 342 -1 0
78 372 -1 0
377 158 -1 0
255 149 -1 0
215 394 -1 0
251 11 -1 0
359 298 -1 0
29 342 -1 0
175 324 -1 0
46 131 -1 0
138 177 -1 0
314 20 -1 0
132 189 -1 0
330 200 -1 0
131 244 -1 0
221 228 -1 0
223 120 -1 0
169 284 -1 0
386 361 -1 0
355 82 -1 0
39 179 -1 0
82 9 -1 0
120 373 -1 0
296 328 -1 0
148 368 -1 0
127 264 -1 0
298 110 -1 0
279 244 -1 0
252 88 -1 0
333 126 -1 0
48 78 -1 0
156 306 -1 0
377 93 -1 0
182 113 -1 0
29 310 -1 0
29 349 -1 0
291 192 -1 0
158 385 -1 0
43 246 -1 0
54 144 -1 0
226 242 -1 0
15 313 -1 0
284 210 -1 0
384 106 -1 0
259 36 -1 0
35 346 -1 0
77 248 -1 0
14 157 -1 0
139 241 -1 0
130 35 -1 0
255 83 -1 0
373 387 -1 0
300 26 -1 0
88 189 -1 0
269 264 -1 0
296 256 -1 0
357 133 -1 0
231 132 -1 0
340 147 -1 0
13 387 -1 0
13 59 -1 0
24 362 -1 0
9 323 -1 0
96 288 -1 0
399 2 -1 0
70 378 -1 0
86 178 -1 0
356 315 -1 0
360 126 -1 0
1 71 -1 0
187 316 -1 0
147 213 -1 0
110 95 -1 0
295 271 -1 0
14 109 -1 0
318 293 -1 0
9 308 -1 0
370 92 -1 0
9 317 -1 0
131 360 -1 0
142 378 -1 0
311 312 -1 0
327 329 -1 0
25 149 -1 0
181 339 -1 0
341 235 -1 0
264 205 -1 0
286 205 -1 0
263 269 -1 0
154 204 -1 0
108 116 -1 0
310 89 -1 0
37 388 -1 0
155 44 -1 0
286 162 -1 0
172 108 -1 0
120 250 -1 0
267 298 -1 0
295 60 -1 0
190 325 -1 0
178 17 -1 0
380 296 -1 0
108 387 -1 0
36 215 -1 0
223 70 -1 0
259 346 -1 0
145 21 -1 0
298 171 -1 0
312 383 -1 0
315 290 -1 0
365 39 -1 0
382 369 -1 0
363 59 -1 0
224 310 -1 0
349 45 -1 0
133 48 -1 0
156 243 -1 0
281 302 -1 0
383 218 -1 0
227 249 -1 0
113 37 -1 0
84 115 -1 0
157 220 -1 0
80 343 -1 0
300 339 -1 0
15 19 -1 0
166 213 -1 0
309 85 -1 0
123 27 -1 0
15 336 -1 0
200 93 -1 0
11 337 -1 0
329 247 -1 0
20 362 -1 0
38 148 -1 0
190 79 -1 0
232 60 -1 0
154 311 -1 0
300 167 -1 0
104 257 -1 0
316 312 -1 0
7 61 -1 0
19 32 -1 0
92 13 -1 0
159 96 -1 0
391 150 -1 0
221 254 -1 0
173 335 -1 0
292 152 -1 0
266 84 -1 0
328 366 -1 0
94 152 -1 0
159 209 -1 0
18 372 -1 0
358 8 -1 0
354 50 -1 0
348 103 -1 0
396 95 -1 0
271 44 -1 0
122 103 -1 0
6 243 -1 0
101 100 -1 0
88 256 -1 0
361 318 -1 0
186 219 -1 0
173 358 -1 0
320 79 -1 0
160 316 -1 0
179 72 -1 0
30 109 -1 0
275 89 -1 0
395 183 -1 0
1 153 -1 0
345 69 -1 0
194 65 -1 0
235 75 -1 0
150 49 -1 0
111 186 -1 0
10 158 -1 0
342 36 -1 0
320 381 -1 0
317 300 -1 0
312 32 -1 0
186 291 -1 0
265 390 -1 0
269 92 -1 0
384 26 -1 0
167 364 -1 0
256 91 -1 0
381 152 -1 0
150 262 -1 0
393 156 -1 0
48 62 -1 0
364 386 -1 0
243 50 -1 0
252 276 -1 0
314 294 -1 0
194 258 -1 0
332 214 -1 0
100 341 -1 0
294 295 -1 0
274 192 -1 0
311 168 -1 0
40 156 -1 0
55 229 -1 0
277 73 -1 0
56 65 -1 0
73 71 -1 0
72 89 -1 0
24 140 -1 0
207 394 -1 0
9 298 -1 0
224 127 -1 0
97 149 -1 0
361 52 -1 0
227 33 -1 0
311 305 -1 0
293 321 -1 0
70 291 -1 0
368 211 -1 0
308 354 -1 0
166 78 -1 0
292 78 -1 0
227 14 -1 0
111 349 -1 0
68 391 -1 0
16 137 -1 0
293 231 -1 0
19 232 -1 0
249 1 -1 0
194 271 -1 0
133 80 -1 0
199 333 -1 0
104 331 -1 0
239 294 -1 0
255 142 -1 0
253 234 -1 0
165 307 -1 0
300 245 -1 0
361 308 -1 0
335 308 -1 0
162 95 -1 0
61 280 -1 0
96 167 -1 0
69 388 -1 0
7 166 -1 0
6 2 -1 0
308 99 -1 0
72 228 -1 0
34 380 -1 0
16 129 -1 0
60 104 -1 0
269 396 -1 0
284 88 -1 0
58 161 -1 0
208 323 -1 0
75 393 -1 0
380 271 -1 0
363 112 -1 0
263 394 -1 0
214 306 -1 0
317 360 -1 0
333 363 -1 0
329 99 -1 0
252 385 -1 0
241 322 -1 0
37 85 -1 0
67 66 -1 0
165 295 -1 0
150 72 -1 0
169 269 -1 0
136 273 -1 0
74 1 -1 0
386 330 -1 0
161 22 -1 0
345 152 -1 0
45 305 -1 0
164 374 -1 0
305 253 -1 0
341 21 -1 0
7 298 -1 0
245 73 -1 0
126 84 -1 0
16 64 -1 0
101 81 -1 0
300 111 -1 0
80 248 -1 0
190 226 -1 0
203 391 -1 0
395 129 -1 0
16 167 -1 0
195 370 -1 0
244 253 -1 0
31 245 -1 0
205 326 -1 0
47 101 -1 0
363 298 -1 0
95 152 -1 0
141 48 -1 0
228 118 -1 0
189 60 -1 0
25 352 -1 0
284 44 -1 0
264 345 -1 0
139 268 -1 0
261 391 -1 0
21 307 -1 0
84 336 -1 0
364 25 -1 0
212 315 -1 0
92 74 -1 0
377 84 -1 0
132 285 -1 0
395 40 -1 0
268 389 -1 0
397 331 -1 0
311 258 -1 0
277 224 -1 0
162 304 -1 0
293 230 -1 0
111 177 -1 0
398 154 -1 0
116 199 -1 0
289 200 -1 0
374 186 -1 0
278 191 -1 0
181 235 -1 0
385 5 -1 0
175 284 -1 0
246 30 -1 0
81 303 -1 0
307 182 -1 0
146 135 -1 0
397 314 -1 0
260 205 -1 0
79 359 -1 0
177 330 -1 0
39 352 -1 0
366 399 -1 0
348 247 -1 0
134 188 -1 0
101 393 -1 0
273 251 -1 0
233 343 -1 0
372 8 -1 0
1 259 -1 0
205 253 -1 0
147 202 -1 0
282 137 -1 0
121 367 -1 0
110 22 -1 0
141 304 -1 0
360 219 -1 0
19 89 -1 0
118 356 -1 0
135 139 -1 0
31 341 -1 0
128 114 -1 0
363 280 -1 0
333 170 -1 0
178 5 -1 0
156 49 -1 0
368 137 -1 0
377 102 -1 0
105 69 -1 0
173 118 -1 0
368 65 -1 0
36 300 -1 0
303 359 -1 0
367 90 -1 0
298 287 -1 0
30 148 -1 0
229 129 -1 0
122 396 -1 0
121 87 -1 0
221 66 -1 0
226 68 -1 0
66 136 -1 0
69 128 -1 0
343 90 -1 0
192 104 -1 0
29 326 -1 0
26 171 -1 0
349 175 -1 0
312 77 -1 0
4 324 -1 0
56 41 -1 0
279 298 -1 0
357 235 -1 0
246 311 -1 0
270 90 -1 0
343 193 -1 0
291 162 -1 0
157 26 -1 0
101 56 -1 0
198 282 -1 0
156 329 -1 0
30 224 -1 0
111 283 -1 0
15 48 -1 0
139 144 -1 0
152 116 -1 0
298 93 -1 0
82 103 -1 0
372 146 -1 0
258 55 -1 0
79 319 -1 0
99 192 -1 0
272 313 -1 0
5 135 -1 0
392 299 -1 0
50 66 -1 0
23 332 -1 0
284 283 -1 0
389 63 -1 0
195 303 -1 0
29 291 -1 0
261 349 -1 0
146 71 -1 0
95 216 -1 0
337 123 -1 0
390 109 -1 0
228 149 -1 0
248 74 -1 0
286 106 -1 0
118 58 -1 0
129 319 -1 0
126 377 -1 0
282 398 -1 0
320 41 -1 0
10 229 -1 0
363 102 -1 0
365 292 -1 0
66 354 -1 0
319 84 -1 0
206 298 -1 0
324 42 -1 0
18 253 -1 0
71 141 -1 0
389 74 -1 0
31 146 -1 0
207 49 -1 0
8 132 -1 0
300 297 -1 0
64 242 -1 0
144 81 -1 0
168 217 -1 0
50 182 -1 0
264 198 -1 0
201 294 -1 0
92 17 -1 0
143 206 -1 0
180 139 -1 0
14 323 -1 0
372 253 -1 0
359 163 -1 0
238 242 -1 0
21 140 -1 0
224 282 -1 0
43 379 -1 0
214 367 -1 0
34 270 -1 0
73 310 -1 0
227 266 -1 0
377 168 -1 0
114 131 -1 0
362 113 -1 0
277 254 -1 0
141 307 -1 0
289 339 -1 0
365 72 -1 0
118 257 -1 0
59 180 -1 0
133 165 -1 0
218 357 -1 0
245 311 -1 0
288 298 -1 0
70 261 -1 0
65 288 -1 0
359 326 -1 0
369 318 -1 0
313 22 -1 0
97 287 -1 0
384 190 -1 0
327 106 -1 0
25 355 -1 0
379 200 -1 0
99 187 -1 0
216 6 -1 0
14 387 -1 0
79 242 -1 0
79 19 -1 0
88 247 -1 0
82 257 -1 0
82 288 -1 0
40 86 -1 0
340 90 -1 0
139 240 -1 0
238 293 -1 0
95 25 -1 0
3 384 -1 0
83 162 -1 0
213 364 -1 0
76 192 -1 0
273 209 -1 0
327 196 -1 0
156 37 -1 0
60 392 -1 0
237 104 -1 0
362 169 -1 0
89 370 -1 0
288 207 -1 0
355 11 -1 0
243 212 -1 0
0 217 -1 0
285 202 -1 0
329 238 -1 0
214 40 -1 0
384 326 -1 0
391 70 -1 0
249 304 -1 0
88 370 -1 0
212 286 -1 0
317 63 -1 0
152 357 -1 0
41 289 -1 0
150 306 -1 0
149 86 -1 0
251 321 -1 0
373 168 -1 0
93 61 -1 0
232 270 -1 0
323 65 -1 0
63 263 -1 0
46 70 -1 0
67 121 -1 0
112 249 -1 0
25 69 -1 0
384 162 -1 0
233 220 -1 0
286 46 -1 0
237 307 -1 0
2 123 -1 0
370 142 -1 0
120 337 -1 0
275 373 -1 0
395 250 -1 0
268 170 -1 0
60 155 -1 0
144 85 -1 0
22 189 -1 0
89 34 -1 0
154 42 -1 0
178 131 -1 0
83 48 -1 0
360 374 -1 0
197 252 -1 0
360 342 -1 0
282 262 -1 0
329 249 -1 0
193 342 -1 0
358 318 -1 0
132 207 -1 0
110 76 -1 0
125 317 -1 0
372 252 -1 0
327 265 -1 0
156 219 -1 0
221 98 -1 0
72 361 -1 0
270 137 -1 0
97 231 -1 0
60 56 -1 0
293 73 -1 0
31 56 -1 0
372 23 -1 0
373 368 -1 0
17 58 -1 0
112 134 -1 0
224 18 -1 0
60 229 -1 0
128 89 -1 0
143 15 -1 0
272 385 -1 0
239 345 -1 0
74 370 -1 0
172 267 -1 0
42 211 -1 0
381 144 -1 0
261 82 -1 0
253 325 -1 0
60 385 -1 0
328 106 -1 0
314 77 -1 0
220 341 -1 0
213 59 -1 0
53 119 -1 0
117 13 -1 0
316 32 -1 0
312 247 -1 0
16 332 -1 0
58 368 -1 0
73 73 -1 0
1 175 -1 0
87 290 -1 0
61 311 -1 0
62 231 -1 0
107 29 -1 0
394 289 -1 0
369 33 -1 0
47 43 -1 0
40 148 -1 0
264 73 -1 0
270 136 -1 0
322 105 -1 0
24 146 -1 0
171 342 -1 0
303 180 -1 0
342 180 -1 0
45 195 -1 0
107 305 -1 0
329 282 -1 0
316 170 -1 0
176 398 -1 0
190 81 -1 0
78 356 -1 0
127 381 -1 0
337 221 -1 0
305 146 -1 0
268 222 -1 0
193 113 -1 0
89 317 -1 0
110 365 -1 0
394 47 -1 0
72 253 -1 0
10 373 -1 0
334 136 -1 0
305 334 -1 0
178 250 -1 0
131 385 -1 0
397 47 -1 0
73 330 -1 0
336 220 -1 0
399 283 -1 0
80 48 -1 0
115 344 -1 0
74 271 -1 0
258 35 -1 0
229 75 -1 0
398 380 -1 0
333 74 -1 0
58 108 -1 0
91 210 -1 0
237 71 -1 0
224 315 -1 0
181 117 -1 0
73 109 -1 0
268 382 -1 0
35 65 -1 0
345 23 -1 0
159 390 -1 0
267 174 -1 0
67 316 -1 0
301 150 -1 0
21 284 -1 0
381 230 -1 0
328 345 -1 0
260 362 -1 0
70 26 -1 0
260 218 -1 0
185 289 -1 0
358 58 -1 0
272 370 -1 0
9 332 -1 0
316 1 -1 0
248 22 -1 0
355 106 -1 0
173 44 -1 0
44 361 -1 0
32 333 -1 0
183 304 -1 0
118 370 -1 0
236 117 -1 0
24 17 -1 0
25 147 -1 0
347 357 -1 0
331 213 -1 0
46 114 -1 0
216 222 -1 0
122 283 -1 0
374 76 -1 0
111 15 -1 0
104 266 -1 0
383 378 -1 0
376 192 -1 0
55 392 -1 0
272 139 -1 0
230 218 -1 0
131 77 -1 0
230 13 -1 0
331 137 -1 0
77 167 -1 0
233 50 -1 0
63 166 -1 0
33 136 -1 0
107 256 -1 0
319 350 -1 0
389 345 -1 0
44 391 -1 0
347 262 -1 0
286 236 -1 0
214 30 -1 0
291 92 -1 0
379 384 -1 0
51 159 -1 0
150 322 -1 0
381 84 -1 0
120 154 -1 0
70 75 -1 0
285 374 -1 0
301 209 -1 0
247 36 -1 0
101 70 -1 0
69 130 -1 0
71 200 -1 0
116 71 -1 0
241 233 -1 0
325 52 -1 0
70 397 -1 0
29 81 -1 0
300 368 -1 0
379 213 -1 0
375 379 -1 0
337 183 -1 0
102 236 -1 0
66 15 -1 0
234 51 -1 0
179 250 -1 0
175 315 -1 0
206 142 -1 0
389 42 -1 0
151 397 -1 0
181 253 -1 0
324 61 -1 0
286 235 -1 0
190 277 -1 0
294 168 -1 0
364 184 -1 0
78 207 -1 0
103 213 -1 0
7 372 -1 0
27 9 -1 0
397 24 -1 0
72 347 -1 0
201 397 -1 0
374 114 -1 0
215 283 -1 0
239 107 -1 0
27 26 -1 0
136 333 -1 0
277 83 -1 0
35 317 -1 0
320 349 -1 0
318 44 -1 0
287 48 -1 0
272 160 -1 0
138 48 -1 0
395 139 -1 0
59 370 -1 0
77 164 -1 0
297 360 -1 0
59 246 -1 0
155 292 -1 0
7 388 -1 0
332 257 -1 0
381 229 -1 0
199 92 -1 0
343 194 -1 0
322 206 -1 0
103 323 -1 0
235 147 -1 0
103 38 -1 0
152 44 -1 0
279 141 -1 0
289 235 -1 0
277 348 -1 0
194 380 -1 0
110 241 -1 0
294 368 -1 0
398 70 -1 0
250 338 -1 0
76 340 -1 0
24 316 -1 0
17 381 -1 0
10 29 -1 0
296 381 -1 0
37 91 -1 0
169 219 -1 0
124 81 -1 0
266 202 -1 0
270 56 -1 0
263 309 -1 0
88 169 -1 0
310 60 -1 0
295 270 -1 0
125 102 -1 0
21 22 -1 0
102 230 -1 0
171 338 -1 0
76 141 -1 0
188 390 -1 0
394 348 -1 0
270 349 -1 0
67 125 -1 0
303 370 -1 0
52 314 -1 0
121 231 -1 0
28 2 -1 0
305 178 -1 0
37 186 -1 0
346 76 -1 0
154 202 -1 0
258 90 -1 0
374 338 -1 0
66 57 -1 0
320 297 -1 0
7 127 -1 0
17 10 -1 0
206 31 -1 0
150 229 -1 0
59 362 -1 0
380 273 -1 0
232 370 -1 0
235 14 -1 0
320 249 -1 0
299 1 -1 0
377 386 -1 0
224 235 -1 0
61 365 -1 0
53 366 -1 0
135 39 -1 0
329 148 -1 0
39 337 -1 0
130 374 -1 0
378 264 -1 0
361 19 -1 0
22 392 -1 0
254 269 -1 0
238 39 -1 0
220 242 -1 0
279 68 -1 0
210 367 -1 0
345 383 -1 0
160 329 -1 0
239 215 -1 0
182 97 -1 0
386 217 -1 0
173 302 -1 0
173 303 -1 0
167 229 -1 0
355 311 -1 0
89 81 -1 0
90 343 -1 0
174 147 -1 0
27 383 -1 0
69 290 -1 0
295 204 -1 0
349 62 -1 0
294 115 -1 0
333 35 -1 0
350 217 -1 0
137 143 -1 0
280 26 -1 0
361 130 -1 0
303 383 -1 0
173 121 -1 0
10 140 -1 0
125 226 -1 0
274 132 -1 0
331 265 -1 0
107 110 -1 0
19 184 -1 0
116 145 -1 0
178 231 -1 0
171 383 -1 0
42 178 -1 0
236 102 -1 0
272 124 -1 0
33 309 -1 0
194 148 -1 0
6 293 -1 0
246 369 -1 0
46 320 -1 0
137 367 -1 0
215 143 -1 0
63 256 -1 0
240 319 -1 0
334 167 -1 0
15 172 -1 0
117 156 -1 0
351 268 -1 0
331 135 -1 0
23 235 -1 0
231 239 -1 0
303 11 -1 0
165 344 -1 0
322 318 -1 0
46 39 -1 0
99 388 -1 0
68 73 -1 0
51 82 -1 0
241 121 -1 0
122 264 -1 0
198 48 -1 0
326 188 -1 0
344 237 -1 0
167 317 -1 0
46 151 -1 0
157 321 -1 0
80 144 -1 0
266 378 -1 0
47 384 -1 0
302 109 -1 0
88 201 -1 0
182 217 -1 0
332 203 -1 0
195 123 -1 0
26 387 -1 0
367 319 -1 0
208 64 -1 0
94 397 -1 0
303 321 -1 0
105 363 -1 0
359 234 -1 0
286 32 -1 0
291 375 -1 0
344 187 -1 0
281 122 -1 0
243 23 -1 0
367 152 -1 0
214 79 -1 0
293 16 -1 0
309 173 -1 0
376 393 -1 0
103 54 -1 0
268 215 -1 0
211 278 -1 0
380 326 -1 0
69 39 -1 0
51 302 -1 0
23 381 -1 0
119 339 -1 0
180 75 -1 0
82 46 -1 0
336 155 -1 0
43 251 -1 0
28 183 -1 0
276 43 -1 0
107 19 -1 0
275 40 -1 0
290 301 -1 0
328 37 -1 0
148 281 -1 0
241 368 -1 0
97 12 -1 0
384 352 -1 0
364 319 -1 0
326 77 -1 0
119 161 -1 0
275 247 -1 0
198 368 -1 0
131 100 -1 0
269 129 -1 0
160 135 -1 0
146 215 -1 0
376 20 -1 0
224 92 -1 0
275 136 -1 0
107 130 -1 0
158 121 -1 0
124 68 -1 0
142 342 -1 0
106 263 -1 0
14 51 -1 0
190 29 -1 0
296 66 -1 0
390 213 -1 0
132 163 -1 0
261 39 -1 0
172 78 -1 0
142 159 -1 0
229 37 -1 0
211 354 -1 0
50 81 -1 0
89 10 -1 0
356 273 -1 0
49 114 -1 0
31 74 -1 0
114 185 -1 0
148 238 -1 0
10 191 -1 0
216 81 -1 0
345 128 -1 0
217 22 -1 0
96 191 -1 0
371 370 -1 0
361 334 -1 0
35 192 -1 0
380 330 -1 0
338 188 -1 0
9 36 -1 0
313 353 -1 0
269 334 -1 0
67 65 -1 0
122 311 -1 0
131 261 -1 0
222 309 -1 0
162 355 -1 0
34 243 -1 0
180 80 -1 0
231 3 -1 0
161 0 -1 0
128 137 -1 0
17 25 -1 0
154 336 -1 0
341 272 -1 0
290 258 -1 0
78 230 -1 0
18 178 -1 0
118 119 -1 0
235 61 -1 0
86 214 -1 0
54 50 -1 0
240 102 -1 0
164 302 -1 0
39 146 -1 0
318 59 -1 0
48 229 -1 0
42 132 -1 0
287 329 -1 0
140 39 -1 0
272 303 -1 0
4 98 -1 0
240 161 -1 0
127 109 -1 0
250 98 -1 0
41 251 -1 0
291 197 -1 0
10 141 -1 0
171 244 -1 0
118 369 -1 0
299 18 -1 0
200 217 -1 0
30 10 -1 0
302 185 -1 0
298 285 -1 0
261 140 -1 0
195 330 -1 0
233 145 -1 0
96 225 -1 0
67 299 -1 0
50 231 -1 0
179 2 -1 0
373 294 -1 0
200 95 -1 0
237 109 -1 0
102 375 -1 0
48 265 -1 0
297 190 -1 0
283 83 -1 0
149 250 -1 0
362 72 -1 0
95 180 -1 0
128 347 -1 0
294 378 -1 0
110 386 -1 0
281 377 -1 0
69 348 -1 0
249 69 -1 0
88 149 -1 0
163 364 -1 0
57 177 -1 0
33 68 -1 0
75 264 -1 0
361 390 -1 0
10 52 -1 0
35 340 -1 0
366 391 -1 0
197 281 -1 0
334 151 -1 0
71 23 -1 0
198 328 -1 0
264 16 -1 0
195 66 -1 0
214 61 -1 0
338 66 -1 0
352 127 -1 0
241 32 -1 0
191 304 -1 0
36 45 -1 0
48 381 -1 0
144 301 -1 0
149 262 -1 0
7 79 -1 0
221 253 -1 0
47 83 -1 0
21 158 -1 0
205 139 -1 0
96 117 -1 0
9 186 -1 0
117 287 -1 0
365 300 -1 0
287 220 -1 0
314 206 -1 0
161 76 -1 0
281 301 -1 0
48 124 -1 0
254 97 -1 0
86 239 -1 0
80 296 -1 0
124 223 -1 0
1 150 -1 0
386 163 -1 0
71 35 -1 0
191 16 -1 0
33 327 -1 0
291 180 -1 0
318 220 -1 0
76 226 -1 0
232 328 -1 0
320 101 -1 0
350 342 -1 0
285 24 -1 0
280 55 -1 0
397 9 -1 0
288 63 -1 0
317 129 -1 0
239 328 -1 0
250 299 -1 0
317 263 -1 0
94 128 -1 0
85 13 -1 0
194 37 -1 0
85 310 -1 0
30 339 -1 0
298 170 -1 0
373 32 -1 0
78 0 -1 0
395 85 -1 0
12 20 -1 0
157 209 -1 0
244 25 -1 0
49 399 -1 0
358 218 -1 0
313 116 -1 0
95 58 -1 0
249 123 -1 0
181 36 -1 0
308 363 -1 0
346 349 -1 0
228 232 -1 0
236 54 -1 0
177 101 -1 0
68 355 -1 0
80 84 -1 0
136 200 -1 0
200 63 -1 0
165 320 -1 0
173 287 -1 0
190 300 -1 0
94 89 -1 0
394 121 -1 0
50 150 -1 0
297 160 -1 0
272 371 -1 0
383 327 -1 0
63 360 -1 0
37 332 -1 0
333 274 -1 0
61 315 -1 0
331 122 -1 0
22 134 -1 0
365 305 -1 0
182 271 -1 0
360 139 -1 0
203 19 -1 0
267 79 -1 0
324 164 -1 0
189 67 -1 0
69 184 -1 0
271 112 -1 0
312 120 -1 0
236 121 -1 0
388 386 -1 0
345 44 -1 0
225 292 -1 0
280 275 -1 0
48 36 -1 0
83 40 -1 0
104 212 -1 0
22 12 -1 0
250 395 -1 0
7 9 -1 0
332 392 -1 0
189 0 -1 0
25 264 -1 0
250 318 -1 0
307 276 -1 0
389 111 -1 0
85 205 -1 0
184 92 -1 0
374 225 -1 0
375 207 -1 0
41 164 -1 0
38 59 -1 0
369 66 -1 0
336 234 -1 0
132 332 -1 0
66 286 -1 0
177 42 -1 0
274 179 -1 0
70 268 -1 0
343 84 -1 0
79 352 -1 0
273 192 -1 0
283 102 -1 0
265 94 -1 0
196 316 -1 0
310 239 -1 0
149 52 -1 0
222 372 -1 0
172 26 -1 0
202 256 -1 0
258 388 -1 0
370 109 -1 0
185 370 -1 0
211 349 -1 0
233 251 -1 0
60 153 -1 0
346 163 -1 0
8 10 -1 0
174 58 -1 0
165 375 -1 0
39 73 -1 0
293 108 -1 0
170 395 -1 0
137 178 -1 0
70 148 -1 0
312 43 -1 0
367 43 -1 0
1 246 -1 0
125 310 -1 0
23 282 -1 0
202 52 -1 0
8 89 -1 0
373 334 -1 0
391 50 -1 0
48 319 -1 0
301 180 -1 0
237 127 -1 0
347 14 -1 0
339 2 -1 0
373 138 -1 0
263 63 -1 0
57 233 -1 0
30 343 -1 0
142 110 -1 0
72 326 -1 0
388 265 -1 0
32 83 -1 0
291 108 -1 0
244 157 -1 0
251 137 -1 0
337 238 -1 0
320 184 -1 0
349 97 -1 0
373 115 -1 0
334 109 -1 0
4 257 -1 0
78 261 -1 0
218 246 -1 0
80 91 -1 0
35 282 -1 0
339 181 -1 0
58 254 -1 0
12 195 -1 0
382 39 -1 0
369 305 -1 0
211 88 -1 0
286 306 -1 0
332 394 -1 0
99 299 -1 0
374 7 -1 0
319 387 -1 0
324 371 -1 0
236 336 -1 0
399 119 -1 0
72 367 -1 0
317 378 -1 0
372 362 -1 0
28 154 -1 0
13 397 -1 0
251 323 -1 0
345 126 -1 0
36 325 -1 0
179 256 -1 0
95 174 -1 0
388 199 -1 0
386 283 -1 0
68 223 -1 0
268 341 -1 0
141 122 -1 0
238 124 -1 0
271 340 -1 0
58 338 -1 0
321 371 -1 0
3 67 -1 0
396 174 -1 0
272 137 -1 0
50 248 -1 0
352 381 -1 0
286 348 -1 0
210 282 -1 0
339 152 -1 0
70 221 -1 0
328 8 -1 0
66 223 -1 0
278 276 -1 0
24 173 -1 0
283 152 -1 0
274 213 -1 0
41 387 -1 0
29 289 -1 0
286 121 -1 0
141 24 -1 0
376 253 -1 0
346 116 -1 0
354 96 -1 0
216 299 -1 0
37 248 -1 0
39 397 -1 0
125 378 -1 0
199 308 -1 0
314 282 -1 0
302 223 -1 0
112 222 -1 0
94 381 -1 0
368 76 -1 0
19 298 -1 0
62 362 -1 0
280 363 -1 0
270 272 -1 0
199 396 -1 0
275 107 -1 0
223 106 -1 0
266 52 -1 0
123 307 -1 0
205 104 -1 0
119 347 -1 0
55 49 -1 0
158 65 -1 0
31 270 -1 0
112 363 -1 0
281 93 -1 0
304 301 -1 0
125 343 -1 0
145 373 -1 0
394 311 -1 0
277 61 -1 0
56 75 -1 0
77 322 -1 0
18 124 -1 0
192 353 -1 0
203 7 -1 0
350 115 -1 0
89 268 -1 0
351 294 -1 0
167 265 -1 0
351 49 -1 0
388 269 -1 0
168 123 -1 0
338 34 -1 0
265 330 -1 0
317 47 -1 0
88 98 -1 0
399 172 -1 0
90 186 -1 0
325 156 -1 0
6 281 -1 0
28 130 -1 0
47 154 -1 0
93 262 -1 0
397 71 -1 0
85 162 -1 0
217 125 -1 0
11 361 -1 0
355 291 -1 0
116 209 -1 0
158 240 -1 0
349 289 -1 0
323 56 -1 0
343 229 -1 0
73 356 -1 0
117 154 -1 0
73 150 -1 0
399 296 -1 0
224 295 -1 0
77 139 -1 0
353 287 -1 0
172 376 -1 0
96 137 -1 0
373 114 -1 0
186 65 -1 0
72 267 -1 0
298 301 -1 0
129 218 -1 0
5 180 -1 0
108 393 -1 0
217 105 -1 0
98 301 -1 0
10 300 -1 0
216 355 -1 0
29 110 -1 0
70 178 -1 0
332 391 -1 0
118 15 -1 0
77 238 -1 0
356 337 -1 0
64 391 -1 0
33 274 -1 0
186 34 -1 0
141 67 -1 0
244 227 -1 0
96 130 -1 0
50 216 -1 0
180 377 -1 0
282 249 -1 0
15 191 -1 0
274 27 -1 0
122 244 -1 0
221 266 -1 0
83 267 -1 0
47 115 -1 0
295 184 -1 0
348 289 -1 0
154 292 -1 0
301 159 -1 0
120 121 -1 0
220 262 -1 0
305 366 -1 0
86 58 -1 0
295 149 -1 0
306 203 -1 0
285 256 -1 0
304 315 -1 0
358 57 -1 0
379 169 -1 0
17 49 -1 0
265 319 -1 0
21 183 -1 0
332 151 -1 0
236 23 -1 0
69 350 -1 0
308 106 -1 0
269 106 -1 0
393 393 -1 0
183 226 -1 0
351 0 -1 0
395 302 -1 0
118 259 -1 0
68 109 -1 0
8 172 -1 0
101 218 -1 0
221 367 -1 0
28 80 -1 0
228 80 -1 0
357 330 -1 0
35 318 -1 0
266 258 -1 0
329 301 -1 0
225 20 -1 0
47 253 -1 0
146 266 -1 0
164 318 -1 0
282 21 -1 0
67 130 -1 0
252 370 -1 0
19 19 -1 0
386 228 -1 0
314 129 -1 0
249 275 -1 0
163 366 -1 0
186 331 -1 0
48 58 -1 0
179 335 -1 0
385 188 -1 0
1 141 -1 0
139 298 -1 0
391 326 -1 0
204 327 -1 0
79 54 -1 0
104 392 -1 0
258 335 -1 0
75 71 -1 0
200 267 -1 0
249 218 -1 0
154 217 -1 0
72 153 -1 0
226 385 -1 0
372 186 -1 0
113 27 -1 0
248 247 -1 0
185 364 -1 0
102 122 -1 0
252 0 -1 0
5 365 -1 0
290 59 -1 0
92 45 -1 0
219 144 -1 0
171 11 -1 0
341 348 -1 0
109 96 -1 0
204 62 -1 0
394 78 -1 0
147 381 -1 0
86 227 -1 0
273 141 -1 0
81 62 -1 0
316 55 -1 0
348 378 -1 0
262 333 -1 0
64 196 -1 0
0 34 -1 0
206 378 -1 0
161 69 -1 0
315 47 -1 0
318 136 -1 0
42 50 -1 0
171 137 -1 0
91 170 -1 0
125 330 -1 0
180 220 -1 0
385 149 -1 0
343 217 -1 0
264 179 -1 0
329 200 -1 0
132 107 -1 0
93 213 -1 0
359 124 -1 0
16 312 -1 0
68 1 -1 0
47 354 -1 0
105 28 -1 0
364 373 -1 0
359 13 -1 0
132 61 -1 0
253 112 -1 0
42 93 -1 0
275 126 -1 0
192 94 -1 0
89 290 -1 0
121 218 -1 0
333 219 -1 0
25 129 -1 0
220 300 -1 0
19 349 -1 0
335 234 -1 0
85 340 -1 0
1 51 -1 0
220 286 -1 0
296 350 -1 0
116 93 -1 0
183 70 -1 0
294 178 -1 0
153 23 -1 0
299 159 -1 0
364 263 -1 0
110 68 -1 0
147 251 -1 0
156 338 -1 0
258 67 -1 0
252 100 -1 0
194 146 -1 0
76 38 -1 0
340 292 -1 0
115 357 -1 0
240 88 -1 0
359 45 -1 0
56 157 -1 0
230 374 -1 0
371 245 -1 0
270 78 -1 0
168 16 -1 0
88 310 -1 0
189 11 -1 0
212 305 -1 0
90 42 -1 0
137 155 -1 0
57 334 -1 0
96 141 -1 0
391 338 -1 0
250 112 -1 0
343 297 -1 0
31 296 -1 0
306 215 -1 0
268 238 -1 0
268 142 -1 0
210 340 -1 0
233 40 -1 0
397 60 -1 0
41 181 -1 0
142 96 -1 0
51 31 -1 0
359 62 -1 0
250 214 -1 0
302 222 -1 0
114 154 -1 0
25 251 -1 0
34 299 -1 0
86 338 -1 0
27 327 -1 0
360 36 -1 0
270 165 -1 0
310 226 -1 0
244 84 -1 0
341 115 -1 0
225 374 -1 0
173 52 -1 0
12 158 -1 0
131 27 -1 0
149 240 -1 0
13 379 -1 0
10 135 -1 0
85 390 -1 0
11 250 -1 0
23 391 -1 0
16 40 -1 0
202 359 -1 0
172 310 -1 0
9 350 -1 0
313 114 -1 0
176 307 -1 0
397 118 -1 0
71 112 -1 0
213 51 -1 0
26 96 -1 0
25 89 -1 0
50 42 -1 0
267 352 -1 0
123 203 -1 0
282 272 -1 0
290 264 -1 0
58 93 -1 0
199 381 -1 0
76 34 -1 0
42 196 -1 0
224 398 -1 0
76 17 -1 0
281 48 -1 0
296 98 -1 0
120 181 -1 0
10 189 -1 0
284 21 -1 0
30 215 -1 0
330 194 -1 0
281 70 -1 0
295 387 -1 0
367 76 -1 0
89 194 -1 0
342 105 -1 0
345 130 -1 0
295 351 -1 0
304 238 -1 0
80 303 -1 0
142 191 -1 0
261 37 -1 0
176 75 -1 0
289 92 -1 0
88 293 -1 0
348 379 -1 0
6 9 -1 0
88 129 -1 0
320 17 -1 0
390 276 -1 0
65 117 -1 0
399 61 -1 0
191 126 -1 0
363 49 -1 0
38 309 -1 0
232 150 -1 0
25 138 -1 0
237 143 -1 0
273 128 -1 0
358 74 -1 0
306 25 -1 0
308 188 -1 0
295 207 -1 0
194 372 -1 0
236 235 -1 0
195 245 -1 0
352 3 -1 0
292 157 -1 0
206 146 -1 0
232 237 -1 0
372 233 -1 0
59 248 -1 0
208 132 -1 0
199 121 -1 0
389 254 -1 0
320 150 -1 0
308 255 -1 0
126 354 -1 0
381 370 -1 0
103 290 -1 0
351 322 -1 0
236 143 -1 0
228 392 -1 0
89 389 -1 0
34 80 -1 0
324 8 -1 0
40 182 -1 0
208 299 -1 0
323 168 -1 0
330 77 -1 0
94 1 -1 0
9 38 -1 0
26 207 -1 0
113 320 -1 0
124 344 -1 0
391 345 -1 0
296 282 -1 0
242 360 -1 0
359 312 -1 0
334 39 -1 0
367 175 -1 0
166 233 -1 0
19 378 -1 0
215 314 -1 0
286 219 -1 0
323 294 -1 0
388 264 -1 0
336 298 -1 0
321 33 -1 0
97 213 -1 0
282 159 -1 0
138 144 -1 0
142 262 -1 0
355 350 -1 0
322 261 -1 0
289 295 -1 0
206 351 -1 0
387 189 -1 0
194 130 -1 0
316 80 -1 0
333 92 -1 0
375 363 -1 0
384 390 -1 0
212 343 -1 0
294 366 -1 0
397 75 -1 0
49 276 -1 0
383 67 -1 0
29 101 -1 0
242 382 -1 0
390 136 -1 0
356 56 -1 0
118 189 -1 0
146 276 -1 0
377 60 -1 0
1 151 -1 0
314 266 -1 0
97 355 -1 0
206 310 -1 0
332 35 -1 0
89 374 -1 0
54 157 -1 0
73 167 -1 0
218 214 -1 0
209 136 -1 0
239 319 -1 0
158 13 -1 0
299 4 -1 0
176 375 -1 0
119 212 -1 0
175 368 -1 0
342 162 -1 0
21 57 -1 0
397 390 -1 0
298 289 -1 0
117 305 -1 0
385 101 -1 0
142 232 -1 0
33 307 -1 0
344 292 -1 0
120 219 -1 0
209 274 -1 0
292 302 -1 0
260 151 -1 0
195 216 -1 0
105 227 -1 0
227 70 -1 0
27 249 -1 0
186 252 -1 0
253 96 -1 0
12 336 -1 0
124 349 -1 0
87 339 -1 0
43 88 -1 0
212 59 -1 0
137 243 -1 0
310 19 -1 0
367 6 -1 0
118 72 -1 0
395 334 -1 0
201 388 -1 0
89 269 -1 0
347 130 -1 0
119 112 -1 0
120 50 -1 0
368 242 -1 0
275 177 -1 0
99 19 -1 0
132 291 -1 0
34 104 -1 0
191 69 -1 0
121 253 -1 0
8 63 -1 0
278 220 -1 0
323 160 -1 0
335 351 -1 0
284 34 -1 0
115 358 -1 0
242 234 -1 0
142 48 -1 0
11 148 -1 0
65 239 -1 0
224 236 -1 0
319 394 -1 0
99 227 -1 0
127 6 -1 0
218 368 -1 0
210 1 -1 0
389 100 -1 0
126 394 -1 0
96 46 -1 0
94 209 -1 0
38 319 -1 0
361 65 -1 0
380 22 -1 0
205 280 -1 0
319 271 -1 0
307 54 -1 0
107 312 -1 0
10 48 -1 0
16 90 -1 0
277 242 -1 0
151 56 -1 0
229 355 -1 0
129 47 -1 0
346 120 -1 0
65 331 -1 0
347 297 -1 0
360 114 -1 0
100 286 -1 0
208 338 -1 0
307 292 -1 0
243 267 -1 0
27 63 -1 0
391 283 -1 0
101 7 -1 0
51 146 -1 0
20 132 -1 0
346 296 -1 0
148 11 -1 0
354 344 -1 0
307 29 -1 0
70 330 -1 0
25 121 -1 0
276 258 -1 0
94 160 -1 0
321 212 -1 0
185 82 -1 0
395 112 -1 0
147 245 -1 0
23 43 -1 0
9 321 -1 0
135 225 -1 0
145 121 -1 0
239 56 -1 0
138 326 -1 0
91 296 -1 0
323 137 -1 0
113 30 -1 0
289 391 -1 0
21 363 -1 0
164 246 -1 0
193 385 -1 0
315 181 -1 0
277 228 -1 0
253 366 -1 0
287 94 -1 0
370 96 -1 0
392 110 -1 0
205 342 -1 0
306 395 -1 0
18 311 -1 0
91 358 -1 0
16 62 -1 0
285 183 -1 0
166 252 -1 0
272 219 -1 0
288 341 -1 0
399 106 -1 0
323 1 -1 0
23 203 -1 0
91 340 -1 0
193 278 -1 0
160 241 -1 0
383 87 -1 0
161 233 -1 0
351 33 -1 0
49 92 -1 0
102 193 -1 0
332 252 -1 0
265 285 -1 0
71 42 -1 0
218 58 -1 0
370 11 -1 0
288 327 -1 0
320 71 -1 0
32 372 -1 0
212 3 -1 0
98 34 -1 0
289 366 -1 0
335 7 -1 0
278 52 -1 0
254 121 -1 0
25 18 -1 0
216 246 -1 0
146 57 -1 0
385 72 -1 0
284 287 -1 0
331 345 -1 0
75 185 -1 0
157 203 -1 0
207 18 -1 0
71 197 -1 0
65 371 -1 0
53 94 -1 0
46 126 -1 0
31 300 -1 0
15 87 -1 0
46 127 -1 0
376 276 -1 0
235 345 -1 0
338 195 -1 0
1 365 -1 0
187 92 -1 0
93 244 -1 0
392 122 -1 0
134 87 -1 0
113 99 -1 0
164 218 -1 0
76 337 -1 0
371 188 -1 0
30 314 -1 0
234 226 -1 0
75 169 -1 0
244 158 -1 0
12 127 -1 0
61 11 -1 0
369 200 -1 0
326 104 -1 0
350 209 -1 0
147 42 -1 0
188 0 -1 0
0 62 -1 0
177 345 -1 0
345 160 -1 0
297 42 -1 0
241 110 -1 0
253 0 -1 0
310 57 -1 0
321 161 -1 0
373 87 -1 0
352 150 -1 0
130 201 -1 0
85 115 -1 0
37 389 -1 0
384 78 -1 0
393 178 -1 0
280 282 -1 0
335 358 -1 0
34 23 -1 0
386 312 -1 0
293 146 -1 0
329 258 -1 0
227 42 -1 0
241 398 -1 0
175 19 -1 0
49 18 -1 0
91 119 -1 0
320 317 -1 0
89 213 -1 0
258 100 -1 0
65 182 -1 0
393 391 -1 0
399 24 -1 0
259 234 -1 0
346 93 -1 0
219 19 -1 0
268 15 -1 0
8 112 -1 0
117 39 -1 0
162 298 -1 0
213 382 -1 0
95 374 -1 0
269 13 -1 0
112 53 -1 0
57 170 -1 0
385 372 -1 0
359 211 -1 0
317 313 -1 0
346 380 -1 0
272 121 -1 0
196 265 -1 0
48 167 -1 0
349 38 -1 0
350 121 -1 0
349 230 -1 0
126 65 -1 0
260 70 -1 0
314 190 -1 0
353 316 -1 0
348 101 -1 0
300 360 -1 0
253 272 -1 0
84 327 -1 0
218 97 -1 0
313 273 -1 0
53 241 -1 0
369 395 -1 0
337 378 -1 0
395 193 -1 0
361 344 -1 0
36 173 -1 0
260 258 -1 0
189 315 -1 0
247 239 -1 0
235 318 -1 0
249 95 -1 0
258 230 -1 0
53 23 -1 0
32 108 -1 0
234 0 -1 0
8 350 -1 0
166 132 -1 0
125 59 -1 0
275 67 -1 0
24 123 -1 0
145 114 -1 0
43 92 -1 0
207 342 -1 0
98 114 -1 0
217 9 -1 0
301 265 -1 0
381 252 -1 0
332 241 -1 0
114 82 -1 0
271 299 -1 0
363 391 -1 0
192 218 -1 0
312 116 -1 0
128 363 -1 0
152 356 -1 0
64 124 -1 0
116 230 -1 0
288 89 -1 0
223 147 -1 0
291 358 -1 0
128 132 -1 0
238 108 -1 0
243 390 -1 0
326 222 -1 0
312 207 -1 0
155 303 -1 0
272 383 -1 0
196 382 -1 0
33 355 -1 0
336 163 -1 0
104 179 -1 0
10 131 -1 0
218 352 -1 0
234 258 -1 0
4 384 -1 0
101 181 -1 0
79 115 -1 0
297 6 -1 0
64 228 -1 0
37 77 -1 0
370 133 -1 0
255 25 -1 0
184 31 -1 0
186 139 -1 0
129 39 -1 0
115 51 -1 0
133 131 -1 0
347 204 -1 0
313 83 -1 0
313 365 -1 0
90 204 -1 0
69 150 -1 0
5 23 -1 0
242 243 -1 0
341 296 -1 0
378 283 -1 0
15 343 -1 0
84 397 -1 0
107 71 -1 0
339 235 -1 0
223 45 -1 0
92 52 -1 0
126 220 -1 0
282 157 -1 0
146 312 -1 0
55 113 -1 0
20 260 -1 0
272 397 -1 0
39 220 -1 0
259 324 -1 0
44 166 -1 0
148 290 -1 0
268 179 -1 0
216 130 -1 0
41 274 -1 0
151 32 -1 0
300 275 -1 0
248 71 -1 0
63 347 -1 0
351 354 -1 0
102 226 -1 0
371 104 -1 0
294 43 -1 0
115 152 -1 0
16 179 -1 0
314 241 -1 0
137 287 -1 0
56 114 -1 0
399 360 -1 0
87 342 -1 0
27 314 -1 0
354 132 -1 0
218 216 -1 0
4 342 -1 0
52 161 -1 0
298 90 -1 0
93 97 -1 0
337 272 -1 0
221 249 -1 0
155 358 -1 0
247 283 -1 0
231 154 -1 0
187 306 -1 0
122 11 -1 0
5 219 -1 0
9 275 -1 0
168 100 -1 0
351 212 -1 0
330 379 -1 0
287 1 -1 0
64 176 -1 0
36 344 -1 0
90 89 -1 0
354 253 -1 0
365 38 -1 0
226 89 -1 0
31 363 -1 0
279 18 -1 0
337 145 -1 0
97 322 -1 0
323 150 -1 0
313 298 -1 0
380 298 -1 0
366 346 -1 0
41 3 -1 0
354 311 -1 0
128 267 -1 0
319 288 -1 0
272 307 -1 0
123 274 -1 0
72 372 -1 0
295 41 -1 0
369 140 -1 0
239 18 -1 0
174 380 -1 0
139 142 -1 0
10 21 -1 0
48 14 -1 0
19 91 -1 0
230 330 -1 0
309 176 -1 0
233 369 -1 0
254 101 -1 0
298 322 -1 0
323 222 -1 0
223 228 -1 0
307 84 -1 0
159 32 -1 0
244 264 -1 0
223 319 -1 0
111 28 -1 0
257 159 -1 0
161 92 -1 0
375 389 -1 0
97 124 -1 0
19 188 -1 0
335 344 -1 0
344 392 -1 0
256 350 -1 0
121 201 -1 0
142 384 -1 0
136 313 -1 0
79 210 -1 0
256 15 -1 0
301 113 -1 0
127 47 -1 0
320 1 -1 0
146 132 -1 0
297 259 -1 0
361 302 -1 0
36 387 -1 0
282 296 -1 0
87 330 -1 0
44 110 -1 0
335 58 -1 0
215 392 -1 0
389 40 -1 0
361 386 -1 0
63 162 -1 0
116 266 -1 0
296 383 -1 0
283 227 -1 0
241 264 -1 0
100 174 -1 0
225 325 -1 0
88 296 -1 0
329 209 -1 0
238 43 -1 0
136 28 -1 0
229 347 -1 0
337 185 -1 0
71 315 -1 0
227 254 -1 0
167 384 -1 0
316 108 -1 0
304 291 -1 0
66 213 -1 0
219 361 -1 0
37 265 -1 0
133 307 -1 0
268 392 -1 0
7 195 -1 0
108 352 -1 0
174 253 -1 0
54 323 -1 0
221 391 -1 0
10 289 -1 0
227 258 -1 0
128 217 -1 0
15 285 -1 0
27 65 -1 0
95 106 -1 0
275 161 -1 0
318 2 -1 0
352 232 -1 0
37 245 -1 0
167 54 -1 0
208 117 -1 0
398 163 -1 0
360 178 -1 0
152 280 -1 0
329 370 -1 0
291 248 -1 0
194 9 -1 0
17 99 -1 0
89 73 -1 0
376 120 -1 0
199 129 -1 0
106 3 -1 0
335 67 -1 0
7 150 -1 0
193 257 -1 0
310 256 -1 0
393 366 -1 0
356 397 -1 0
97 153 -1 0
153 8 -1 0
48 40 -1 0
394 213 -1 0
199 219 -1 0
195 340 -1 0
17 206 -1 0
74 239 -1 0
70 130 -1 0
368 146 -1 0
151 341 -1 0
371 45 -1 0
321 240 -1 0
227 116 -1 0
17 364 -1 0
261 169 -1 0
348 208 -1 0
149 141 -1 0
24 342 -1 0
325 279 -1 0
76 310 -1 0
198 219 -1 0
355 197 -1 0
225 126 -1 0
77 339 -1 0
167 372 -1 0
149 129 -1 0
92 353 -1 0
252 222 -1 0
266 300 -1 0
55 140 -1 0
206 293 -1 0
85 22 -1 0
16 251 -1 0
11 308 -1 0
35 320 -1 0
238 272 -1 0
105 157 -1 0
220 264 -1 0
4 229 -1 0
54 260 -1 0
365 342 -1 0
356 338 -1 0
296 337 -1 0
61 93 -1 0
315 102 -1 0
62 32 -1 0
126 5 -1 0
128 203 -1 0
358 292 -1 0
239 240 -1 0
11 397 -1 0
360 201 -1 0
127 74 -1 0
264 111 -1 0
248 73 -1 0
10 89 -1 0
24 258 -1 0
28 17 -1 0
25 376 -1 0
84 363 -1 0
129 93 -1 0
70 69 -1 0
51 117 -1 0
243 57 -1 0
298 367 -1 0
323 190 -1 0
111 196 -1 0
42 171 -1 0
305 15 -1 0
81 305 -1 0
336 335 -1 0
243 30 -1 0
257 125 -1 0
266 150 -1 0
285 338 -1 0
7 179 -1 0
25 208 -1 0
57 54 -1 0
122 265 -1 0
31 395 -1 0
371 322 -1 0
98 337 -1 0
264 76 -1 0
397 228 -1 0
294 382 -1 0
255 394 -1 0
138 368 -1 0
80 336 -1 0
360 162 -1 0
177 63 -1 0
193 288 -1 0
248 62 -1 0
92 189 -1 0
79 217 -1 0
283 305 -1 0
379 79 -1 0
207 274 -1 0
41 4 -1 0
236 127 -1 0
197 261 -1 0
159 370 -1 0
229 148 -1 0
161 304 -1 0
69 286 -1 0
37 55 -1 0
156 279 -1 0
45 311 -1 0
371 118 -1 0
96 166 -1 0
277 311 -1 0
350 179 -1 0
50 397 -1 0
120 29 -1 0
386 382 -1 0
267 207 -1 0
253 399 -1 0
244 210 -1 0
308 45 -1 0
26 272 -1 0
82 246 -1 0
230 91 -1 0
302 58 -1 0
259 287 -1 0
155 142 -1 0
289 161 -1 0
9 344 -1 0
201 286 -1 0
317 332 -1 0
340 172 -1 0
246 5 -1 0
289 361 -1 0
194 300 -1 0
181 25 -1 0
28 120 -1 0
373 295 -1 0
69 66 -1 0
298 200 -1 0
325 127 -1 0
255 232 -1 0
137 107 -1 0
280 29 -1 0
102 21 -1 0
320 330 -1 0
198 338 -1 0
258 348 -1 0
226 27 -1 0
161 21 -1 0
128 44 -1 0
375 15 -1 0
2 204 -1 0
378 146 -1 0
299 336 -1 0
23 215 -1 0
119 120 -1 0
33 94 -1 0
162 322 -1 0
329 102 -1 0
176 215 -1 0
391 296 -1 0
243 208 -1 0
272 341 -1 0
312 368 -1 0
29 49 -1 0
211 355 -1 0
2 230 -1 0
103 298 -1 0
261 325 -1 0
187 212 -1 0
150 384 -1 0
396 137 -1 0
317 217 -1 0
366 255 -1 0
21 219 -1 0
14 170 -1 0
146 75 -1 0
204 226 -1 0
50 131 -1 0
276 317 -1 0
94 94 -1 0
397 120 -1 0
138 252 -1 0
16 266 -1 0
25 241 -1 0
131 264 -1 0
286 225 -1 0
6 285 -1 0
20 242 -1 0
356 232 -1 0
105 134 -1 0
180 235 -1 0
178 36 -1 0
130 86 -1 0
242 56 -1 0
282 193 -1 0
82 195 -1 0
104 163 -1 0
117 114 -1 0
319 13 -1 0
255 368 -1 0
130 121 -1 0
243 246 -1 0
213 241 -1 0
249 379 -1 0
114 83 -1 0
361 337 -1 0
256 158 -1 0
289 58 -1 0
13 160 -1 0
72 388 -1 0
109 259 -1 0
282 154 -1 0
91 250 -1 0
20 317 -1 0
76 168 -1 0
261 251 -1 0
247 116 -1 0
300 35 -1 0
171 106 -1 0
67 379 -1 0
129 51 -1 0
381 388 -1 0
251 45 -1 0
201 49 -1 0
302 193 -1 0
46 366 -1 0
70 156 -1 0
331 280 -1 0
307 210 -1 0
330 186 -1 0
326 56 -1 0
178 60 -1 0
168 376 -1 0
58 176 -1 0
360 264 -1 0
224 98 -1 0
100 284 -1 0
62 222 -1 0
259 237 -1 0
117 163 -1 0
139 115 -1 0
233 223 -1 0
209 378 -1 0
17 95 -1 0
222 55 -1 0
98 178 -1 0
205 235 -1 0
185 350 -1 0
6 260 -1 0
167 97 -1 0
219 316 -1 0
106 224 -1 0
15 185 -1 0
3 243 -1 0
227 391 -1 0
34 144 -1 0
104 70 -1 0
107 311 -1 0
45 35 -1 0
36 142 -1 0
111 66 -1 0
397 159 -1 0
19 288 -1 0
77 185 -1 0
354 354 -1 0
358 83 -1 0
85 16 -1 0
270 1 -1 0
140 252 -1 0
350 26 -1 0
346 20 -1 0
76 211 -1 0
213 250 -1 0
130 303 -1 0
274 391 -1 0
186 216 -1 0
79 288 -1 0
112 38 -1 0
267 103 -1 0
12 6 -1 0
365 73 -1 0
121 20 -1 0
269 297 -1 0
324 327 -1 0
172 59 -1 0
306 179 -1 0
117 342 -1 0
375 32 -1 0
251 257 -1 0
132 226 -1 0
293 301 -1 0
42 223 -1 0
47 209 -1 0
172 283 -1 0
334 47 -1 0
219 43 -1 0
106 77 -1 0
348 183 -1 0
150 15 -1 0
124 178 -1 0
114 337 -1 0
130 330 -1 0
293 283 -1 0
165 340 -1 0
28 312 -1 0
16 46 -1 0
277 371 -1 0
67 387 -1 0
51 323 -1 0
257 272 -1 0
367 21 -1 0
312 93 -1 0
275 341 -1 0
87 110 -1 0
143 91 -1 0
107 385 -1 0
136 323 -1 0
292 391 -1 0
180 248 -1 0
173 330 -1 0
313 19 -1 0
348 59 -1 0
31 2 -1 0
38 2 -1 0
340 13 -1 0
282 364 -1 0
298 267 -1 0
261 110 -1 0
69 365 -1 0
232 5 -1 0
365 75 -1 0
1 326 -1 0
363 313 -1 0
249 343 -1 0
312 54 -1 0
70 182 -1 0
97 92 -1 0
77 94 -1 0
43 11 -1 0
48 347 -1 0
396 359 -1 0
55 277 -1 0
256 34 -1 0
60 255 -1 0
168 265 -1 0
118 52 -1 0
154 271 -1 0
72 9 -1 0
42 399 -1 0
166 271 -1 0
306 40 -1 0
222 16 -1 0
392 336 -1 0
166 314 -1 0
302 108 -1 0
242 278 -1 0
77 353 -1 0
368 16 -1 0
135 398 -1 0
61 150 -1 0
145 42 -1 0
56 225 -1 0
280 315 -1 0
81 299 -1 0
98 368 -1 0
361 213 -1 0
267 115 -1 0
252 4 -1 0
63 176 -1 0
331 120 -1 0
67 185 -1 0
146 387 -1 0
62 113 -1 0
82 170 -1 0
248 332 -1 0
93 293 -1 0
372 182 -1 0
262 36 -1 0
285 4 -1 0
5 225 -1 0
105 279 -1 0
162 12 -1 0
312 241 -1 0
26 196 -1 0
285 46 -1 0
11 47 -1 0
195 260 -1 0
311 352 -1 0
112 342 -1 0
329 103 -1 0
158 45 -1 0
114 166 -1 0
343 380 -1 0
273 340 -1 0
167 291 -1 0
349 1 -1 0
179 394 -1 0
78 266 -1 0
85 144 -1 0
247 53 -1 0
332 196 -1 0
65 251 -1 0
159 315 -1 0
99 138 -1 0
47 375 -1 0
29 380 -1 0
120 228 -1 0
177 67 -1 0
5 296 -1 0
8 49 -1 0
384 146 -1 0
4 299 -1 0
369 173 -1 0
34 229 -1 0
55 375 -1 0
22 33 -1 0
253 56 -1 0
316 384 -1 0
160 60 -1 0
383 119 -1 0
201 120 -1 0
141 220 -1 0
229 139 -1 0
63 321 -1 0
272 103 -1 0
225 259 -1 0
254 308 -1 0
222 329 -1 0
279 360 -1 0
131 299 -1 0
348 127 -1 0
152 296 -1 0
261 273 -1 0
328 79 -1 0
67 313 -1 0
251 369 -1 0
334 163 -1 0
292 295 -1 0
216 268 -1 0
142 201 -1 0
247 33 -1 0
332 292 -1 0
353 44 -1 0
258 317 -1 0
357 45 -1 0
119 340 -1 0
135 373 -1 0
132 53 -1 0
88 246 -1 0
139 90 -1 0
152 203 -1 0
335 214 -1 0
302 322 -1 0
36 369 -1 0
88 309 -1 0
142 295 -1 0
293 216 -1 0
312 276 -1 0
273 189 -1 0
1 195 -1 0
331 235 -1 0
4 3 -1 0
385 232 -1 0
232 49 -1 0
265 65 -1 0
117 64 -1 0
240 252 -1 0
379 215 -1 0
175 36 -1 0
89 19 -1 0
242 242 -1 0
51 293 -1 0
55 97 -1 0
217 34 -1 0
29 379 -1 0
182 373 -1 0
88 321 -1 0
196 398 -1 0
174 316 -1 0
395 177 -1 0
1 244 -1 0
361 157 -1 0
178 323 -1 0
377 64 -1 0
9 384 -1 0
173 384 -1 0
272 52 -1 0
301 293 -1 0
95 375 -1 0
1 217 -1 0
158 32 -1 0
31 239 -1 0
258 294 -1 0
332 254 -1 0
184 36 -1 0
134 260 -1 0
385 251 -1 0
245 381 -1 0
260 50 -1 0
298 368 -1 0
169 346 -1 0
365 208 -1 0
323 282 -1 0
192 245 -1 0
244 77 -1 0
190 13 -1 0
75 298 -1 0
305 67 -1 0
197 110 -1 0
315 27 -1 0
37 259 -1 0
94 310 -1 0
270 220 -1 0
186 228 -1 0
342 324 -1 0
239 77 -1 0
258 266 -1 0
44 202 -1 0
320 341 -1 0
290 384 -1 0
290 221 -1 0
286 186 -1 0
369 125 -1 0
318 311 -1 0
342 197 -1 0
389 343 -1 0
325 367 -1 0
266 273 -1 0
114 380 -1 0
168 320 -1 0
342 113 -1 0
118 90 -1 0
155 279 -1 0
60 70 -1 0
224 145 -1 0
375 171 -1 0
241 125 -1 0
13 299 -1 0
208 140 -1 0
310 209 -1 0
381 140 -1 0
290 129 -1 0
79 89 -1 0
49 248 -1 0
18 163 -1 0
132 63 -1 0
58 196 -1 0
338 171 -1 0
243 53 -1 0
179 23 -1 0
81 102 -1 0
325 95 -1 0
283 261 -1 0
234 279 -1 0
332 147 -1 0
67 317 -1 0
381 187 -1 0
73 336 -1 0
137 345 -1 0
125 387 -1 0
257 213 -1 0
372 123 -1 0
10 222 -1 0
105 333 -1 0
245 51 -1 0
356 299 -1 0
87 315 -1 0
321 252 -1 0
341 262 -1 0
160 180 -1 1
203 187 -1 1
179 169 -1 1
227 197 -1 1
199 167 -1 1
209 183 -1 1
219 181 -1 1
163 182 -1 1
192 167 -1 1
181 166 -1 1
179 187 -1 1
168 174 -1 1
205 179 -1 1
174 171 -1 1
217 178 -1 1
204 184 -1 1
188 183 -1 1
214 180 -1 1
225 186 -1 1
180 171 -1 1
231 179 -1 1
223 180 -1 1
188 188 -1 1
191 166 -1 1
174 192 -1 1
160 175 -1 1
204 187 -1 1
200 194 -1 1
184 182 -1 1
205 180 -1 1
212 168 -1 1
160 182 -1 1
171 165 -1 1
192 175 -1 1
223 172 -1 1
197 182 -1 1
212 174 -1 1
172 188 -1 1
224 190 -1 1
176 174 -1 1
195 186 -1 1
185 193 -1 1
163 174 -1 1
158 174 -1 1
186 165 -1 1
181 180 -1 1
172 171 -1 1
198 184 -1 1
196 176 -1 1
178 170 -1 1
176 172 -1 1
234 183 -1 1
237 189 -1 1
189 175 -1 1
167 188 -1 1
198 178 -1 1
171 173 -1 1
225 189 -1 1
222 191 -1 1
235 184 -1 1
177 192 -1 1
204 171 -1 1
203 184 -1 1
194 169 -1 1
219 195 -1 1
166 188 -1 1
203 170 -1 1
165 172 -1 1
220 181 -1 1
182 171 -1 1
207 167 -1 1
207 193 -1 1
183 170 -1 1
211 166 -1 1
193 174 -1 1
212 169 -1 1
213 195 -1 1
225 193 -1 1
180 184 -1 1
236 180 -1 1
218 174 -1 1
245 187 -1 1
163 170 -1 1
162 175 -1 1
186 171 -1 1
174 170 -1 1
173 171 -1 1
218 180 -1 1
192 190 -1 1
222 197 -1 1
156 178 -1 1
204 170 -1 1
225 181 -1 1
235 186 -1 1
225 188 -1 1
193 180 -1 1
203 180 -1 1
229 187 -1 1
198 187 -1 1
179 189 -1 1
233 187 -1 1
199 179 -1 1
172 179 -1 1
201 185 -1 1
201 186 -1 1
199 166 -1 1
183 168 -1 1
194 178 -1 1
201 190 -1 1
182 176 -1 1
207 176 -1 1
175 185 -1 1
170 167 -1 1
183 164 -1 1
231 180 -1 1
171 170 -1 1
159 178 -1 1
185 178 -1 1
161 176 -1 1
229 185 -1 1
234 184 -1 1
176 166 -1 1
210 185 -1 1
212 187 -1 1
219 183 -1 1
241 185 -1 1
208 184 -1 1
183 165 -1 1
234 195 -1 1
189 174 -1 1
166 189 -1 1
199 190 -1 1
196 195 -1 1
208 180 -1 1
164 182 -1 1
181 167 -1 1
217 169 -1 1
177 163 -1 1
196 178 -1 1
202 171 -1 1
180 164 -1 1
194 168 -1 1
214 193 -1 1
190 176 -1 1
208 170 -1 1
165 175 -1 1
201 195 -1 1
208 179 -1 1
198 164 -1 1
194 194 -1 1
173 173 -1 1
225 194 -1 1
166 165 -1 1
189 184 -1 1
191 186 -1 1
192 184 -1 1
156 181 -1 1
186 178 -1 1
229 189 -1 1
225 184 -1 1
189 195 -1 1
170 186 -1 1
176 182 -1 1
164 183 -1 1
220 179 -1 1
163 179 -1 1
236 186 -1 1
181 176 -1 1
235 185 -1 1
196 179 -1 1
190 183 -1 1
236 177 -1 1
219 178 -1 1
179 175 -1 1
180 183 -1 1
174 164 -1 1
164 188 -1 1
165 183 -1 1
163 168 -1 1
193 186 -1 1
241 187 -1 1
165 179 -1 1
184 183 -1 1
236 179 -1 1
161 182 -1 1
164 178 -1 1
222 186 -1 1
216 167 -1 1
163 176 -1 1
173 181 -1 1
220 198 -1 1
211 179 -1 1
239 186 -1 1
188 191 -1 1
195 167 -1 1
233 184 -1 1
175 184 -1 1
233 178 -1 1
220 178 -1 1
234 193 -1 1
197 176 -1 1
168 181 -1 1
170 183 -1 1
193 167 -1 1
215 180 -1 1
240 188 -1 1
211 189 -1 1
201 175 -1 1
247 187 -1 1
168 169 -1 1
191 167 -1 1
171 175 -1 1
191 170 -1 1
163 185 -1 1
179 177 -1 1
175 167 -1 1
187 176 -1 1
238 187 -1 1
242 185 -1 1
188 186 -1 1
165 186 -1 1
188 189 -1 1
210 175 -1 1
203 183 -1 1
191 176 -1 1
164 177 -1 1
194 183 -1 1
172 177 -1 1
217 194 -1 1
190 172 -1 1
194 195 -1 1
202 188 -1 1
165 169 -1 1
222 198 -1 1
217 184 -1 1
228 187 -1 1
216 186 -1 1
163 171 -1 1
228 195 -1 1
212 180 -1 1
224 192 -1 1
212 170 -1 1
177 167 -1 1
228 188 -1 1
165 185 -1 1
203 175 -1 1
200 184 -1 1
226 184 -1 1
218 191 -1 1
239 181 -1 1
207 182 -1 1
240 191 -1 1
193 185 -1 1
234 180 -1 1
188 175 -1 1
225 190 -1 1
196 167 -1 1
235 181 -1 1
192 179 -1 1
236 188 -1 1
222 196 -1 1
162 179 -1 1
224 176 -1 1
198 185 -1 1
230 195 -1 1
186 184 -1 1
215 179 -1 1
211 188 -1 1
191 169 -1 1
222 172 -1 1
234 189 -1 1
220 173 -1 1
185 180 -1 1
213 177 -1 1
180 192 -1 1
217 183 -1 1
178 176 -1 1
181 168 -1 1
201 178 -1 1
215 188 -1 1
186 174 -1 1
214 196 -1 1
221 195 -1 1
201 194 -1 1
193 177 -1 1
176 179 -1 1
206 191 -1 1
206 189 -1 1
224 193 -1 1
234 176 -1 1
180 172 -1 1
238 188 -1 1
165 178 -1 1
242 186 -1 1
184 186 -1 1
218 194 -1 1
214 179 -1 1
196 183 -1 1
216 178 -1 1
203 185 -1 1
