4800 400 400
245 365 -1 0
363 118 -1 0
398 228 -1 0
130 64 -1 0
108 165 -1 0
232 377 -1 0
137 17 -1 0
240 139 -1 0
121 345 -1 0
216 397 -1 0
51 399 -1 0
374 92 -1 0
154 320 -1 0
150 126 -1 0
142 392 -1 0
226 162 -1 0
0 0 -1 0
273 188 -1 0
260 117 -1 0
253 189 -1 0
4 310 -1 0
244 4 -1 0
287 122 -1 0
144 140 -1 0
123 53 -1 0
185 298 -1 0
381 64 -1 0
347 217 -1 0
201 354 -1 0
93 373 -1 0
50 13 -1 0
52 6 -1 0
370 195 -1 0
263 258 -1 0
95 191 -1 0
334 237 -1 0
142 229 -1 0
294 230 -1 0
105 200 -1 0
353 234 -1 0
351 94 -1 0
385 319 -1 0
111 369 -1 0
288 351 -1 0
173 18 -1 0
111 356 -1 0
395 374 -1 0
73 56 -1 0
232 161 -1 0
332 355 -1 0
233 108 -1 0
398 232 -1 0
61 294 -1 0
388 136 -1 0
198 310 -1 0
246 209 -1 0
97 148 -1 0
292 60 -1 0
316 130 -1 0
22 80 -1 0
329 395 -1 0
61 204 -1 0
346 356 -1 0
144 84 -1 0
321 7 -1 0
107 54 -1 0
15 134 -1 0
132 323 -1 0
8 118 -1 0
244 86 -1 0
267 263 -1 0
2 36 -1 0
228 94 -1 0
181 44 -1 0
11 339 -1 0
88 156 -1 0
178 255 -1 0
65 172 -1 0
229 342 -1 0
37 239 -1 0
101 298 -1 0
61 198 -1 0
360 20 -1 0
214 365 -1 0
265 245 -1 0
305 366 -1 0
360 222 -1 0
338 19 -1 0
169 393 -1 0
68 103 -1 0
381 269 -1 0
36 320 -1 0
48 185 -1 0
223 370 -1 0
255 294 -1 0
252 255 -1 0
197 233 -1 0
243 12 -1 0
260 73 -1 0
236 185 -1 0
342 253 -1 0
263 315 -1 0
100 283 -1 0
326 78 -1 0
46 397 -1 0
227 205 -1 0
337 385 -1 0
145 194 -1 0
253 241 -1 0
24 344 -1 0
247 363 -1 0
157 360 -1 0
210 376 -1 0
385 18 -1 0
263 71 -1 0
280 149 -1 0
269 69 -1 0
327 373 -1 0
173 351 -1 0
234 226 -1 0
193 360 -1 0
102 41 -1 0
198 213 -1 0
245 393 -1 0
246 307 -1 0
262 294 -1 0
144 323 -1 0
286 142 -1 0
358 331 -1 0
64 314 -1 0
322 13 -1 0
380 125 -1 0
34 84 -1 0
148 39 -1 0
200 368 -1 0
173 87 -1 0
10 395 -1 0
30 188 -1 0
45 142 -1 0
121 368 -1 0
255 358 -1 0
8 139 -1 0
319 59 -1 0
347 71 -1 0
369 139 -1 0
98 53 -1 0
141 299 -1 0
303 18 -1 0
6 123 -1 0
44 137 -1 0
238 98 -1 0
212 193 -1 0
302 137 -1 0
46 273 -1 0
137 13 -1 0
258 335 -1 0
372 323 -1 0
67 166 -1 0
336 274 -1 0
32 126 -1 0
72 110 -1 0
84 220 -1 0
224 374 -1 0
397 220 -1 0
202 141 -1 0
176 319 -1 0
343 350 -1 0
349 277 -1 0
233 5 -1 0
229 82 -1 0
339 67 -1 0
225 220 -1 0
196 148 -1 0
267 33 -1 0
107 123 -1 0
71 254 -1 0
251 206 -1 0
230 339 -1 0
169 380 -1 0
166 196 -1 0
22 327 -1 0
292 101 -1 0
382 38 -1 0
275 37 -1 0
81 297 -1 0
308 225 -1 0
144 9 -1 0
76 200 -1 0
148 369 -1 0
276 232 -1 0
201 306 -1 0
362 302 -1 0
129 106 -1 0
395 238 -1 0
193 70 -1 0
356 271 -1 0
184 231 -1 0
97 245 -1 0
242 128 -1 0
387 217 -1 0
2 288 -1 0
58 217 -1 0
364 329 -1 0
234 150 -1 0
222 179 -1 0
111 18 -1 0
256 21 -1 0
362 212 -1 0
137 324 -1 0
124 179 -1 0
336 125 -1 0
376 200 -1 0
124 259 -1 0
158 75 -1 0
153 2 -1 0
298 59 -1 0
275 185 -1 0
170 388 -1 0
229 141 -1 0
233 396 -1 0
54 251 -1 0
336 162 -1 0
290 153 -1 0
65 248 -1 0
393 70 -1 0
349 218 -1 0
22 22 -1 0
116 373 -1 0
387 70 -1 0
8 262 -1 0
30 360 -1 0
53 120 -1 0
196 174 -1 0
153 218 -1 0
177 342 -1 0
49 271 -1 0
349 347 -1 0
15 320 -1 0
342 394 -1 0
105 288 -1 0
261 97 -1 0
132 235 -1 0
395 327 -1 0
258 259 -1 0
284 20 -1 0
226 25 -1 0
203 39 -1 0
128 274 -1 0
329 362 -1 0
144 351 -1 0
34 57 -1 0
47 36 -1 0
133 324 -1 0
358 291 -1 0
200 285 -1 0
308 73 -1 0
249 36 -1 0
58 46 -1 0
353 290 -1 0
344 363 -1 0
50 330 -1 0
42 25 -1 0
18 51 -1 0
245 196 -1 0
294 380 -1 0
81 88 -1 0
91 145 -1 0
391 39 -1 0
343 129 -1 0
208 181 -1 0
339 358 -1 0
110 200 -1 0
154 73 -1 0
146 155 -1 0
43 186 -1 0
388 379 -1 0
371 354 -1 0
210 255 -1 0
7 201 -1 0
35 364 -1 0
81 395 -1 0
361 122 -1 0
271 339 -1 0
336 110 -1 0
163 283 -1 0
67 207 -1 0
125 196 -1 0
61 92 -1 0
341 75 -1 0
36 310 -1 0
120 145 -1 0
96 348 -1 0
148 174 -1 0
181 286 -1 0
278 259 -1 0
14 304 -1 0
210 82 -1 0
122 222 -1 0
18 228 -1 0
382 206 -1 0
286 145 -1 0
76 46 -1 0
334 187 -1 0
251 70 -1 0
295 147 -1 0
9 96 -1 0
304 378 -1 0
102 386 -1 0
187 73 -1 0
342 221 -1 0
44 114 -1 0
30 4 -1 0
73 209 -1 0
358 133 -1 0
147 327 -1 0
372 287 -1 0
379 127 -1 0
291 220 -1 0
226 329 -1 0
315 26 -1 0
302 39 -1 0
130 284 -1 0
26 125 -1 0
292 16 -1 0
192 100 -1 0
315 384 -1 0
34 66 -1 0
229 290 -1 0
16 395 -1 0
245 17 -1 0
191 399 -1 0
85 3 -1 0
302 212 -1 0
58 56 -1 0
324 162 -1 0
222 88 -1 0
189 36 -1 0
392 328 -1 0
136 377 -1 0
274 260 -1 0
206 168 -1 0
351 49 -1 0
53 214 -1 0
195 224 -1 0
13 79 -1 0
245 339 -1 0
154 310 -1 0
361 55 -1 0
69 15 -1 0
42 136 -1 0
200 336 -1 0
212 93 -1 0
103 292 -1 0
360 113 -1 0
339 261 -1 0
355 121 -1 0
229 159 -1 0
139 172 -1 0
298 98 -1 0
172 194 -1 0
178 130 -1 0
275 136 -1 0
346 22 -1 0
31 156 -1 0
12 320 -1 0
75 98 -1 0
65 291 -1 0
59 257 -1 0
72 359 -1 0
329 248 -1 0
331 41 -1 0
349 345 -1 0
255 36 -1 0
209 391 -1 0
139 108 -1 0
119 19 -1 0
73 369 -1 0
172 321 -1 0
148 213 -1 0
394 55 -1 0
222 149 -1 0
254 385 -1 0
47 347 -1 0
285 186 -1 0
179 10 -1 0
131 182 -1 0
384 345 -1 0
242 305 -1 0
121 106 -1 0
386 158 -1 0
117 293 -1 0
191 204 -1 0
165 175 -1 0
213 87 -1 0
261 278 -1 0
258 331 -1 0
363 202 -1 0
397 20 -1 0
268 346 -1 0
344 8 -1 0
80 112 -1 0
67 33 -1 0
41 28 -1 0
248 323 -1 0
274 266 -1 0
241 335 -1 0
88 386 -1 0
306 24 -1 0
230 0 -1 0
354 273 -1 0
389 2 -1 0
178 107 -1 0
210 370 -1 0
234 275 -1 0
332 192 -1 0
315 25 -1 0
171 262 -1 0
212 63 -1 0
69 121 -1 0
316 25 -1 0
28 244 -1 0
313 211 -1 0
101 207 -1 0
344 137 -1 0
140 322 -1 0
81 338 -1 0
211 78 -1 0
74 259 -1 0
304 35 -1 0
324 159 -1 0
100 279 -1 0
279 51 -1 0
214 114 -1 0
363 319 -1 0
244 116 -1 0
218 140 -1 0
355 57 -1 0
217 216 -1 0
105 322 -1 0
315 185 -1 0
352 156 -1 0
4 214 -1 0
268 49 -1 0
365 73 -1 0
253 45 -1 0
384 77 -1 0
258 123 -1 0
263 384 -1 0
104 148 -1 0
9 98 -1 0
125 109 -1 0
380 29 -1 0
234 283 -1 0
185 150 -1 0
365 9 -1 0
396 24 -1 0
135 372 -1 0
64 12 -1 0
20 327 -1 0
248 359 -1 0
258 229 -1 0
71 185 -1 0
386 318 -1 0
269 291 -1 0
303 37 -1 0
50 65 -1 0
201 102 -1 0
107 107 -1 0
72 55 -1 0
157 131 -1 0
393 290 -1 0
172 67 -1 0
50 1 -1 0
219 143 -1 0
137 146 -1 0
153 29 -1 0
371 319 -1 0
33 388 -1 0
214 230 -1 0
29 351 -1 0
101 236 -1 0
89 223 -1 0
103 109 -1 0
359 160 -1 0
21 209 -1 0
278 194 -1 0
279 395 -1 0
61 121 -1 0
192 34 -1 0
306 162 -1 0
62 340 -1 0
157 181 -1 0
243 89 -1 0
7 176 -1 0
285 78 -1 0
172 288 -1 0
345 116 -1 0
365 370 -1 0
228 385 -1 0
197 276 -1 0
165 373 -1 0
325 1 -1 0
187 351 -1 0
45 16 -1 0
78 230 -1 0
50 276 -1 0
71 27 -1 0
300 14 -1 0
79 261 -1 0
259 111 -1 0
150 226 -1 0
329 114 -1 0
48 80 -1 0
352 227 -1 0
4 219 -1 0
105 267 -1 0
228 61 -1 0
247 379 -1 0
177 72 -1 0
44 109 -1 0
276 398 -1 0
231 74 -1 0
32 31 -1 0
399 291 -1 0
237 268 -1 0
386 346 -1 0
284 184 -1 0
373 34 -1 0
78 260 -1 0
114 76 -1 0
202 115 -1 0
148 265 -1 0
263 265 -1 0
294 396 -1 0
267 350 -1 0
88 70 -1 0
265 7 -1 0
350 156 -1 0
126 182 -1 0
100 242 -1 0
389 285 -1 0
30 335 -1 0
58 58 -1 0
296 80 -1 0
244 267 -1 0
258 207 -1 0
390 36 -1 0
240 13 -1 0
299 16 -1 0
367 338 -1 0
358 195 -1 0
68 327 -1 0
237 220 -1 0
264 287 -1 0
248 166 -1 0
264 228 -1 0
293 362 -1 0
331 234 -1 0
136 223 -1 0
22 339 -1 0
161 323 -1 0
17 274 -1 0
93 30 -1 0
223 189 -1 0
52 11 -1 0
154 286 -1 0
250 265 -1 0
103 47 -1 0
103 11 -1 0
202 396 -1 0
273 165 -1 0
258 34 -1 0
16 7 -1 0
64 171 -1 0
136 308 -1 0
91 385 -1 0
53 201 -1 0
58 263 -1 0
241 386 -1 0
94 160 -1 0
222 268 -1 0
370 21 -1 0
123 131 -1 0
121 305 -1 0
0 357 -1 0
62 356 -1 0
360 45 -1 0
371 194 -1 0
320 111 -1 0
241 377 -1 0
83 99 -1 0
164 219 -1 0
98 108 -1 0
196 141 -1 0
114 6 -1 0
195 295 -1 0
128 389 -1 0
158 199 -1 0
342 260 -1 0
396 128 -1 0
122 91 -1 0
386 144 -1 0
67 123 -1 0
62 234 -1 0
301 114 -1 0
326 97 -1 0
156 262 -1 0
290 391 -1 0
106 70 -1 0
56 144 -1 0
397 248 -1 0
29 95 -1 0
383 202 -1 0
311 137 -1 0
10 396 -1 0
258 22 -1 0
118 324 -1 0
354 110 -1 0
232 174 -1 0
258 200 -1 0
80 339 -1 0
234 137 -1 0
164 367 -1 0
236 119 -1 0
393 330 -1 0
390 50 -1 0
141 182 -1 0
75 342 -1 0
98 150 -1 0
90 285 -1 0
182 347 -1 0
238 371 -1 0
378 307 -1 0
48 35 -1 0
202 166 -1 0
105 245 -1 0
326 219 -1 0
258 126 -1 0
123 38 -1 0
217 244 -1 0
208 43 -1 0
190 14 -1 0
323 220 -1 0
35 25 -1 0
316 228 -1 0
106 266 -1 0
175 178 -1 0
253 94 -1 0
257 334 -1 0
220 351 -1 0
350 205 -1 0
0 71 -1 0
387 114 -1 0
192 155 -1 0
139 280 -1 0
264 394 -1 0
250 256 -1 0
278 132 -1 0
352 121 -1 0
234 117 -1 0
260 128 -1 0
314 370 -1 0
25 245 -1 0
47 364 -1 0
152 218 -1 0
240 42 -1 0
218 351 -1 0
316 32 -1 0
342 360 -1 0
152 361 -1 0
105 295 -1 0
143 395 -1 0
40 96 -1 0
250 340 -1 0
202 117 -1 0
59 170 -1 0
84 292 -1 0
142 390 -1 0
158 273 -1 0
367 38 -1 0
237 269 -1 0
161 58 -1 0
0 176 -1 0
165 165 -1 0
190 183 -1 0
387 271 -1 0
242 124 -1 0
237 219 -1 0
28 45 -1 0
321 120 -1 0
160 97 -1 0
199 69 -1 0
277 96 -1 0
71 350 -1 0
250 97 -1 0
386 366 -1 0
170 149 -1 0
140 44 -1 0
259 141 -1 0
168 248 -1 0
36 26 -1 0
251 96 -1 0
82 110 -1 0
176 191 -1 0
67 190 -1 0
94 25 -1 0
231 4 -1 0
229 315 -1 0
205 67 -1 0
178 223 -1 0
99 391 -1 0
397 21 -1 0
104 97 -1 0
110 273 -1 0
102 143 -1 0
300 210 -1 0
13 132 -1 0
21 43 -1 0
57 368 -1 0
94 364 -1 0
21 62 -1 0
188 98 -1 0
301 393 -1 0
139 218 -1 0
151 113 -1 0
260 316 -1 0
299 84 -1 0
214 63 -1 0
282 208 -1 0
315 196 -1 0
53 363 -1 0
47 53 -1 0
22 62 -1 0
245 325 -1 0
64 216 -1 0
190 378 -1 0
287 185 -1 0
232 301 -1 0
334 2 -1 0
119 379 -1 0
94 251 -1 0
387 95 -1 0
216 377 -1 0
127 319 -1 0
272 180 -1 0
219 154 -1 0
26 206 -1 0
206 211 -1 0
176 227 -1 0
227 131 -1 0
223 293 -1 0
136 396 -1 0
129 398 -1 0
372 187 -1 0
261 398 -1 0
88 96 -1 0
346 174 -1 0
72 156 -1 0
170 19 -1 0
350 187 -1 0
384 281 -1 0
223 122 -1 0
107 289 -1 0
105 159 -1 0
156 359 -1 0
83 397 -1 0
396 335 -1 0
31 101 -1 0
84 69 -1 0
370 343 -1 0
20 18 -1 0
378 158 -1 0
109 331 -1 0
338 146 -1 0
366 379 -1 0
66 99 -1 0
389 172 -1 0
238 167 -1 0
31 247 -1 0
350 15 -1 0
374 331 -1 0
348 154 -1 0
320 382 -1 0
70 103 -1 0
49 287 -1 0
240 36 -1 0
56 130 -1 0
61 334 -1 0
92 194 -1 0
107 225 -1 0
3 310 -1 0
123 308 -1 0
169 281 -1 0
97 295 -1 0
25 251 -1 0
312 12 -1 0
358 49 -1 0
360 245 -1 0
170 103 -1 0
352 34 -1 0
229 13 -1 0
89 295 -1 0
242 166 -1 0
246 388 -1 0
194 363 -1 0
113 35 -1 0
123 184 -1 0
122 364 -1 0
182 25 -1 0
145 115 -1 0
238 292 -1 0
220 311 -1 0
196 270 -1 0
351 293 -1 0
226 45 -1 0
180 162 -1 0
207 63 -1 0
341 350 -1 0
51 179 -1 0
229 328 -1 0
0 279 -1 0
375 292 -1 0
174 25 -1 0
16 297 -1 0
187 12 -1 0
266 117 -1 0
349 365 -1 0
369 198 -1 0
97 308 -1 0
240 188 -1 0
319 16 -1 0
38 364 -1 0
147 131 -1 0
158 387 -1 0
99 224 -1 0
114 289 -1 0
14 109 -1 0
241 75 -1 0
208 84 -1 0
171 9 -1 0
17 226 -1 0
226 33 -1 0
124 122 -1 0
268 122 -1 0
327 127 -1 0
327 126 -1 0
186 383 -1 0
35 144 -1 0
179 156 -1 0
256 141 -1 0
362 357 -1 0
71 72 -1 0
45 102 -1 0
203 104 -1 0
317 131 -1 0
109 12 -1 0
378 319 -1 0
189 102 -1 0
225 125 -1 0
353 89 -1 0
217 290 -1 0
199 40 -1 0
57 394 -1 0
320 14 -1 0
333 96 -1 0
394 98 -1 0
162 226 -1 0
343 363 -1 0
192 27 -1 0
113 5 -1 0
33 130 -1 0
158 229 -1 0
56 168 -1 0
226 66 -1 0
252 300 -1 0
208 199 -1 0
127 320 -1 0
102 194 -1 0
326 41 -1 0
374 60 -1 0
39 197 -1 0
318 127 -1 0
336 182 -1 0
107 388 -1 0
47 258 -1 0
146 270 -1 0
245 155 -1 0
7 269 -1 0
206 56 -1 0
385 226 -1 0
274 84 -1 0
29 395 -1 0
212 355 -1 0
36 312 -1 0
6 111 -1 0
371 48 -1 0
289 128 -1 0
80 285 -1 0
117 255 -1 0
95 89 -1 0
96 373 -1 0
152 46 -1 0
45 207 -1 0
38 185 -1 0
109 211 -1 0
235 14 -1 0
217 282 -1 0
93 128 -1 0
251 160 -1 0
392 352 -1 0
280 15 -1 0
10 80 -1 0
194 99 -1 0
22 214 -1 0
339 20 -1 0
213 332 -1 0
325 37 -1 0
88 135 -1 0
335 244 -1 0
240 174 -1 0
102 172 -1 0
360 271 -1 0
232 113 -1 0
228 130 -1 0
362 149 -1 0
381 132 -1 0
232 189 -1 0
246 98 -1 0
202 139 -1 0
349 253 -1 0
301 189 -1 0
347 67 -1 0
23 173 -1 0
24 256 -1 0
354 270 -1 0
372 74 -1 0
304 210 -1 0
268 146 -1 0
372 150 -1 0
252 11 -1 0
310 74 -1 0
329 112 -1 0
196 267 -1 0
322 69 -1 0
354 84 -1 0
131 382 -1 0
363 357 -1 0
268 198 -1 0
93 123 -1 0
381 145 -1 0
46 337 -1 0
394 333 -1 0
320 154 -1 0
251 104 -1 0
101 48 -1 0
323 167 -1 0
57 61 -1 0
266 335 -1 0
14 276 -1 0
355 188 -1 0
9 345 -1 0
360 96 -1 0
162 381 -1 0
141 380 -1 0
117 386 -1 0
38 188 -1 0
385 277 -1 0
0 365 -1 0
55 3 -1 0
246 158 -1 0
36 205 -1 0
383 33 -1 0
67 17 -1 0
290 188 -1 0
24 304 -1 0
208 99 -1 0
283 385 -1 0
303 370 -1 0
22 276 -1 0
146 19 -1 0
275 77 -1 0
8 49 -1 0
388 6 -1 0
323 177 -1 0
397 108 -1 0
397 382 -1 0
261 56 -1 0
262 179 -1 0
71 1 -1 0
113 121 -1 0
354 191 -1 0
132 328 -1 0
213 38 -1 0
177 169 -1 0
58 29 -1 0
31 6 -1 0
69 71 -1 0
247 386 -1 0
161 34 -1 0
371 125 -1 0
128 306 -1 0
380 54 -1 0
313 200 -1 0
334 204 -1 0
89 376 -1 0
249 166 -1 0
93 137 -1 0
343 15 -1 0
16 281 -1 0
64 384 -1 0
379 384 -1 0
300 364 -1 0
374 100 -1 0
328 236 -1 0
354 187 -1 0
210 303 -1 0
191 295 -1 0
266 106 -1 0
336 354 -1 0
389 292 -1 0
221 92 -1 0
92 225 -1 0
312 383 -1 0
394 391 -1 0
232 121 -1 0
297 369 -1 0
203 324 -1 0
174 301 -1 0
155 36 -1 0
224 37 -1 0
167 281 -1 0
316 157 -1 0
224 333 -1 0
63 129 -1 0
243 289 -1 0
379 192 -1 0
160 396 -1 0
70 8 -1 0
114 54 -1 0
125 222 -1 0
357 76 -1 0
276 198 -1 0
137 330 -1 0
212 141 -1 0
78 2 -1 0
398 313 -1 0
149 293 -1 0
246 147 -1 0
106 121 -1 0
8 171 -1 0
316 125 -1 0
293 396 -1 0
166 169 -1 0
64 5 -1 0
333 154 -1 0
283 40 -1 0
70 291 -1 0
131 244 -1 0
55 123 -1 0
1 140 -1 0
274 114 -1 0
66 230 -1 0
209 258 -1 0
1 12 -1 0
196 159 -1 0
304 104 -1 0
290 100 -1 0
206 195 -1 0
380 202 -1 0
324 396 -1 0
206 260 -1 0
100 165 -1 0
267 78 -1 0
148 52 -1 0
146 170 -1 0
150 107 -1 0
78 203 -1 0
299 17 -1 0
287 49 -1 0
190 259 -1 0
38 70 -1 0
83 57 -1 0
180 101 -1 0
27 53 -1 0
387 105 -1 0
128 183 -1 0
135 260 -1 0
45 347 -1 0
110 132 -1 0
170 43 -1 0
29 71 -1 0
72 244 -1 0
82 94 -1 0
345 373 -1 0
364 309 -1 0
107 167 -1 0
88 13 -1 0
233 328 -1 0
387 118 -1 0
353 194 -1 0
223 278 -1 0
9 330 -1 0
229 9 -1 0
221 125 -1 0
266 191 -1 0
338 106 -1 0
223 52 -1 0
225 288 -1 0
396 288 -1 0
47 178 -1 0
59 398 -1 0
279 26 -1 0
87 116 -1 0
127 127 -1 0
119 335 -1 0
382 253 -1 0
203 252 -1 0
52 33 -1 0
390 168 -1 0
176 56 -1 0
98 203 -1 0
320 386 -1 0
196 241 -1 0
379 261 -1 0
246 35 -1 0
262 96 -1 0
204 46 -1 0
34 364 -1 0
380 178 -1 0
348 231 -1 0
27 221 -1 0
235 90 -1 0
365 302 -1 0
264 332 -1 0
355 74 -1 0
301 141 -1 0
249 246 -1 0
84 336 -1 0
271 371 -1 0
271 80 -1 0
279 36 -1 0
6 280 -1 0
122 195 -1 0
33 370 -1 0
128 222 -1 0
358 173 -1 0
138 277 -1 0
123 82 -1 0
126 141 -1 0
210 65 -1 0
152 380 -1 0
126 138 -1 0
298 8 -1 0
200 279 -1 0
357 48 -1 0
76 380 -1 0
242 364 -1 0
15 117 -1 0
83 204 -1 0
48 191 -1 0
68 392 -1 0
47 177 -1 0
151 196 -1 0
216 331 -1 0
303 68 -1 0
47 278 -1 0
115 266 -1 0
49 28 -1 0
381 268 -1 0
194 282 -1 0
80 249 -1 0
230 57 -1 0
45 188 -1 0
155 214 -1 0
117 239 -1 0
173 156 -1 0
133 180 -1 0
190 230 -1 0
213 368 -1 0
55 230 -1 0
262 22 -1 0
15 332 -1 0
3 25 -1 0
121 29 -1 0
349 304 -1 0
134 206 -1 0
310 71 -1 0
295 380 -1 0
88 87 -1 0
27 356 -1 0
225 73 -1 0
222 380 -1 0
271 271 -1 0
398 292 -1 0
89 342 -1 0
207 4 -1 0
383 190 -1 0
287 373 -1 0
146 194 -1 0
245 363 -1 0
340 113 -1 0
278 6 -1 0
284 199 -1 0
140 365 -1 0
84 228 -1 0
201 75 -1 0
196 163 -1 0
361 363 -1 0
311 212 -1 0
253 320 -1 0
154 52 -1 0
100 66 -1 0
80 31 -1 0
90 155 -1 0
354 60 -1 0
236 170 -1 0
278 215 -1 0
340 83 -1 0
250 338 -1 0
383 15 -1 0
340 66 -1 0
37 92 -1 0
390 262 -1 0
118 226 -1 0
335 232 -1 0
60 178 -1 0
249 338 -1 0
221 38 -1 0
77 17 -1 0
109 270 -1 0
44 83 -1 0
181 314 -1 0
318 195 -1 0
74 299 -1 0
353 236 -1 0
375 228 -1 0
355 92 -1 0
270 241 -1 0
373 203 -1 0
289 164 -1 0
18 122 -1 0
366 6 -1 0
269 134 -1 0
74 270 -1 0
321 180 -1 0
44 132 -1 0
126 39 -1 0
96 17 -1 0
32 280 -1 0
71 84 -1 0
15 283 -1 0
364 134 -1 0
1 297 -1 0
5 179 -1 0
95 362 -1 0
254 112 -1 0
356 209 -1 0
132 185 -1 0
220 341 -1 0
129 374 -1 0
311 376 -1 0
344 224 -1 0
281 73 -1 0
52 276 -1 0
352 52 -1 0
103 248 -1 0
64 395 -1 0
30 76 -1 0
268 352 -1 0
114 56 -1 0
150 257 -1 0
57 206 -1 0
191 126 -1 0
168 355 -1 0
336 222 -1 0
2 67 -1 0
260 205 -1 0
53 4 -1 0
134 47 -1 0
387 350 -1 0
57 235 -1 0
51 311 -1 0
213 169 -1 0
374 26 -1 0
226 143 -1 0
60 166 -1 0
198 254 -1 0
337 166 -1 0
350 85 -1 0
232 227 -1 0
283 194 -1 0
122 58 -1 0
200 38 -1 0
361 331 -1 0
136 8 -1 0
60 8 -1 0
95 312 -1 0
109 218 -1 0
61 363 -1 0
245 20 -1 0
316 3 -1 0
147 24 -1 0
349 259 -1 0
95 393 -1 0
176 350 -1 0
240 246 -1 0
312 95 -1 0
167 66 -1 0
12 42 -1 0
285 118 -1 0
22 383 -1 0
375 7 -1 0
145 66 -1 0
354 207 -1 0
211 395 -1 0
209 291 -1 0
133 39 -1 0
204 85 -1 0
55 21 -1 0
190 167 -1 0
228 386 -1 0
244 332 -1 0
320 199 -1 0
328 70 -1 0
162 161 -1 0
119 396 -1 0
392 197 -1 0
40 124 -1 0
61 159 -1 0
72 125 -1 0
177 313 -1 0
41 287 -1 0
76 256 -1 0
98 153 -1 0
334 154 -1 0
396 238 -1 0
27 216 -1 0
289 189 -1 0
182 65 -1 0
188 210 -1 0
98 30 -1 0
164 205 -1 0
34 239 -1 0
170 120 -1 0
67 14 -1 0
5 101 -1 0
124 377 -1 0
120 309 -1 0
156 218 -1 0
202 356 -1 0
337 361 -1 0
206 386 -1 0
209 168 -1 0
295 386 -1 0
270 90 -1 0
35 165 -1 0
284 399 -1 0
324 113 -1 0
161 84 -1 0
374 324 -1 0
354 251 -1 0
161 198 -1 0
127 142 -1 0
210 76 -1 0
14 121 -1 0
395 366 -1 0
359 150 -1 0
1 337 -1 0
6 275 -1 0
387 239 -1 0
388 127 -1 0
300 197 -1 0
20 41 -1 0
214 388 -1 0
124 3 -1 0
303 389 -1 0
382 287 -1 0
263 218 -1 0
359 239 -1 0
275 98 -1 0
350 257 -1 0
7 94 -1 0
128 131 -1 0
283 107 -1 0
250 276 -1 0
31 84 -1 0
111 313 -1 0
312 391 -1 0
63 135 -1 0
183 332 -1 0
302 184 -1 0
115 290 -1 0
288 58 -1 0
322 187 -1 0
156 371 -1 0
197 356 -1 0
344 93 -1 0
245 86 -1 0
184 57 -1 0
383 291 -1 0
292 108 -1 0
317 154 -1 0
268 115 -1 0
10 241 -1 0
377 394 -1 0
199 122 -1 0
122 73 -1 0
119 235 -1 0
335 150 -1 0
338 62 -1 0
324 379 -1 0
61 370 -1 0
255 39 -1 0
373 57 -1 0
41 383 -1 0
387 397 -1 0
368 80 -1 0
29 12 -1 0
251 269 -1 0
108 280 -1 0
125 202 -1 0
106 296 -1 0
250 137 -1 0
83 162 -1 0
366 242 -1 0
85 0 -1 0
186 220 -1 0
298 35 -1 0
38 54 -1 0
184 81 -1 0
390 159 -1 0
372 67 -1 0
76 221 -1 0
86 169 -1 0
283 192 -1 0
57 378 -1 0
147 380 -1 0
354 175 -1 0
134 209 -1 0
139 185 -1 0
308 125 -1 0
376 362 -1 0
115 193 -1 0
350 180 -1 0
79 252 -1 0
274 193 -1 0
378 153 -1 0
394 26 -1 0
29 45 -1 0
62 282 -1 0
352 391 -1 0
44 226 -1 0
114 241 -1 0
227 198 -1 0
392 376 -1 0
292 184 -1 0
7 366 -1 0
135 365 -1 0
27 275 -1 0
312 232 -1 0
17 31 -1 0
204 187 -1 0
11 203 -1 0
202 177 -1 0
293 377 -1 0
150 292 -1 0
380 13 -1 0
10 205 -1 0
98 174 -1 0
270 323 -1 0
345 330 -1 0
21 89 -1 0
71 297 -1 0
216 284 -1 0
20 325 -1 0
261 165 -1 0
86 124 -1 0
214 83 -1 0
391 390 -1 0
230 32 -1 0
194 163 -1 0
266 153 -1 0
131 19 -1 0
347 167 -1 0
136 288 -1 0
330 27 -1 0
376 228 -1 0
79 258 -1 0
90 210 -1 0
362 254 -1 0
383 231 -1 0
378 262 -1 0
8 123 -1 0
300 50 -1 0
84 364 -1 0
109 234 -1 0
112 58 -1 0
125 229 -1 0
118 167 -1 0
259 233 -1 0
363 106 -1 0
104 208 -1 0
180 127 -1 0
360 108 -1 0
179 93 -1 0
292 213 -1 0
334 386 -1 0
340 110 -1 0
363 41 -1 0
165 358 -1 0
331 244 -1 0
392 260 -1 0
398 169 -1 0
158 81 -1 0
29 289 -1 0
243 115 -1 0
241 77 -1 0
213 294 -1 0
246 346 -1 0
85 29 -1 0
236 346 -1 0
281 335 -1 0
379 242 -1 0
272 259 -1 0
346 374 -1 0
34 124 -1 0
30 261 -1 0
160 329 -1 0
318 392 -1 0
121 393 -1 0
93 290 -1 0
279 57 -1 0
225 158 -1 0
389 97 -1 0
28 302 -1 0
388 308 -1 0
43 158 -1 0
312 63 -1 0
256 25 -1 0
301 175 -1 0
34 63 -1 0
24 130 -1 0
345 267 -1 0
57 168 -1 0
321 155 -1 0
148 271 -1 0
246 369 -1 0
94 196 -1 0
147 165 -1 0
18 240 -1 0
234 115 -1 0
17 347 -1 0
339 153 -1 0
53 237 -1 0
0 14 -1 0
388 298 -1 0
383 31 -1 0
37 218 -1 0
280 398 -1 0
369 322 -1 0
172 198 -1 0
327 49 -1 0
126 11 -1 0
334 27 -1 0
385 32 -1 0
335 388 -1 0
13 23 -1 0
321 26 -1 0
399 142 -1 0
59 45 -1 0
177 70 -1 0
332 33 -1 0
23 50 -1 0
242 79 -1 0
151 109 -1 0
231 63 -1 0
80 323 -1 0
346 124 -1 0
131 322 -1 0
135 363 -1 0
160 256 -1 0
294 355 -1 0
304 63 -1 0
125 382 -1 0
365 98 -1 0
6 53 -1 0
122 48 -1 0
209 217 -1 0
380 381 -1 0
167 131 -1 0
342 21 -1 0
395 315 -1 0
154 327 -1 0
229 349 -1 0
202 6 -1 0
307 75 -1 0
287 116 -1 0
365 240 -1 0
395 22 -1 0
4 169 -1 0
114 46 -1 0
6 179 -1 0
264 38 -1 0
350 199 -1 0
279 365 -1 0
141 285 -1 0
283 139 -1 0
2 239 -1 0
231 40 -1 0
125 270 -1 0
161 166 -1 0
72 377 -1 0
395 127 -1 0
88 10 -1 0
109 153 -1 0
305 86 -1 0
227 308 -1 0
154 92 -1 0
96 310 -1 0
104 301 -1 0
398 153 -1 0
312 199 -1 0
373 205 -1 0
77 81 -1 0
14 112 -1 0
259 348 -1 0
116 281 -1 0
132 286 -1 0
386 83 -1 0
193 340 -1 0
136 197 -1 0
350 96 -1 0
254 202 -1 0
10 288 -1 0
127 135 -1 0
53 19 -1 0
356 340 -1 0
86 372 -1 0
233 156 -1 0
35 149 -1 0
128 329 -1 0
247 11 -1 0
124 288 -1 0
378 339 -1 0
17 319 -1 0
392 130 -1 0
66 170 -1 0
305 20 -1 0
160 178 -1 0
281 396 -1 0
281 227 -1 0
376 211 -1 0
174 120 -1 0
100 271 -1 0
398 361 -1 0
321 82 -1 0
121 171 -1 0
78 9 -1 0
128 373 -1 0
70 324 -1 0
158 368 -1 0
138 248 -1 0
253 110 -1 0
29 228 -1 0
216 88 -1 0
281 126 -1 0
16 78 -1 0
105 297 -1 0
339 93 -1 0
136 113 -1 0
247 301 -1 0
372 347 -1 0
229 180 -1 0
161 385 -1 0
192 229 -1 0
395 143 -1 0
376 225 -1 0
104 305 -1 0
127 194 -1 0
340 106 -1 0
244 36 -1 0
190 344 -1 0
225 231 -1 0
51 155 -1 0
290 224 -1 0
115 35 -1 0
221 83 -1 0
375 387 -1 0
289 26 -1 0
116 178 -1 0
279 248 -1 0
72 240 -1 0
302 133 -1 0
177 132 -1 0
231 147 -1 0
16 387 -1 0
389 58 -1 0
36 362 -1 0
118 317 -1 0
260 275 -1 0
397 2 -1 0
76 378 -1 0
292 170 -1 0
251 308 -1 0
309 126 -1 0
372 70 -1 0
151 309 -1 0
323 196 -1 0
71 95 -1 0
242 256 -1 0
369 108 -1 0
106 282 -1 0
92 299 -1 0
332 92 -1 0
42 310 -1 0
111 360 -1 0
148 378 -1 0
0 305 -1 0
167 325 -1 0
266 148 -1 0
362 336 -1 0
94 219 -1 0
29 190 -1 0
50 190 -1 0
119 254 -1 0
90 189 -1 0
61 116 -1 0
274 89 -1 0
39 388 -1 0
137 44 -1 0
161 159 -1 0
128 108 -1 0
267 233 -1 0
32 288 -1 0
270 60 -1 0
98 320 -1 0
171 17 -1 0
19 286 -1 0
111 387 -1 0
197 198 -1 0
195 70 -1 0
63 345 -1 0
137 21 -1 0
18 166 -1 0
316 383 -1 0
258 278 -1 0
348 39 -1 0
391 369 -1 0
339 59 -1 0
109 302 -1 0
330 45 -1 0
113 48 -1 0
306 226 -1 0
366 292 -1 0
143 202 -1 0
374 232 -1 0
98 37 -1 0
37 115 -1 0
316 203 -1 0
82 341 -1 0
82 337 -1 0
8 19 -1 0
342 196 -1 0
275 85 -1 0
112 27 -1 0
361 332 -1 0
162 93 -1 0
18 334 -1 0
77 231 -1 0
33 362 -1 0
329 147 -1 0
158 79 -1 0
207 60 -1 0
107 303 -1 0
64 163 -1 0
280 240 -1 0
6 305 -1 0
383 60 -1 0
6 32 -1 0
87 13 -1 0
119 96 -1 0
107 150 -1 0
370 237 -1 0
57 332 -1 0
261 151 -1 0
232 84 -1 0
339 366 -1 0
233 393 -1 0
110 193 -1 0
27 372 -1 0
355 8 -1 0
334 50 -1 0
306 103 -1 0
357 95 -1 0
253 44 -1 0
80 103 -1 0
156 226 -1 0
60 100 -1 0
249 239 -1 0
131 312 -1 0
346 202 -1 0
101 358 -1 0
288 79 -1 0
125 309 -1 0
149 72 -1 0
386 108 -1 0
239 89 -1 0
251 174 -1 0
370 151 -1 0
317 69 -1 0
167 65 -1 0
204 75 -1 0
130 49 -1 0
117 176 -1 0
357 155 -1 0
327 36 -1 0
325 381 -1 0
208 290 -1 0
299 32 -1 0
190 279 -1 0
266 390 -1 0
231 92 -1 0
373 26 -1 0
179 364 -1 0
218 91 -1 0
351 151 -1 0
238 395 -1 0
30 155 -1 0
23 62 -1 0
367 386 -1 0
222 50 -1 0
90 262 -1 0
165 283 -1 0
13 242 -1 0
93 198 -1 0
394 338 -1 0
207 284 -1 0
213 180 -1 0
366 163 -1 0
165 154 -1 0
211 212 -1 0
247 73 -1 0
29 65 -1 0
44 71 -1 0
36 89 -1 0
367 139 -1 0
207 394 -1 0
112 287 -1 0
172 127 -1 0
337 148 -1 0
340 52 -1 0
213 33 -1 0
193 296 -1 0
266 315 -1 0
74 279 -1 0
171 195 -1 0
102 354 -1 0
134 78 -1 0
260 78 -1 0
221 14 -1 0
54 348 -1 0
69 391 -1 0
361 136 -1 0
48 215 -1 0
173 215 -1 0
248 1 -1 0
140 256 -1 0
101 80 -1 0
359 329 -1 0
74 327 -1 0
90 283 -1 0
197 142 -1 0
6 218 -1 0
181 298 -1 0
49 229 -1 0
111 300 -1 0
85 300 -1 0
123 95 -1 0
110 266 -1 0
366 162 -1 0
71 388 -1 0
382 161 -1 0
5 2 -1 0
267 99 -1 0
228 211 -1 0
39 380 -1 0
364 128 -1 0
18 104 -1 0
212 378 -1 0
248 88 -1 0
126 158 -1 0
383 317 -1 0
75 393 -1 0
374 256 -1 0
317 112 -1 0
263 394 -1 0
163 297 -1 0
297 360 -1 0
345 363 -1 0
289 99 -1 0
255 385 -1 0
350 316 -1 0
3 85 -1 0
40 66 -1 0
79 284 -1 0
121 72 -1 0
26 254 -1 0
176 258 -1 0
74 1 -1 0
356 326 -1 0
151 22 -1 0
314 151 -1 0
261 295 -1 0
172 374 -1 0
50 237 -1 0
332 21 -1 0
110 287 -1 0
215 73 -1 0
92 84 -1 0
390 63 -1 0
68 81 -1 0
255 111 -1 0
228 231 -1 0
347 209 -1 0
204 391 -1 0
342 129 -1 0
286 162 -1 0
204 370 -1 0
390 236 -1 0
180 228 -1 0
180 321 -1 0
6 101 -1 0
128 288 -1 0
139 151 -1 0
121 48 -1 0
180 118 -1 0
165 60 -1 0
99 351 -1 0
266 44 -1 0
20 344 -1 0
352 252 -1 0
261 391 -1 0
37 298 -1 0
30 333 -1 0
354 25 -1 0
108 308 -1 0
61 74 -1 0
342 84 -1 0
120 272 -1 0
378 40 -1 0
270 389 -1 0
30 328 -1 0
131 242 -1 0
34 208 -1 0
378 294 -1 0
48 214 -1 0
39 170 -1 0
208 153 -1 0
157 185 -1 0
117 186 -1 0
253 176 -1 0
338 179 -1 0
334 218 -1 0
382 5 -1 0
106 271 -1 0
234 30 -1 0
9 397 -1 0
288 173 -1 0
91 135 -1 0
224 307 -1 0
25 190 -1 0
34 359 -1 0
82 326 -1 0
113 351 -1 0
96 166 -1 0
96 231 -1 0
288 177 -1 0
101 393 -1 0
19 235 -1 0
235 341 -1 0
368 8 -1 0
221 242 -1 0
351 236 -1 0
274 187 -1 0
226 137 -1 0
132 367 -1 0
101 22 -1 0
357 294 -1 0
119 203 -1 0
383 88 -1 0
383 355 -1 0
79 139 -1 0
269 338 -1 0
81 114 -1 0
68 267 -1 0
167 165 -1 0
176 5 -1 0
136 49 -1 0
312 137 -1 0
335 102 -1 0
77 69 -1 0
125 118 -1 0
341 65 -1 0
264 289 -1 0
258 359 -1 0
330 90 -1 0
62 275 -1 0
321 147 -1 0
177 129 -1 0
122 396 -1 0
85 87 -1 0
194 66 -1 0
198 68 -1 0
11 136 -1 0
17 128 -1 0
306 90 -1 0
150 104 -1 0
4 321 -1 0
260 165 -1 0
398 168 -1 0
280 77 -1 0
179 318 -1 0
40 41 -1 0
44 288 -1 0
110 219 -1 0
200 303 -1 0
233 90 -1 0
161 181 -1 0
167 159 -1 0
147 26 -1 0
78 56 -1 0
16 269 -1 0
397 324 -1 0
188 207 -1 0
385 269 -1 0
396 47 -1 0
81 397 -1 0
104 116 -1 0
260 93 -1 0
41 103 -1 0
284 146 -1 0
236 55 -1 0
249 312 -1 0
159 180 -1 0
30 306 -1 0
351 134 -1 0
220 289 -1 0
23 66 -1 0
56 328 -1 0
157 270 -1 0
363 63 -1 0
346 293 -1 0
34 279 -1 0
204 348 -1 0
117 71 -1 0
256 199 -1 0
286 123 -1 0
346 109 -1 0
9 149 -1 0
217 74 -1 0
243 106 -1 0
94 58 -1 0
367 312 -1 0
133 377 -1 0
11 397 -1 0
303 41 -1 0
166 212 -1 0
321 102 -1 0
92 281 -1 0
221 353 -1 0
285 84 -1 0
371 287 -1 0
306 42 -1 0
164 236 -1 0
13 141 -1 0
359 74 -1 0
360 145 -1 0
186 49 -1 0
354 131 -1 0
3 287 -1 0
215 225 -1 0
111 81 -1 0
328 200 -1 0
157 173 -1 0
306 184 -1 0
52 283 -1 0
85 17 -1 0
307 190 -1 0
124 139 -1 0
123 317 -1 0
118 237 -1 0
136 160 -1 0
388 225 -1 0
364 139 -1 0
41 269 -1 0
49 379 -1 0
224 367 -1 0
336 254 -1 0
359 301 -1 0
356 250 -1 0
33 164 -1 0
60 131 -1 0
316 113 -1 0
27 238 -1 0
157 298 -1 0
71 337 -1 0
336 72 -1 0
314 240 -1 0
17 172 -1 0
210 161 -1 0
116 357 -1 0
198 303 -1 0
53 288 -1 0
375 244 -1 0
229 275 -1 0
2 322 -1 0
140 312 -1 0
304 22 -1 0
202 274 -1 0
166 179 -1 0
284 106 -1 0
219 354 -1 0
207 186 -1 0
378 176 -1 0
214 6 -1 0
17 387 -1 0
230 225 -1 0
71 19 -1 0
236 230 -1 0
259 240 -1 0
246 275 -1 0
5 86 -1 0
303 90 -1 0
290 223 -1 0
27 282 -1 0
85 25 -1 0
7 384 -1 0
55 159 -1 0
225 364 -1 0
135 180 -1 0
166 193 -1 0
194 183 -1 0
141 37 -1 0
61 392 -1 0
195 104 -1 0
308 164 -1 0
99 370 -1 0
305 191 -1 0
351 11 -1 0
20 196 -1 0
161 200 -1 0
315 187 -1 0
81 222 -1 0
198 40 -1 0
26 322 -1 0
363 70 -1 0
65 295 -1 0
98 370 -1 0
258 273 -1 0
291 63 -1 0
50 357 -1 0
264 276 -1 0
99 297 -1 0
114 86 -1 0
224 315 -1 0
29 164 -1 0
69 61 -1 0
133 255 -1 0
296 65 -1 0
37 247 -1 0
17 70 -1 0
18 121 -1 0
260 232 -1 0
397 68 -1 0
260 159 -1 0
393 203 -1 0
267 46 -1 0
253 298 -1 0
352 122 -1 0
313 142 -1 0
127 334 -1 0
283 373 -1 0
142 234 -1 0
102 165 -1 0
270 153 -1 0
109 85 -1 0
51 178 -1 0
75 34 -1 0
137 42 -1 0
125 131 -1 0
64 48 -1 0
368 374 -1 0
344 235 -1 0
362 340 -1 0
222 246 -1 0
76 233 -1 0
142 340 -1 0
128 312 -1 0
219 191 -1 0
79 76 -1 0
158 310 -1 0
118 236 -1 0
15 250 -1 0
316 202 -1 0
181 98 -1 0
73 361 -1 0
215 137 -1 0
252 214 -1 0
37 56 -1 0
263 73 -1 0
9 56 -1 0
362 23 -1 0
383 368 -1 0
394 57 -1 0
57 134 -1 0
217 18 -1 0
216 212 -1 0
92 89 -1 0
137 15 -1 0
275 385 -1 0
395 343 -1 0
84 370 -1 0
342 251 -1 0
285 194 -1 0
320 144 -1 0
227 82 -1 0
162 320 -1 0
63 385 -1 0
285 106 -1 0
282 77 -1 0
115 339 -1 0
189 59 -1 0
5 119 -1 0
112 13 -1 0
303 32 -1 0
60 231 -1 0
50 328 -1 0
69 368 -1 0
43 73 -1 0
169 168 -1 0
31 278 -1 0
15 303 -1 0
217 214 -1 0
95 29 -1 0
338 277 -1 0
355 33 -1 0
29 43 -1 0
332 147 -1 0
234 73 -1 0
215 136 -1 0
279 105 -1 0
353 145 -1 0
120 340 -1 0
136 172 -1 0
175 172 -1 0
145 182 -1 0
390 295 -1 0
146 269 -1 0
150 165 -1 0
300 383 -1 0
157 81 -1 0
344 355 -1 0
132 381 -1 0
96 205 -1 0
218 146 -1 0
27 206 -1 0
147 113 -1 0
122 310 -1 0
122 365 -1 0
374 47 -1 0
218 236 -1 0
19 373 -1 0
278 136 -1 0
128 331 -1 0
325 233 -1 0
134 385 -1 0
378 47 -1 0
378 325 -1 0
96 204 -1 0
273 270 -1 0
60 48 -1 0
170 342 -1 0
21 256 -1 0
244 35 -1 0
199 75 -1 0
3 381 -1 0
303 74 -1 0
15 108 -1 0
384 193 -1 0
208 71 -1 0
120 308 -1 0
133 117 -1 0
29 109 -1 0
273 382 -1 0
9 65 -1 0
336 23 -1 0
161 390 -1 0
36 168 -1 0
32 309 -1 0
17 150 -1 0
351 270 -1 0
136 214 -1 0
84 344 -1 0
273 362 -1 0
59 26 -1 0
20 202 -1 0
68 277 -1 0
334 58 -1 0
281 370 -1 0
42 328 -1 0
315 1 -1 0
239 22 -1 0
312 106 -1 0
155 44 -1 0
45 361 -1 0
129 329 -1 0
0 295 -1 0
128 370 -1 0
188 117 -1 0
17 17 -1 0
337 146 -1 0
245 357 -1 0
93 197 -1 0
0 114 -1 0
374 205 -1 0
396 269 -1 0
343 76 -1 0
105 15 -1 0
192 250 -1 0
389 378 -1 0
315 180 -1 0
56 392 -1 0
215 139 -1 0
390 201 -1 0
99 77 -1 0
225 13 -1 0
276 137 -1 0
347 162 -1 0
212 50 -1 0
38 162 -1 0
378 135 -1 0
268 239 -1 0
351 349 -1 0
145 344 -1 0
45 391 -1 0
322 246 -1 0
39 220 -1 0
202 30 -1 0
254 92 -1 0
383 384 -1 0
308 156 -1 0
191 316 -1 0
347 84 -1 0
12 153 -1 0
39 75 -1 0
293 374 -1 0
194 193 -1 0
232 36 -1 0
72 70 -1 0
16 130 -1 0
5 186 -1 0
88 71 -1 0
395 216 -1 0
304 52 -1 0
16 169 -1 0
396 80 -1 0
330 399 -1 0
141 197 -1 0
381 379 -1 0
194 174 -1 0
255 219 -1 0
60 15 -1 0
213 51 -1 0
326 233 -1 0
71 308 -1 0
148 142 -1 0
372 42 -1 0
346 253 -1 0
327 236 -1 0
299 61 -1 0
40 219 -1 0
80 263 -1 0
350 163 -1 0
95 175 -1 0
165 191 -1 0
280 196 -1 0
16 372 -1 0
23 9 -1 0
387 24 -1 0
276 345 -1 0
34 281 -1 0
328 114 -1 0
89 270 -1 0
196 107 -1 0
16 26 -1 0
233 329 -1 0
244 83 -1 0
68 310 -1 0
264 348 -1 0
300 44 -1 0
268 48 -1 0
340 157 -1 0
119 48 -1 0
339 139 -1 0
69 370 -1 0
254 160 -1 0
276 360 -1 0
208 229 -1 0
221 280 -1 0
10 388 -1 0
128 241 -1 0
136 213 -1 0
161 92 -1 0
44 182 -1 0
10 191 -1 0
212 317 -1 0
126 147 -1 0
87 38 -1 0
134 44 -1 0
222 141 -1 0
42 219 -1 0
175 347 -1 0
200 380 -1 0
261 224 -1 0
305 368 -1 0
369 70 -1 0
374 335 -1 0
258 337 -1 0
389 308 -1 0
22 381 -1 0
398 28 -1 0
302 381 -1 0
0 91 -1 0
329 202 -1 0
91 81 -1 0
296 187 -1 0
247 56 -1 0
81 301 -1 0
143 164 -1 0
285 60 -1 0
196 255 -1 0
84 102 -1 0
12 22 -1 0
258 213 -1 0
237 335 -1 0
19 141 -1 0
190 390 -1 0
337 347 -1 0
214 348 -1 0
17 125 -1 0
313 370 -1 0
210 306 -1 0
276 214 -1 0
27 2 -1 0
388 170 -1 0
43 176 -1 0
315 76 -1 0
281 187 -1 0
221 90 -1 0
99 336 -1 0
43 57 -1 0
24 287 -1 0
356 126 -1 0
13 10 -1 0
193 31 -1 0
306 212 -1 0
72 362 -1 0
68 259 -1 0
242 370 -1 0
229 14 -1 0
68 233 -1 0
298 1 -1 0
380 386 -1 0
377 218 -1 0
73 365 -1 0
64 366 -1 0
119 39 -1 0
169 148 -1 0
46 334 -1 0
138 374 -1 0
26 249 -1 0
353 19 -1 0
23 392 -1 0
110 254 -1 0
222 39 -1 0
370 225 -1 0
251 68 -1 0
221 367 -1 0
350 383 -1 0
0 325 -1 0
1 199 -1 0
143 97 -1 0
147 201 -1 0
193 292 -1 0
258 293 -1 0
323 212 -1 0
121 398 -1 0
56 81 -1 0
93 341 -1 0
66 147 -1 0
32 383 -1 0
13 278 -1 0
144 189 -1 0
324 62 -1 0
248 115 -1 0
318 35 -1 0
111 201 -1 0
79 143 -1 0
269 26 -1 0
308 130 -1 0
307 383 -1 0
124 121 -1 0
354 139 -1 0
282 209 -1 0
220 132 -1 0
19 250 -1 0
62 110 -1 0
276 174 -1 0
55 145 -1 0
333 214 -1 0
176 383 -1 0
248 170 -1 0
194 102 -1 0
221 124 -1 0
183 300 -1 0
38 148 -1 0
133 281 -1 0
256 369 -1 0
352 313 -1 0
148 367 -1 0
157 143 -1 0
224 239 -1 0
115 397 -1 0
98 163 -1 0
135 166 -1 0
241 154 -1 0
164 253 -1 0
276 135 -1 0
177 218 -1 0
382 222 -1 0
299 11 -1 0
220 342 -1 0
93 312 -1 0
30 39 -1 0
102 388 -1 0
39 73 -1 0
18 82 -1 0
192 121 -1 0
133 248 -1 0
179 48 -1 0
355 177 -1 0
97 221 -1 0
201 310 -1 0
162 150 -1 0
131 315 -1 0
21 144 -1 0
272 378 -1 0
51 384 -1 0
257 109 -1 0
316 186 -1 0
342 200 -1 0
269 188 -1 0
145 123 -1 0
30 387 -1 0
205 313 -1 0
181 64 -1 0
94 397 -1 0
345 315 -1 0
118 363 -1 0
113 218 -1 0
273 32 -1 0
298 375 -1 0
98 177 -1 0
232 122 -1 0
234 23 -1 0
337 151 -1 0
182 79 -1 0
286 16 -1 0
196 167 -1 0
377 393 -1 0
82 54 -1 0
30 199 -1 0
153 264 -1 0
22 322 -1 0
54 39 -1 0
70 292 -1 0
29 381 -1 0
244 336 -1 0
149 75 -1 0
63 46 -1 0
60 154 -1 0
191 234 -1 0
10 174 -1 0
258 43 -1 0
99 19 -1 0
259 40 -1 0
246 291 -1 0
313 37 -1 0
253 267 -1 0
252 368 -1 0
92 12 -1 0
100 352 -1 0
202 313 -1 0
294 77 -1 0
187 158 -1 0
24 231 -1 0
209 368 -1 0
91 100 -1 0
217 129 -1 0
105 135 -1 0
308 198 -1 0
367 20 -1 0
187 92 -1 0
219 136 -1 0
55 130 -1 0
109 121 -1 0
97 68 -1 0
91 340 -1 0
81 247 -1 0
393 50 -1 0
178 29 -1 0
269 66 -1 0
152 197 -1 0
7 160 -1 0
245 39 -1 0
140 78 -1 0
399 156 -1 0
214 37 -1 0
5 354 -1 0
17 81 -1 0
85 10 -1 0
44 259 -1 0
3 114 -1 0
1 74 -1 0
245 175 -1 0
300 221 -1 0
193 179 -1 0
183 81 -1 0
293 128 -1 0
208 22 -1 0
278 179 -1 0
381 370 -1 0
184 331 -1 0
96 180 -1 0
350 326 -1 0
367 177 -1 0
394 35 -1 0
68 353 -1 0
92 331 -1 0
41 65 -1 0
76 303 -1 0
37 245 -1 0
41 301 -1 0
393 354 -1 0
185 226 -1 0
148 80 -1 0
230 3 -1 0
161 0 -1 0
73 137 -1 0
7 25 -1 0
101 333 -1 0
381 257 -1 0
110 242 -1 0
233 213 -1 0
224 170 -1 0
70 119 -1 0
210 61 -1 0
248 197 -1 0
34 50 -1 0
199 102 -1 0
184 292 -1 0
368 145 -1 0
293 59 -1 0
204 212 -1 0
389 131 -1 0
127 325 -1 0
124 39 -1 0
23 294 -1 0
365 97 -1 0
213 158 -1 0
83 109 -1 0
210 98 -1 0
188 234 -1 0
44 184 -1 0
353 140 -1 0
321 227 -1 0
128 369 -1 0
291 18 -1 0
361 200 -1 0
25 10 -1 0
308 175 -1 0
345 272 -1 0
205 140 -1 0
100 326 -1 0
163 145 -1 0
254 208 -1 0
233 288 -1 0
205 214 -1 0
178 2 -1 0
224 283 -1 0
162 95 -1 0
193 109 -1 0
110 375 -1 0
97 249 -1 0
80 179 -1 0
249 83 -1 0
296 233 -1 0
332 72 -1 0
54 172 -1 0
380 345 -1 0
301 378 -1 0
114 386 -1 0
288 377 -1 0
367 346 -1 0
221 69 -1 0
329 148 -1 0
175 364 -1 0
385 169 -1 0
6 68 -1 0
86 248 -1 0
363 390 -1 0
389 51 -1 0
217 337 -1 0
367 391 -1 0
358 267 -1 0
379 150 -1 0
61 23 -1 0
373 323 -1 0
257 16 -1 0
168 66 -1 0
189 61 -1 0
311 66 -1 0
300 127 -1 0
228 32 -1 0
8 295 -1 0
17 45 -1 0
54 381 -1 0
100 291 -1 0
89 246 -1 0
375 78 -1 0
367 236 -1 0
13 83 -1 0
369 155 -1 0
149 139 -1 0
48 117 -1 0
15 176 -1 0
222 274 -1 0
258 290 -1 0
47 204 -1 0
2 191 -1 0
130 76 -1 0
237 291 -1 0
398 123 -1 0
215 97 -1 0
238 222 -1 0
57 285 -1 0
283 206 -1 0
182 149 -1 0
163 160 -1 0
57 35 -1 0
184 16 -1 0
76 322 -1 0
124 172 -1 0
78 204 -1 0
233 209 -1 0
7 324 -1 0
279 101 -1 0
353 340 -1 0
275 24 -1 0
258 55 -1 0
393 9 -1 0
262 63 -1 0
265 129 -1 0
14 324 -1 0
78 289 -1 0
328 247 -1 0
42 128 -1 0
80 13 -1 0
179 37 -1 0
371 301 -1 0
155 336 -1 0
132 165 -1 0
359 32 -1 0
78 0 -1 0
361 85 -1 0
4 20 -1 0
108 193 -1 0
234 25 -1 0
49 399 -1 0
118 202 -1 0
266 116 -1 0
71 58 -1 0
199 123 -1 0
166 36 -1 0
321 363 -1 0
289 348 -1 0
383 215 -1 0
214 54 -1 0
136 101 -1 0
262 354 -1 0
46 84 -1 0
70 186 -1 0
175 63 -1 0
72 314 -1 0
338 274 -1 0
82 290 -1 0
58 89 -1 0
345 121 -1 0
231 149 -1 0
366 157 -1 0
282 371 -1 0
92 323 -1 0
43 360 -1 0
70 328 -1 0
70 260 -1 0
358 307 -1 0
281 122 -1 0
368 133 -1 0
248 296 -1 0
129 256 -1 0
304 139 -1 0
195 19 -1 0
235 79 -1 0
1 161 -1 0
162 67 -1 0
326 174 -1 0
226 112 -1 0
263 120 -1 0
187 121 -1 0
391 386 -1 0
327 44 -1 0
353 280 -1 0
67 261 -1 0
34 36 -1 0
67 40 -1 0
308 195 -1 0
17 12 -1 0
250 395 -1 0
3 9 -1 0
333 392 -1 0
189 0 -1 0
36 248 -1 0
21 312 -1 0
145 262 -1 0
344 111 -1 0
333 189 -1 0
147 92 -1 0
131 209 -1 0
392 191 -1 0
218 160 -1 0
14 59 -1 0
342 66 -1 0
302 396 -1 0
166 328 -1 0
113 273 -1 0
160 42 -1 0
233 171 -1 0
240 252 -1 0
308 84 -1 0
154 351 -1 0
212 180 -1 0
241 102 -1 0
227 94 -1 0
161 309 -1 0
62 223 -1 0
128 52 -1 0
232 372 -1 0
161 26 -1 0
380 239 -1 0
261 388 -1 0
326 109 -1 0
195 370 -1 0
155 348 -1 0
380 234 -1 0
29 152 -1 0
124 160 -1 0
4 10 -1 0
151 58 -1 0
173 375 -1 0
10 73 -1 0
249 108 -1 0
171 395 -1 0
343 170 -1 0
361 147 -1 0
294 43 -1 0
349 43 -1 0
150 229 -1 0
11 302 -1 0
184 268 -1 0
181 52 -1 0
372 88 -1 0
196 331 -1 0
371 50 -1 0
219 312 -1 0
134 172 -1 0
330 398 -1 0
341 14 -1 0
338 2 -1 0
317 138 -1 0
238 63 -1 0
211 216 -1 0
33 341 -1 0
97 110 -1 0
48 321 -1 0
76 250 -1 0
399 82 -1 0
247 108 -1 0
193 155 -1 0
195 137 -1 0
89 222 -1 0
51 175 -1 0
309 97 -1 0
327 115 -1 0
290 109 -1 0
181 240 -1 0
385 244 -1 0
367 229 -1 0
44 91 -1 0
196 268 -1 0
47 173 -1 0
204 237 -1 0
113 182 -1 0
366 39 -1 0
252 296 -1 0
175 88 -1 0
236 297 -1 0
333 394 -1 0
265 288 -1 0
371 7 -1 0
323 387 -1 0
334 371 -1 0
183 333 -1 0
350 119 -1 0
84 367 -1 0
324 378 -1 0
386 362 -1 0
319 152 -1 0
252 92 -1 0
27 318 -1 0
294 126 -1 0
345 319 -1 0
356 239 -1 0
382 167 -1 0
322 185 -1 0
260 270 -1 0
227 206 -1 0
163 339 -1 0
92 122 -1 0
188 124 -1 0
110 338 -1 0
125 335 -1 0
331 371 -1 0
376 66 -1 0
165 168 -1 0
216 137 -1 0
374 399 -1 0
358 381 -1 0
184 347 -1 0
28 269 -1 0
308 151 -1 0
229 204 -1 0
324 8 -1 0
225 206 -1 0
116 262 -1 0
28 167 -1 0
252 151 -1 0
36 197 -1 0
45 387 -1 0
253 276 -1 0
237 121 -1 0
132 24 -1 0
123 237 -1 0
299 116 -1 0
315 96 -1 0
45 289 -1 0
185 231 -1 0
39 397 -1 0
133 378 -1 0
351 299 -1 0
132 269 -1 0
61 207 -1 0
271 205 -1 0
100 381 -1 0
337 76 -1 0
123 287 -1 0
75 362 -1 0
293 363 -1 0
264 257 -1 0
199 396 -1 0
232 107 -1 0
180 106 -1 0
245 52 -1 0
140 298 -1 0
163 104 -1 0
371 345 -1 0
35 49 -1 0
132 65 -1 0
332 254 -1 0
125 363 -1 0
243 93 -1 0
260 291 -1 0
128 341 -1 0
154 373 -1 0
16 304 -1 0
252 61 -1 0
26 75 -1 0
119 316 -1 0
368 123 -1 0
348 352 -1 0
200 7 -1 0
303 115 -1 0
260 252 -1 0
202 283 -1 0
216 249 -1 0
331 49 -1 0
245 254 -1 0
118 123 -1 0
324 34 -1 0
170 326 -1 0
298 47 -1 0
48 98 -1 0
4 167 -1 0
96 176 -1 0
363 154 -1 0
111 267 -1 0
375 129 -1 0
338 152 -1 0
33 246 -1 0
368 71 -1 0
57 159 -1 0
166 125 -1 0
12 361 -1 0
21 280 -1 0
67 193 -1 0
310 223 -1 0
180 396 -1 0
300 56 -1 0
99 213 -1 0
339 355 -1 0
8 153 -1 0
254 149 -1 0
39 286 -1 0
139 284 -1 0
21 139 -1 0
118 275 -1 0
180 376 -1 0
40 137 -1 0
327 114 -1 0
159 65 -1 0
201 251 -1 0
254 291 -1 0
290 201 -1 0
364 171 -1 0
110 393 -1 0
175 105 -1 0
54 291 -1 0
239 289 -1 0
47 355 -1 0
384 109 -1 0
276 170 -1 0
334 391 -1 0
112 15 -1 0
230 221 -1 0
22 335 -1 0
66 391 -1 0
121 259 -1 0
172 34 -1 0
114 67 -1 0
1 211 -1 0
44 130 -1 0
212 199 -1 0
188 377 -1 0
30 233 -1 0
198 179 -1 0
263 27 -1 0
272 227 -1 0
351 250 -1 0
212 251 -1 0
0 115 -1 0
26 175 -1 0
232 277 -1 0
220 280 -1 0
65 157 -1 0
71 121 -1 0
159 246 -1 0
317 366 -1 0
63 58 -1 0
76 149 -1 0
243 188 -1 0
62 240 -1 0
201 308 -1 0
335 57 -1 0
325 164 -1 0
397 48 -1 0
104 313 -1 0
3 174 -1 0
377 150 -1 0
226 23 -1 0
58 349 -1 0
265 106 -1 0
226 106 -1 0
394 393 -1 0
341 209 -1 0
350 0 -1 0
80 293 -1 0
364 242 -1 0
24 109 -1 0
129 166 -1 0
261 201 -1 0
232 367 -1 0
396 79 -1 0
196 80 -1 0
263 326 -1 0
137 311 -1 0
87 242 -1 0
349 291 -1 0
217 20 -1 0
193 236 -1 0
235 250 -1 0
267 311 -1 0
273 21 -1 0
14 130 -1 0
263 370 -1 0
11 19 -1 0
142 212 -1 0
261 129 -1 0
36 261 -1 0
175 366 -1 0
156 327 -1 0
24 58 -1 0
64 332 -1 0
14 178 -1 0
344 140 -1 0
243 287 -1 0
34 322 -1 0
247 322 -1 0
57 54 -1 0
106 392 -1 0
143 332 -1 0
47 71 -1 0
371 251 -1 0
9 202 -1 0
316 200 -1 0
41 152 -1 0
230 385 -1 0
251 176 -1 0
102 27 -1 0
397 230 -1 0
198 364 -1 0
53 122 -1 0
252 0 -1 0
17 365 -1 0
265 59 -1 0
74 45 -1 0
159 144 -1 0
166 11 -1 0
239 347 -1 0
70 96 -1 0
179 62 -1 0
362 78 -1 0
153 381 -1 0
244 210 -1 0
216 141 -1 0
55 62 -1 0
293 55 -1 0
355 378 -1 0
23 330 -1 0
47 183 -1 0
387 33 -1 0
213 378 -1 0
133 69 -1 0
296 47 -1 0
263 136 -1 0
21 50 -1 0
116 137 -1 0
38 165 -1 0
31 326 -1 0
340 203 -1 0
166 149 -1 0
104 201 -1 0
223 171 -1 0
158 186 -1 0
89 107 -1 0
270 196 -1 0
308 124 -1 0
38 304 -1 0
67 1 -1 0
203 353 -1 0
94 28 -1 0
374 373 -1 0
354 13 -1 0
107 61 -1 0
208 112 -1 0
4 93 -1 0
224 126 -1 0
154 94 -1 0
34 278 -1 0
282 201 -1 0
93 203 -1 0
373 128 -1 0
112 290 -1 0
363 347 -1 0
90 218 -1 0
267 337 -1 0
381 50 -1 0
266 273 -1 0
285 349 -1 0
78 93 -1 0
154 70 -1 0
378 170 -1 0
144 23 -1 0
62 157 -1 0
375 247 -1 0
83 68 -1 0
294 234 -1 0
222 335 -1 0
231 67 -1 0
211 100 -1 0
107 146 -1 0
61 38 -1 0
68 281 -1 0
14 357 -1 0
204 88 -1 0
341 45 -1 0
94 155 -1 0
239 374 -1 0
121 229 -1 0
239 78 -1 0
161 16 -1 0
375 301 -1 0
185 11 -1 0
96 296 -1 0
73 42 -1 0
347 153 -1 0
218 330 -1 0
39 141 -1 0
116 336 -1 0
204 112 -1 0
47 287 -1 0
8 285 -1 0
68 199 -1 0
20 222 -1 0
211 142 -1 0
49 338 -1 0
217 40 -1 0
373 60 -1 0
275 172 -1 0
104 96 -1 0
38 31 -1 0
333 62 -1 0
12 198 -1 0
61 206 -1 0
5 153 -1 0
173 234 -1 0
200 288 -1 0
153 335 -1 0
70 322 -1 0
345 36 -1 0
244 161 -1 0
67 210 -1 0
210 84 -1 0
294 115 -1 0
234 374 -1 0
151 52 -1 0
361 155 -1 0
120 27 -1 0
301 223 -1 0
21 379 -1 0
356 134 -1 0
88 390 -1 0
159 233 -1 0
25 391 -1 0
0 40 -1 0
158 359 -1 0
58 302 -1 0
398 348 -1 0
267 114 -1 0
193 298 -1 0
349 118 -1 0
25 112 -1 0
192 51 -1 0
388 95 -1 0
389 88 -1 0
33 42 -1 0
384 351 -1 0
154 188 -1 0
276 257 -1 0
340 248 -1 0
20 93 -1 0
205 381 -1 0
63 34 -1 0
25 183 -1 0
224 398 -1 0
70 17 -1 0
261 48 -1 0
256 98 -1 0
353 172 -1 0
40 178 -1 0
276 21 -1 0
192 198 -1 0
30 182 -1 0
253 70 -1 0
298 387 -1 0
336 76 -1 0
308 181 -1 0
299 105 -1 0
293 130 -1 0
370 350 -1 0
57 222 -1 0
166 293 -1 0
325 179 -1 0
246 37 -1 0
146 75 -1 0
251 92 -1 0
216 281 -1 0
355 379 -1 0
2 9 -1 0
36 129 -1 0
313 17 -1 0
229 262 -1 0
18 117 -1 0
374 61 -1 0
140 126 -1 0
343 49 -1 0
190 300 -1 0
349 149 -1 0
370 137 -1 0
51 397 -1 0
221 128 -1 0
328 74 -1 0
295 25 -1 0
337 177 -1 0
312 191 -1 0
204 372 -1 0
390 218 -1 0
344 228 -1 0
350 3 -1 0
241 155 -1 0
119 146 -1 0
385 220 -1 0
126 217 -1 0
208 231 -1 0
155 132 -1 0
150 121 -1 0
140 238 -1 0
37 150 -1 0
70 239 -1 0
282 353 -1 0
392 370 -1 0
48 278 -1 0
61 317 -1 0
179 143 -1 0
230 392 -1 0
93 389 -1 0
2 80 -1 0
320 8 -1 0
149 173 -1 0
37 289 -1 0
379 163 -1 0
298 77 -1 0
93 1 -1 0
394 37 -1 0
114 191 -1 0
19 314 -1 0
180 342 -1 0
148 344 -1 0
114 269 -1 0
222 360 -1 0
49 305 -1 0
318 39 -1 0
17 169 -1 0
321 216 -1 0
27 378 -1 0
43 307 -1 0
46 203 -1 0
175 283 -1 0
37 249 -1 0
102 288 -1 0
308 33 -1 0
274 196 -1 0
46 157 -1 0
80 144 -1 0
82 246 -1 0
388 349 -1 0
229 245 -1 0
204 284 -1 0
239 350 -1 0
292 178 -1 0
142 130 -1 0
284 80 -1 0
296 92 -1 0
388 363 -1 0
386 390 -1 0
215 341 -1 0
306 366 -1 0
367 75 -1 0
237 261 -1 0
356 67 -1 0
388 100 -1 0
248 382 -1 0
335 136 -1 0
333 56 -1 0
147 178 -1 0
385 261 -1 0
353 60 -1 0
118 150 -1 0
43 251 -1 0
292 354 -1 0
92 302 -1 0
317 35 -1 0
98 374 -1 0
92 155 -1 0
343 162 -1 0
380 197 -1 0
154 136 -1 0
78 313 -1 0
153 13 -1 0
298 4 -1 0
185 375 -1 0
324 195 -1 0
187 368 -1 0
217 159 -1 0
399 56 -1 0
399 390 -1 0
182 277 -1 0
1 296 -1 0
344 101 -1 0
297 215 -1 0
50 298 -1 0
72 281 -1 0
280 202 -1 0
348 259 -1 0
378 292 -1 0
305 150 -1 0
356 199 -1 0
262 210 -1 0
199 70 -1 0
175 232 -1 0
333 235 -1 0
215 96 -1 0
359 332 -1 0
68 348 -1 0
213 336 -1 0
8 88 -1 0
188 59 -1 0
288 226 -1 0
302 19 -1 0
364 6 -1 0
89 72 -1 0
219 331 -1 0
205 388 -1 0
347 253 -1 0
295 130 -1 0
74 112 -1 0
100 50 -1 0
119 226 -1 0
81 170 -1 0
91 19 -1 0
138 279 -1 0
392 103 -1 0
163 69 -1 0
268 236 -1 0
383 62 -1 0
38 204 -1 0
392 157 -1 0
10 351 -1 0
270 34 -1 0
44 358 -1 0
396 217 -1 0
123 48 -1 0
303 147 -1 0
217 222 -1 0
378 219 -1 0
321 394 -1 0
256 210 -1 0
124 6 -1 0
230 368 -1 0
210 1 -1 0
349 100 -1 0
127 394 -1 0
78 46 -1 0
45 193 -1 0
210 312 -1 0
334 65 -1 0
371 22 -1 0
255 266 -1 0
267 256 -1 0
285 54 -1 0
129 304 -1 0
391 47 -1 0
380 89 -1 0
29 226 -1 0
128 56 -1 0
60 355 -1 0
110 47 -1 0
297 120 -1 0
35 327 -1 0
51 287 -1 0
314 114 -1 0
147 273 -1 0
275 335 -1 0
35 281 -1 0
14 252 -1 0
2 63 -1 0
265 270 -1 0
98 7 -1 0
380 145 -1 0
367 131 -1 0
386 285 -1 0
143 11 -1 0
61 343 -1 0
295 29 -1 0
376 325 -1 0
376 120 -1 0
97 242 -1 0
258 157 -1 0
98 196 -1 0
152 82 -1 0
350 112 -1 0
297 228 -1 0
6 43 -1 0
384 314 -1 0
293 208 -1 0
96 121 -1 0
216 56 -1 0
115 321 -1 0
69 285 -1 0
268 137 -1 0
100 30 -1 0
291 391 -1 0
35 363 -1 0
314 229 -1 0
198 385 -1 0
24 173 -1 0
34 212 -1 0
266 366 -1 0
249 94 -1 0
331 96 -1 0
347 110 -1 0
155 340 -1 0
307 395 -1 0
373 302 -1 0
20 358 -1 0
391 61 -1 0
142 174 -1 0
313 235 -1 0
33 203 -1 0
183 339 -1 0
356 106 -1 0
322 1 -1 0
53 188 -1 0
274 337 -1 0
136 264 -1 0
312 224 -1 0
347 87 -1 0
316 216 -1 0
337 33 -1 0
12 92 -1 0
41 181 -1 0
79 236 -1 0
254 272 -1 0
54 42 -1 0
194 58 -1 0
366 11 -1 0
398 322 -1 0
291 71 -1 0
42 372 -1 0
210 3 -1 0
84 34 -1 0
301 366 -1 0
332 7 -1 0
257 52 -1 0
205 121 -1 0
18 18 -1 0
366 229 -1 0
123 57 -1 0
356 72 -1 0
49 275 -1 0
88 344 -1 0
207 175 -1 0
187 188 -1 0
200 18 -1 0
339 183 -1 0
76 371 -1 0
16 94 -1 0
395 125 -1 0
260 289 -1 0
380 86 -1 0
395 126 -1 0
215 262 -1 0
392 343 -1 0
322 182 -1 0
14 365 -1 0
150 92 -1 0
243 227 -1 0
342 122 -1 0
99 87 -1 0
73 99 -1 0
325 201 -1 0
85 334 -1 0
1 178 -1 0
190 306 -1 0
392 209 -1 0
131 164 -1 0
102 156 -1 0
361 126 -1 0
57 11 -1 0
198 186 -1 0
284 104 -1 0
244 193 -1 0
130 42 -1 0
187 0 -1 0
375 61 -1 0
284 343 -1 0
13 158 -1 0
280 42 -1 0
196 110 -1 0
253 0 -1 0
287 57 -1 0
295 158 -1 0
338 87 -1 0
69 150 -1 0
359 186 -1 0
39 115 -1 0
41 389 -1 0
353 78 -1 0
77 171 -1 0
98 269 -1 0
263 358 -1 0
25 23 -1 0
77 305 -1 0
206 146 -1 0
149 242 -1 0
210 42 -1 0
241 398 -1 0
167 19 -1 0
42 18 -1 0
44 119 -1 0
23 311 -1 0
266 196 -1 0
217 100 -1 0
174 173 -1 0
395 391 -1 0
389 24 -1 0
13 218 -1 0
309 93 -1 0
212 19 -1 0
261 15 -1 0
363 111 -1 0
101 39 -1 0
266 287 -1 0
219 382 -1 0
105 374 -1 0
263 13 -1 0
91 53 -1 0
4 165 -1 0
395 372 -1 0
164 195 -1 0
77 306 -1 0
353 380 -1 0
223 121 -1 0
245 249 -1 0
319 162 -1 0
334 38 -1 0
301 121 -1 0
105 214 -1 0
99 65 -1 0
231 70 -1 0
97 179 -1 0
388 309 -1 0
308 101 -1 0
281 360 -1 0
247 257 -1 0
128 322 -1 0
179 97 -1 0
2 259 -1 0
205 224 -1 0
370 395 -1 0
345 378 -1 0
214 181 -1 0
68 343 -1 0
41 167 -1 0
81 242 -1 0
87 308 -1 0
399 222 -1 0
7 312 -1 0
210 95 -1 0
14 214 -1 0
44 23 -1 0
389 107 -1 0
234 0 -1 0
397 348 -1 0
113 132 -1 0
102 59 -1 0
248 67 -1 0
375 122 -1 0
99 114 -1 0
6 92 -1 0
157 340 -1 0
52 114 -1 0
213 9 -1 0
390 249 -1 0
128 236 -1 0
84 225 -1 0
81 82 -1 0
100 289 -1 0
365 391 -1 0
353 201 -1 0
265 116 -1 0
142 363 -1 0
19 356 -1 0
15 124 -1 0
272 213 -1 0
253 89 -1 0
115 147 -1 0
220 358 -1 0
74 132 -1 0
194 108 -1 0
246 390 -1 0
85 206 -1 0
329 191 -1 0
241 293 -1 0
278 383 -1 0
202 382 -1 0
229 354 -1 0
114 160 -1 0
187 171 -1 0
357 130 -1 0
335 351 -1 0
55 242 -1 0
9 384 -1 0
334 172 -1 0
33 115 -1 0
294 6 -1 0
221 211 -1 0
6 77 -1 0
316 133 -1 0
244 25 -1 0
171 31 -1 0
130 139 -1 0
113 39 -1 0
95 51 -1 0
81 131 -1 0
196 189 -1 0
279 83 -1 0
326 365 -1 0
27 189 -1 0
250 149 -1 0
396 22 -1 0
393 226 -1 0
382 285 -1 0
253 270 -1 0
19 341 -1 0
84 397 -1 0
78 71 -1 0
93 219 -1 0
205 45 -1 0
71 52 -1 0
286 203 -1 0
231 155 -1 0
169 304 -1 0
10 113 -1 0
266 243 -1 0
272 397 -1 0
199 203 -1 0
102 319 -1 0
19 162 -1 0
93 278 -1 0
227 171 -1 0
164 130 -1 0
129 259 -1 0
138 32 -1 0
88 261 -1 0
219 71 -1 0
268 345 -1 0
146 354 -1 0
260 209 -1 0
329 104 -1 0
277 43 -1 0
160 151 -1 0
99 171 -1 0
65 225 -1 0
243 274 -1 0
10 114 -1 0
1 361 -1 0
38 340 -1 0
186 306 -1 0
301 132 -1 0
380 199 -1 0
355 339 -1 0
120 158 -1 0
262 90 -1 0
55 97 -1 0
378 257 -1 0
369 232 -1 0
84 358 -1 0
122 270 -1 0
41 153 -1 0
138 297 -1 0
117 11 -1 0
165 202 -1 0
147 260 -1 0
128 100 -1 0
128 196 -1 0
337 379 -1 0
286 1 -1 0
114 169 -1 0
93 342 -1 0
55 89 -1 0
100 237 -1 0
349 38 -1 0
190 89 -1 0
45 363 -1 0
272 18 -1 0
266 145 -1 0
140 316 -1 0
40 150 -1 0
80 288 -1 0
147 288 -1 0
172 345 -1 0
39 3 -1 0
377 303 -1 0
258 251 -1 0
144 276 -1 0
356 298 -1 0
211 259 -1 0
82 372 -1 0
278 41 -1 0
312 140 -1 0
232 18 -1 0
181 380 -1 0
82 142 -1 0
2 21 -1 0
42 14 -1 0
382 90 -1 0
136 326 -1 0
238 169 -1 0
245 369 -1 0
213 101 -1 0
8 317 -1 0
83 206 -1 0
380 211 -1 0
273 84 -1 0
146 32 -1 0
256 248 -1 0
62 313 -1 0
99 28 -1 0
21 157 -1 0
124 92 -1 0
379 389 -1 0
47 124 -1 0
174 177 -1 0
42 343 -1 0
346 392 -1 0
245 349 -1 0
350 186 -1 0
147 384 -1 0
227 305 -1 0
372 193 -1 0
250 15 -1 0
255 113 -1 0
108 47 -1 0
319 1 -1 0
93 132 -1 0
143 243 -1 0
47 293 -1 0
41 387 -1 0
260 285 -1 0
393 325 -1 0
0 110 -1 0
311 58 -1 0
217 392 -1 0
373 40 -1 0
365 386 -1 0
37 159 -1 0
205 250 -1 0
302 383 -1 0
40 211 -1 0
253 248 -1 0
387 167 -1 0
135 320 -1 0
66 285 -1 0
222 193 -1 0
220 43 -1 0
125 28 -1 0
81 346 -1 0
343 175 -1 0
369 307 -1 0
378 237 -1 0
173 384 -1 0
272 108 -1 0
371 279 -1 0
243 196 -1 0
220 361 -1 0
86 249 -1 0
151 298 -1 0
271 392 -1 0
108 182 -1 0
184 351 -1 0
321 236 -1 0
164 317 -1 0
223 391 -1 0
234 276 -1 0
48 242 -1 0
290 200 -1 0
4 272 -1 0
1 65 -1 0
53 106 -1 0
249 158 -1 0
316 2 -1 0
108 216 -1 0
188 228 -1 0
145 54 -1 0
161 117 -1 0
176 160 -1 0
43 171 -1 0
203 266 -1 0
340 370 -1 0
40 232 -1 0
190 9 -1 0
377 98 -1 0
59 73 -1 0
328 120 -1 0
147 129 -1 0
105 3 -1 0
307 67 -1 0
188 149 -1 0
390 240 -1 0
88 240 -1 0
5 367 -1 0
357 397 -1 0
67 152 -1 0
150 8 -1 0
32 40 -1 0
157 197 -1 0
252 398 -1 0
36 338 -1 0
182 190 -1 0
227 222 -1 0
18 130 -1 0
281 146 -1 0
47 339 -1 0
353 45 -1 0
73 224 -1 0
180 116 -1 0
31 364 -1 0
208 164 -1 0
300 192 -1 0
92 141 -1 0
374 339 -1 0
375 265 -1 0
363 301 -1 0
359 202 -1 0
109 184 -1 0
174 126 -1 0
202 336 -1 0
177 372 -1 0
98 129 -1 0
209 352 -1 0
12 206 -1 0
160 290 -1 0
399 139 -1 0
396 281 -1 0
76 22 -1 0
165 234 -1 0
96 299 -1 0
274 313 -1 0
233 257 -1 0
143 155 -1 0
232 248 -1 0
161 212 -1 0
329 243 -1 0
370 340 -1 0
82 336 -1 0
364 334 -1 0
23 93 -1 0
274 102 -1 0
50 32 -1 0
124 5 -1 0
159 188 -1 0
86 281 -1 0
391 223 -1 0
12 397 -1 0
88 187 -1 0
97 74 -1 0
219 111 -1 0
218 73 -1 0
374 88 -1 0
221 241 -1 0
21 17 -1 0
34 376 -1 0
99 363 -1 0
91 93 -1 0
42 69 -1 0
4 117 -1 0
220 57 -1 0
310 367 -1 0
107 179 -1 0
95 183 -1 0
276 165 -1 0
299 15 -1 0
365 295 -1 0
223 332 -1 0
230 30 -1 0
206 125 -1 0
383 149 -1 0
11 336 -1 0
90 171 -1 0
42 192 -1 0
35 54 -1 0
171 249 -1 0
33 395 -1 0
81 317 -1 0
107 334 -1 0
234 76 -1 0
154 212 -1 0
300 382 -1 0
257 394 -1 0
150 368 -1 0
28 333 -1 0
236 159 -1 0
152 63 -1 0
18 276 -1 0
223 62 -1 0
122 178 -1 0
241 200 -1 0
167 296 -1 0
347 79 -1 0
346 259 -1 0
39 4 -1 0
185 127 -1 0
104 245 -1 0
170 370 -1 0
71 148 -1 0
379 294 -1 0
116 273 -1 0
15 55 -1 0
153 265 -1 0
0 303 -1 0
323 118 -1 0
71 162 -1 0
232 303 -1 0
310 171 -1 0
50 397 -1 0
108 29 -1 0
392 382 -1 0
284 191 -1 0
253 399 -1 0
89 194 -1 0
290 45 -1 0
21 257 -1 0
233 229 -1 0
193 91 -1 0
278 58 -1 0
25 275 -1 0
98 142 -1 0
263 158 -1 0
66 342 -1 0
248 273 -1 0
15 329 -1 0
345 166 -1 0
244 5 -1 0
291 361 -1 0
87 290 -1 0
171 25 -1 0
380 119 -1 0
351 284 -1 0
43 66 -1 0
127 186 -1 0
274 127 -1 0
11 216 -1 0
94 107 -1 0
268 29 -1 0
94 21 -1 0
226 326 -1 0
265 335 -1 0
157 347 -1 0
215 27 -1 0
152 21 -1 0
110 44 -1 0
369 15 -1 0
339 188 -1 0
291 146 -1 0
247 333 -1 0
186 198 -1 0
71 120 -1 0
395 93 -1 0
204 316 -1 0
288 102 -1 0
339 198 -1 0
31 286 -1 0
195 192 -1 0
168 339 -1 0
324 368 -1 0
10 49 -1 0
43 355 -1 0
158 213 -1 0
207 287 -1 0
171 320 -1 0
392 195 -1 0
156 384 -1 0
341 137 -1 0
78 201 -1 0
128 239 -1 0
182 202 -1 0
361 164 -1 0
116 75 -1 0
362 209 -1 0
398 130 -1 0
379 310 -1 0
56 94 -1 0
349 120 -1 0
286 235 -1 0
105 250 -1 0
177 224 -1 0
143 248 -1 0
45 209 -1 0
396 271 -1 0
172 225 -1 0
111 216 -1 0
51 134 -1 0
335 218 -1 0
163 36 -1 0
96 86 -1 0
219 56 -1 0
101 181 -1 0
183 182 -1 0
380 159 -1 0
72 114 -1 0
314 13 -1 0
267 368 -1 0
82 121 -1 0
393 229 -1 0
365 224 -1 0
257 379 -1 0
80 83 -1 0
29 335 -1 0
113 156 -1 0
265 58 -1 0
177 157 -1 0
76 388 -1 0
356 242 -1 0
92 153 -1 0
240 233 -1 0
54 310 -1 0
241 163 -1 0
9 235 -1 0
200 116 -1 0
285 35 -1 0
128 106 -1 0
75 379 -1 0
108 51 -1 0
385 388 -1 0
233 45 -1 0
181 49 -1 0
121 181 -1 0
60 366 -1 0
195 154 -1 0
37 267 -1 0
152 194 -1 0
210 176 -1 0
303 56 -1 0
154 60 -1 0
177 376 -1 0
109 169 -1 0
10 249 -1 0
185 98 -1 0
32 271 -1 0
222 205 -1 0
12 221 -1 0
393 159 -1 0
93 115 -1 0
392 206 -1 0
217 378 -1 0
379 94 -1 0
199 55 -1 0
305 170 -1 0
360 218 -1 0
174 349 -1 0
252 243 -1 0
128 97 -1 0
185 309 -1 0
265 207 -1 0
147 175 -1 0
154 226 -1 0
230 391 -1 0
376 143 -1 0
76 70 -1 0
62 303 -1 0
31 35 -1 0
379 141 -1 0
85 66 -1 0
161 157 -1 0
185 275 -1 0
208 175 -1 0
150 354 -1 0
324 83 -1 0
79 16 -1 0
269 1 -1 0
288 235 -1 0
340 26 -1 0
338 20 -1 0
320 194 -1 0
361 233 -1 0
216 293 -1 0
277 391 -1 0
348 199 -1 0
245 275 -1 0
96 38 -1 0
225 103 -1 0
9 6 -1 0
335 73 -1 0
113 20 -1 0
374 286 -1 0
35 323 -1 0
148 59 -1 0
266 171 -1 0
68 340 -1 0
362 32 -1 0
49 241 -1 0
290 209 -1 0
250 291 -1 0
201 206 -1 0
399 192 -1 0
47 270 -1 0
315 47 -1 0
202 43 -1 0
76 77 -1 0
205 174 -1 0
143 15 -1 0
331 170 -1 0
123 334 -1 0
37 326 -1 0
168 270 -1 0
5 338 -1 0
50 304 -1 0
398 45 -1 0
288 371 -1 0
72 387 -1 0
161 317 -1 0
251 257 -1 0
358 21 -1 0
274 93 -1 0
171 339 -1 0
43 110 -1 0
106 91 -1 0
113 385 -1 0
247 317 -1 0
295 391 -1 0
330 231 -1 0
79 326 -1 0
305 19 -1 0
324 59 -1 0
30 2 -1 0
37 2 -1 0
334 13 -1 0
296 364 -1 0
70 252 -1 0
216 110 -1 0
83 365 -1 0
230 5 -1 0
335 75 -1 0
378 320 -1 0
123 306 -1 0
254 341 -1 0
290 54 -1 0
179 173 -1 0
60 92 -1 0
39 94 -1 0
38 11 -1 0
254 345 -1 0
377 359 -1 0
346 262 -1 0
243 34 -1 0
211 238 -1 0
218 249 -1 0
97 52 -1 0
102 256 -1 0
68 9 -1 0
42 399 -1 0
114 256 -1 0
289 40 -1 0
215 16 -1 0
1 334 -1 0
395 306 -1 0
259 108 -1 0
185 264 -1 0
195 352 -1 0
361 16 -1 0
136 398 -1 0
243 149 -1 0
128 42 -1 0
214 208 -1 0
177 308 -1 0
248 288 -1 0
110 368 -1 0
124 197 -1 0
221 115 -1 0
251 4 -1 0
113 169 -1 0
283 120 -1 0
199 175 -1 0
151 387 -1 0
17 113 -1 0
29 165 -1 0
347 328 -1 0
221 281 -1 0
354 173 -1 0
248 36 -1 0
283 4 -1 0
164 208 -1 0
102 265 -1 0
157 12 -1 0
64 225 -1 0
10 183 -1 0
266 46 -1 0
392 46 -1 0
71 244 -1 0
28 352 -1 0
63 340 -1 0
287 103 -1 0
140 45 -1 0
89 162 -1 0
351 380 -1 0
114 338 -1 0
173 279 -1 0
348 1 -1 0
181 394 -1 0
167 250 -1 0
27 144 -1 0
225 53 -1 0
201 183 -1 0
214 234 -1 0
57 308 -1 0
44 138 -1 0
57 375 -1 0
37 380 -1 0
278 211 -1 0
150 67 -1 0
384 284 -1 0
388 48 -1 0
298 146 -1 0
171 288 -1 0
257 167 -1 0
191 212 -1 0
64 375 -1 0
9 33 -1 0
231 56 -1 0
322 384 -1 0
136 60 -1 0
335 119 -1 0
153 120 -1 0
301 203 -1 0
173 139 -1 0
38 315 -1 0
231 103 -1 0
72 243 -1 0
6 300 -1 0
64 325 -1 0
260 360 -1 0
361 288 -1 0
296 127 -1 0
130 285 -1 0
351 258 -1 0
296 79 -1 0
159 305 -1 0
263 369 -1 0
112 160 -1 0
208 284 -1 0
30 253 -1 0
371 186 -1 0
233 33 -1 0
61 281 -1 0
335 44 -1 0
362 310 -1 0
338 45 -1 0
360 337 -1 0
145 373 -1 0
111 53 -1 0
239 229 -1 0
103 90 -1 0
183 188 -1 0
98 198 -1 0
13 317 -1 0
49 369 -1 0
240 300 -1 0
58 284 -1 0
55 200 -1 0
151 262 -1 0
179 178 -1 0
102 182 -1 0
85 219 -1 0
3 3 -1 0
140 216 -1 0
212 49 -1 0
239 65 -1 0
92 64 -1 0
388 235 -1 0
141 199 -1 0
160 36 -1 0
81 19 -1 0
394 225 -1 0
179 281 -1 0
16 97 -1 0
203 34 -1 0
37 379 -1 0
193 373 -1 0
64 315 -1 0
197 398 -1 0
141 309 -1 0
202 170 -1 0
152 227 -1 0
309 155 -1 0
355 317 -1 0
352 64 -1 0
16 384 -1 0
179 384 -1 0
251 52 -1 0
92 282 -1 0
105 375 -1 0
163 200 -1 0
145 32 -1 0
184 222 -1 0
111 283 -1 0
83 238 -1 0
170 36 -1 0
9 244 -1 0
133 235 -1 0
252 381 -1 0
240 50 -1 0
311 368 -1 0
376 344 -1 0
317 192 -1 0
142 269 -1 0
342 228 -1 0
213 77 -1 0
185 13 -1 0
180 287 -1 0
278 67 -1 0
153 110 -1 0
304 27 -1 0
258 242 -1 0
382 301 -1 0
30 204 -1 0
344 211 -1 0
185 319 -1 0
208 77 -1 0
388 250 -1 0
172 187 -1 0
216 339 -1 0
296 384 -1 0
50 205 -1 0
167 176 -1 0
319 125 -1 0
273 303 -1 0
97 184 -1 0
47 342 -1 0
338 367 -1 0
355 258 -1 0
122 380 -1 0
76 314 -1 0
296 113 -1 0
82 90 -1 0
152 265 -1 0
32 70 -1 0
154 145 -1 0
97 166 -1 0
190 125 -1 0
180 288 -1 0
152 140 -1 0
204 193 -1 0
325 140 -1 0
238 129 -1 0
44 89 -1 0
198 231 -1 0
294 159 -1 0
107 63 -1 0
42 183 -1 0
59 166 -1 0
222 53 -1 0
169 23 -1 0
41 102 -1 0
287 95 -1 0
190 245 -1 0
231 265 -1 0
224 147 -1 0
102 310 -1 0
136 177 -1 0
21 333 -1 0
244 343 -1 0
130 387 -1 0
20 197 -1 0
322 123 -1 0
170 205 -1 0
203 329 -1 0
224 51 -1 0
185 289 -1 0
385 307 -1 0
68 236 -1 0
282 246 -1 0
323 299 -1 1
329 318 -1 1
307 271 -1 1
314 345 -1 1
302 267 -1 1
315 308 -1 1
291 304 -1 1
326 304 -1 1
294 267 -1 1
313 263 -1 1
301 318 -1 1
317 283 -1 1
306 298 -1 1
299 276 -1 1
297 296 -1 1
317 342 -1 1
304 308 -1 1
298 301 -1 1
304 317 -1 1
311 276 -1 1
303 299 -1 1
304 301 -1 1
326 320 -1 1
303 264 -1 1
320 330 -1 1
296 286 -1 1
298 319 -1 1
313 336 -1 1
309 305 -1 1
324 300 -1 1
308 270 -1 1
319 304 -1 1
307 260 -1 1
297 287 -1 1
312 280 -1 1
313 305 -1 1
296 285 -1 1
328 320 -1 1
324 327 -1 1
292 284 -1 1
303 316 -1 1
312 315 -1 1
308 283 -1 1
302 283 -1 1
306 261 -1 1
292 300 -1 1
298 276 -1 1
320 310 -1 1
322 289 -1 1
295 274 -1 1
320 278 -1 1
309 309 -1 1
323 324 -1 1
292 287 -1 1
308 337 -1 1
319 333 -1 1
302 281 -1 1
324 324 -1 1
299 330 -1 1
302 312 -1 1
321 330 -1 1
303 277 -1 1
307 311 -1 1
299 272 -1 1
298 315 -1 1
298 320 -1 1
291 275 -1 1
305 278 -1 1
294 304 -1 1
309 276 -1 1
313 267 -1 1
307 334 -1 1
296 274 -1 1
305 265 -1 1
310 346 -1 1
318 272 -1 1
305 270 -1 1
317 335 -1 1
298 310 -1 1
295 302 -1 1
307 285 -1 1
306 342 -1 1
303 273 -1 1
292 286 -1 1
320 276 -1 1
319 273 -1 1
302 276 -1 1
295 301 -1 1
320 326 -1 1
292 267 -1 1
298 294 -1 1
292 275 -1 1
296 304 -1 1
312 317 -1 1
305 322 -1 1
315 300 -1 1
316 300 -1 1
316 319 -1 1
324 318 -1 1
296 323 -1 1
328 319 -1 1
300 298 -1 1
307 297 -1 1
329 313 -1 1
299 316 -1 1
311 264 -1 1
297 269 -1 1
309 295 -1 1
326 326 -1 1
310 289 -1 1
311 290 -1 1
293 313 -1 1
293 266 -1 1
306 258 -1 1
310 301 -1 1
313 273 -1 1
301 294 -1 1
302 295 -1 1
320 288 -1 1
308 314 -1 1
328 311 -1 1
306 263 -1 1
323 313 -1 1
303 319 -1 1
294 309 -1 1
314 314 -1 1
308 311 -1 1
303 261 -1 1
324 297 -1 1
309 284 -1 1
320 344 -1 1
300 327 -1 1
318 338 -1 1
328 300 -1 1
304 337 -1 1
308 266 -1 1
299 273 -1 1
299 255 -1 1
315 295 -1 1
304 277 -1 1
303 258 -1 1
312 269 -1 1
311 335 -1 1
319 289 -1 1
295 275 -1 1
303 286 -1 1
316 339 -1 1
306 339 -1 1
308 259 -1 1
322 336 -1 1
301 281 -1 1
311 338 -1 1
302 260 -1 1
326 310 -1 1
325 315 -1 1
327 310 -1 1
322 301 -1 1
296 295 -1 1
305 325 -1 1
318 311 -1 1
313 338 -1 1
316 315 -1 1
293 305 -1 1
300 307 -1 1
293 299 -1 1
319 334 -1 1
296 317 -1 1
311 289 -1 1
313 314 -1 1
291 298 -1 1
327 307 -1 1
302 294 -1 1
298 296 -1 1
312 286 -1 1
315 307 -1 1
296 258 -1 1
310 320 -1 1
309 307 -1 1
299 268 -1 1
323 315 -1 1
301 320 -1 1
292 297 -1 1
314 342 -1 1
298 299 -1 1
322 304 -1 1
316 294 -1 1
300 317 -1 1
297 268 -1 1
296 289 -1 1
320 302 -1 1
316 346 -1 1
308 298 -1 1
299 317 -1 1
309 328 -1 1
306 340 -1 1
294 312 -1 1
297 310 -1 1
306 296 -1 1
306 338 -1 1
320 335 -1 1
299 290 -1 1
313 302 -1 1
322 307 -1 1
298 267 -1 1
310 339 -1 1
316 322 -1 1
311 324 -1 1
312 287 -1 1
314 320 -1 1
295 271 -1 1
295 267 -1 1
306 286 -1 1
307 274 -1 1
324 312 -1 1
305 292 -1 1
300 266 -1 1
323 289 -1 1
323 319 -1 1
312 345 -1 1
301 316 -1 1
306 315 -1 1
310 323 -1 1
318 287 -1 1
303 308 -1 1
294 290 -1 1
315 291 -1 1
307 308 -1 1
294 292 -1 1
307 284 -1 1
307 279 -1 1
310 329 -1 1
326 321 -1 1
294 271 -1 1
318 346 -1 1
312 311 -1 1
294 320 -1 1
311 316 -1 1
317 275 -1 1
319 321 -1 1
294 301 -1 1
319 332 -1 1
306 275 -1 1
301 266 -1 1
315 322 -1 1
306 312 -1 1
308 287 -1 1
294 311 -1 1
326 311 -1 1
313 330 -1 1
311 304 -1 1
323 305 -1 1
303 331 -1 1
299 313 -1 1
315 301 -1 1
298 287 -1 1
305 327 -1 1
300 267 -1 1
314 346 -1 1
295 298 -1 1
310 322 -1 1
321 342 -1 1
299 297 -1 1
321 290 -1 1
304 313 -1 1
293 318 -1 1
316 310 -1 1
311 298 -1 1
328 321 -1 1
297 272 -1 1
310 280 -1 1
299 325 -1 1
296 283 -1 1
314 300 -1 1
307 293 -1 1
313 331 -1 1
318 308 -1 1
304 289 -1 1
295 269 -1 1
320 295 -1 1
295 322 -1 1
301 284 -1 1
310 342 -1 1
313 283 -1 1
323 336 -1 1
314 292 -1 1
314 297 -1 1
323 329 -1 1
315 324 -1 1
309 335 -1 1
300 291 -1 1
297 279 -1 1
321 322 -1 1
308 294 -1 1
316 317 -1 1
292 316 -1 1
302 338 -1 1
309 344 -1 1
316 308 -1 1
325 295 -1 1
322 313 -1 1
