4800 400 400
344 365 -1 0
249 117 -1 0
386 227 -1 0
252 63 -1 0
195 163 -1 0
280 377 -1 0
62 17 -1 0
37 138 -1 0
117 347 -1 0
50 194 -1 0
286 50 -1 0
373 91 -1 0
145 326 -1 0
5 125 -1 0
81 191 -1 0
324 160 -1 0
0 0 -1 0
258 186 -1 0
153 116 -1 0
234 187 -1 0
312 317 -1 0
224 4 -1 0
157 121 -1 0
338 138 -1 0
293 52 -1 0
260 307 -1 0
101 64 -1 0
207 215 -1 0
169 355 -1 0
160 373 -1 0
393 12 -1 0
26 6 -1 0
324 193 -1 0
298 264 -1 0
70 189 -1 0
25 239 -1 0
326 396 -1 0
24 230 -1 0
40 198 -1 0
88 235 -1 0
341 93 -1 0
356 390 -1 0
195 369 -1 0
387 352 -1 0
93 18 -1 0
0 357 -1 0
55 375 -1 0
230 55 -1 0
334 159 -1 0
223 356 -1 0
164 107 -1 0
366 232 -1 0
136 303 -1 0
196 135 -1 0
104 318 -1 0
142 207 -1 0
257 146 -1 0
30 60 -1 0
152 129 -1 0
76 79 -1 0
0 387 -1 0
380 201 -1 0
200 357 -1 0
180 83 -1 0
287 7 -1 0
273 53 -1 0
236 132 -1 0
313 328 -1 0
299 116 -1 0
270 85 -1 0
318 270 -1 0
247 35 -1 0
220 93 -1 0
389 43 -1 0
135 393 -1 0
214 154 -1 0
302 260 -1 0
122 170 -1 0
386 344 -1 0
302 240 -1 0
126 307 -1 0
6 196 -1 0
270 20 -1 0
315 365 -1 0
356 248 -1 0
1 367 -1 0
348 220 -1 0
253 19 -1 0
379 331 -1 0
23 102 -1 0
383 277 -1 0
30 326 -1 0
49 183 -1 0
227 393 -1 0
389 303 -1 0
375 260 -1 0
250 233 -1 0
189 12 -1 0
342 72 -1 0
235 183 -1 0
290 258 -1 0
209 322 -1 0
137 292 -1 0
386 77 -1 0
335 240 -1 0
140 203 -1 0
351 385 -1 0
106 192 -1 0
368 243 -1 0
74 346 -1 0
357 363 -1 0
314 360 -1 0
145 396 -1 0
303 18 -1 0
353 70 -1 0
34 148 -1 0
369 68 -1 0
392 373 -1 0
275 352 -1 0
31 225 -1 0
350 360 -1 0
324 40 -1 0
77 211 -1 0
156 316 -1 0
365 315 -1 0
397 303 -1 0
325 328 -1 0
70 141 -1 0
330 335 -1 0
84 321 -1 0
263 13 -1 0
237 124 -1 0
85 392 -1 0
378 38 -1 0
289 368 -1 0
196 86 -1 0
330 383 -1 0
19 186 -1 0
232 140 -1 0
211 368 -1 0
73 359 -1 0
208 137 -1 0
61 59 -1 0
37 71 -1 0
165 138 -1 0
269 52 -1 0
147 308 -1 0
222 18 -1 0
275 121 -1 0
252 135 -1 0
213 97 -1 0
177 191 -1 0
108 136 -1 0
267 281 -1 0
79 13 -1 0
33 339 -1 0
85 329 -1 0
150 164 -1 0
129 283 -1 0
289 124 -1 0
397 108 -1 0
369 217 -1 0
287 374 -1 0
312 218 -1 0
391 139 -1 0
239 325 -1 0
47 352 -1 0
310 286 -1 0
209 5 -1 0
273 81 -1 0
46 67 -1 0
109 218 -1 0
356 146 -1 0
122 33 -1 0
375 121 -1 0
18 259 -1 0
160 204 -1 0
161 342 -1 0
207 380 -1 0
119 194 -1 0
328 331 -1 0
253 100 -1 0
214 38 -1 0
112 37 -1 0
122 306 -1 0
46 224 -1 0
104 9 -1 0
13 198 -1 0
233 369 -1 0
246 232 -1 0
376 314 -1 0
265 311 -1 0
71 105 -1 0
262 240 -1 0
289 69 -1 0
42 280 -1 0
393 230 -1 0
89 248 -1 0
87 127 -1 0
247 215 -1 0
84 297 -1 0
322 214 -1 0
68 334 -1 0
385 148 -1 0
248 177 -1 0
32 18 -1 0
162 21 -1 0
244 210 -1 0
249 329 -1 0
151 177 -1 0
194 124 -1 0
310 198 -1 0
110 265 -1 0
233 74 -1 0
143 2 -1 0
41 59 -1 0
274 183 -1 0
174 388 -1 0
19 140 -1 0
389 296 -1 0
113 255 -1 0
34 161 -1 0
27 152 -1 0
345 251 -1 0
87 70 -1 0
214 216 -1 0
327 21 -1 0
185 373 -1 0
81 70 -1 0
103 397 -1 0
189 360 -1 0
335 118 -1 0
244 172 -1 0
12 216 -1 0
336 344 -1 0
94 279 -1 0
198 349 -1 0
10 326 -1 0
317 21 -1 0
256 297 -1 0
240 96 -1 0
357 235 -1 0
234 332 -1 0
357 265 -1 0
195 20 -1 0
116 25 -1 0
33 39 -1 0
382 282 -1 0
43 363 -1 0
247 352 -1 0
188 56 -1 0
291 35 -1 0
245 329 -1 0
47 301 -1 0
335 294 -1 0
390 72 -1 0
91 36 -1 0
259 45 -1 0
42 300 -1 0
54 364 -1 0
266 396 -1 0
334 24 -1 0
198 50 -1 0
198 194 -1 0
331 380 -1 0
101 87 -1 0
266 143 -1 0
219 39 -1 0
183 128 -1 0
226 179 -1 0
129 359 -1 0
47 198 -1 0
238 72 -1 0
276 153 -1 0
41 184 -1 0
29 380 -1 0
302 355 -1 0
335 260 -1 0
341 198 -1 0
144 364 -1 0
372 196 -1 0
231 121 -1 0
203 342 -1 0
258 109 -1 0
278 292 -1 0
374 204 -1 0
79 194 -1 0
64 91 -1 0
14 75 -1 0
346 317 -1 0
293 143 -1 0
344 349 -1 0
197 172 -1 0
323 295 -1 0
378 265 -1 0
282 312 -1 0
254 81 -1 0
70 220 -1 0
343 226 -1 0
290 204 -1 0
58 144 -1 0
277 45 -1 0
325 185 -1 0
347 69 -1 0
58 146 -1 0
395 94 -1 0
350 378 -1 0
116 386 -1 0
270 72 -1 0
292 219 -1 0
352 112 -1 0
12 4 -1 0
372 206 -1 0
181 132 -1 0
53 332 -1 0
55 297 -1 0
228 126 -1 0
208 218 -1 0
396 333 -1 0
199 26 -1 0
131 39 -1 0
257 293 -1 0
287 123 -1 0
220 16 -1 0
159 99 -1 0
335 384 -1 0
149 65 -1 0
384 299 -1 0
387 108 -1 0
170 17 -1 0
346 41 -1 0
71 3 -1 0
185 210 -1 0
216 55 -1 0
22 161 -1 0
241 87 -1 0
32 36 -1 0
165 333 -1 0
189 377 -1 0
36 267 -1 0
280 166 -1 0
136 49 -1 0
331 211 -1 0
282 222 -1 0
72 78 -1 0
177 342 -1 0
64 318 -1 0
121 55 -1 0
4 15 -1 0
256 134 -1 0
315 339 -1 0
209 92 -1 0
256 301 -1 0
269 112 -1 0
111 268 -1 0
230 120 -1 0
342 157 -1 0
197 170 -1 0
273 97 -1 0
59 399 -1 0
16 129 -1 0
87 135 -1 0
247 22 -1 0
159 154 -1 0
8 326 -1 0
52 97 -1 0
155 300 -1 0
318 262 -1 0
262 359 -1 0
272 252 -1 0
151 41 -1 0
300 347 -1 0
98 36 -1 0
80 176 -1 0
72 107 -1 0
36 19 -1 0
161 369 -1 0
96 327 -1 0
29 211 -1 0
153 55 -1 0
378 147 -1 0
272 385 -1 0
346 348 -1 0
281 184 -1 0
134 10 -1 0
146 180 -1 0
334 347 -1 0
66 314 -1 0
63 105 -1 0
102 157 -1 0
264 302 -1 0
111 202 -1 0
209 173 -1 0
236 86 -1 0
303 287 -1 0
294 335 -1 0
289 200 -1 0
307 20 -1 0
215 348 -1 0
306 8 -1 0
397 110 -1 0
324 32 -1 0
320 27 -1 0
30 329 -1 0
87 274 -1 0
19 339 -1 0
103 386 -1 0
199 24 -1 0
228 0 -1 0
115 282 -1 0
376 2 -1 0
116 106 -1 0
293 370 -1 0
118 284 -1 0
302 190 -1 0
204 25 -1 0
55 269 -1 0
339 62 -1 0
348 119 -1 0
205 25 -1 0
358 246 -1 0
202 209 -1 0
9 205 -1 0
151 136 -1 0
394 327 -1 0
76 341 -1 0
273 77 -1 0
62 265 -1 0
150 35 -1 0
36 158 -1 0
80 288 -1 0
56 51 -1 0
121 113 -1 0
361 325 -1 0
142 115 -1 0
13 139 -1 0
106 57 -1 0
84 214 -1 0
360 327 -1 0
316 183 -1 0
76 155 -1 0
283 211 -1 0
54 49 -1 0
47 73 -1 0
57 45 -1 0
48 77 -1 0
126 122 -1 0
285 384 -1 0
266 146 -1 0
387 96 -1 0
55 108 -1 0
251 29 -1 0
350 292 -1 0
338 148 -1 0
323 9 -1 0
288 24 -1 0
211 372 -1 0
11 12 -1 0
329 331 -1 0
37 360 -1 0
319 228 -1 0
74 183 -1 0
54 325 -1 0
24 301 -1 0
140 37 -1 0
170 64 -1 0
22 395 -1 0
45 106 -1 0
234 54 -1 0
391 129 -1 0
84 300 -1 0
282 66 -1 0
46 1 -1 0
1 142 -1 0
307 144 -1 0
27 29 -1 0
369 325 -1 0
41 388 -1 0
348 229 -1 0
136 352 -1 0
16 237 -1 0
78 221 -1 0
33 108 -1 0
66 159 -1 0
321 206 -1 0
241 192 -1 0
308 310 -1 0
340 119 -1 0
44 34 -1 0
5 161 -1 0
339 342 -1 0
176 179 -1 0
258 88 -1 0
50 174 -1 0
347 77 -1 0
325 297 -1 0
242 115 -1 0
47 371 -1 0
247 385 -1 0
110 285 -1 0
236 373 -1 0
317 1 -1 0
292 352 -1 0
376 15 -1 0
213 229 -1 0
364 284 -1 0
354 26 -1 0
237 14 -1 0
306 267 -1 0
178 110 -1 0
350 224 -1 0
235 113 -1 0
103 79 -1 0
279 226 -1 0
271 216 -1 0
370 274 -1 0
363 60 -1 0
292 379 -1 0
266 71 -1 0
375 107 -1 0
233 101 -1 0
310 73 -1 0
299 30 -1 0
90 301 -1 0
256 276 -1 0
286 348 -1 0
290 182 -1 0
223 34 -1 0
128 266 -1 0
186 75 -1 0
105 114 -1 0
312 272 -1 0
26 273 -1 0
79 125 -1 0
18 352 -1 0
186 69 -1 0
232 7 -1 0
75 155 -1 0
197 398 -1 0
292 244 -1 0
61 295 -1 0
211 338 -1 0
207 57 -1 0
348 79 -1 0
107 275 -1 0
165 205 -1 0
230 36 -1 0
181 13 -1 0
227 16 -1 0
304 341 -1 0
316 193 -1 0
377 331 -1 0
123 218 -1 0
233 396 -1 0
331 164 -1 0
258 227 -1 0
11 363 -1 0
70 235 -1 0
175 221 -1 0
359 341 -1 0
346 328 -1 0
275 282 -1 0
363 29 -1 0
207 187 -1 0
4 11 -1 0
299 295 -1 0
13 273 -1 0
299 46 -1 0
55 11 -1 0
238 207 -1 0
361 163 -1 0
109 34 -1 0
385 6 -1 0
128 169 -1 0
190 394 -1 0
112 385 -1 0
388 198 -1 0
2 270 -1 0
256 386 -1 0
204 158 -1 0
135 276 -1 0
276 21 -1 0
358 129 -1 0
348 313 -1 0
259 357 -1 0
356 356 -1 0
162 45 -1 0
333 192 -1 0
239 110 -1 0
295 377 -1 0
57 98 -1 0
29 217 -1 0
32 107 -1 0
387 139 -1 0
87 6 -1 0
116 391 -1 0
132 389 -1 0
101 197 -1 0
56 267 -1 0
241 127 -1 0
130 90 -1 0
163 143 -1 0
337 121 -1 0
115 234 -1 0
208 113 -1 0
305 96 -1 0
41 269 -1 0
308 72 -1 0
204 69 -1 0
236 142 -1 0
340 252 -1 0
21 94 -1 0
311 200 -1 0
119 136 -1 0
98 173 -1 0
161 22 -1 0
233 329 -1 0
277 109 -1 0
281 172 -1 0
195 198 -1 0
17 342 -1 0
43 136 -1 0
262 367 -1 0
122 118 -1 0
34 335 -1 0
171 50 -1 0
157 180 -1 0
238 344 -1 0
252 148 -1 0
153 294 -1 0
82 349 -1 0
319 371 -1 0
32 316 -1 0
297 34 -1 0
287 164 -1 0
100 248 -1 0
216 217 -1 0
113 125 -1 0
358 37 -1 0
247 247 -1 0
21 43 -1 0
128 14 -1 0
241 218 -1 0
327 24 -1 0
310 227 -1 0
322 273 -1 0
208 176 -1 0
246 93 -1 0
99 338 -1 0
326 352 -1 0
265 203 -1 0
95 70 -1 0
292 113 -1 0
324 153 -1 0
138 289 -1 0
89 167 -1 0
44 262 -1 0
107 131 -1 0
307 395 -1 0
128 116 -1 0
107 127 -1 0
399 370 -1 0
21 248 -1 0
160 364 -1 0
13 216 -1 0
57 42 -1 0
325 352 -1 0
175 32 -1 0
82 361 -1 0
290 361 -1 0
176 304 -1 0
121 178 -1 0
27 95 -1 0
126 343 -1 0
97 116 -1 0
127 168 -1 0
240 301 -1 0
143 390 -1 0
382 281 -1 0
200 38 -1 0
301 277 -1 0
310 57 -1 0
44 174 -1 0
254 163 -1 0
201 181 -1 0
77 280 -1 0
107 123 -1 0
103 217 -1 0
234 44 -1 0
202 119 -1 0
142 96 -1 0
300 68 -1 0
261 95 -1 0
226 351 -1 0
231 96 -1 0
87 367 -1 0
328 147 -1 0
350 43 -1 0
51 140 -1 0
51 252 -1 0
324 25 -1 0
236 95 -1 0
9 109 -1 0
154 189 -1 0
50 188 -1 0
386 24 -1 0
211 4 -1 0
181 322 -1 0
315 66 -1 0
218 221 -1 0
230 124 -1 0
303 21 -1 0
86 96 -1 0
335 281 -1 0
287 141 -1 0
194 208 -1 0
245 130 -1 0
236 42 -1 0
154 368 -1 0
207 364 -1 0
155 61 -1 0
165 97 -1 0
17 117 -1 0
1 216 -1 0
64 112 -1 0
140 323 -1 0
335 83 -1 0
341 62 -1 0
185 206 -1 0
270 194 -1 0
171 363 -1 0
219 52 -1 0
156 61 -1 0
291 330 -1 0
336 213 -1 0
242 378 -1 0
289 183 -1 0
239 310 -1 0
321 2 -1 0
168 379 -1 0
261 255 -1 0
375 94 -1 0
272 377 -1 0
195 325 -1 0
295 178 -1 0
355 152 -1 0
341 203 -1 0
97 209 -1 0
311 399 -1 0
62 130 -1 0
372 302 -1 0
56 56 -1 0
152 18 -1 0
364 185 -1 0
198 138 -1 0
75 95 -1 0
395 172 -1 0
201 154 -1 0
86 19 -1 0
343 185 -1 0
15 291 -1 0
97 121 -1 0
267 298 -1 0
221 157 -1 0
348 359 -1 0
145 351 -1 0
117 339 -1 0
397 99 -1 0
187 68 -1 0
28 346 -1 0
342 17 -1 0
96 157 -1 0
150 335 -1 0
107 145 -1 0
12 380 -1 0
40 98 -1 0
46 171 -1 0
318 165 -1 0
255 250 -1 0
282 15 -1 0
351 335 -1 0
83 153 -1 0
354 382 -1 0
27 102 -1 0
129 296 -1 0
83 36 -1 0
297 128 -1 0
307 337 -1 0
58 192 -1 0
252 223 -1 0
318 317 -1 0
177 316 -1 0
264 290 -1 0
169 304 -1 0
88 255 -1 0
257 12 -1 0
143 49 -1 0
21 249 -1 0
126 102 -1 0
202 34 -1 0
171 13 -1 0
161 304 -1 0
327 164 -1 0
255 388 -1 0
311 363 -1 0
361 34 -1 0
132 182 -1 0
236 364 -1 0
73 25 -1 0
49 114 -1 0
394 301 -1 0
59 319 -1 0
305 278 -1 0
34 303 -1 0
31 45 -1 0
283 160 -1 0
335 62 -1 0
52 352 -1 0
82 177 -1 0
71 333 -1 0
384 287 -1 0
53 393 -1 0
65 25 -1 0
63 306 -1 0
133 12 -1 0
160 116 -1 0
56 366 -1 0
315 196 -1 0
151 316 -1 0
231 186 -1 0
247 16 -1 0
227 391 -1 0
383 129 -1 0
173 387 -1 0
190 222 -1 0
274 298 -1 0
346 107 -1 0
317 74 -1 0
245 83 -1 0
130 9 -1 0
221 224 -1 0
82 33 -1 0
399 120 -1 0
141 121 -1 0
179 126 -1 0
182 125 -1 0
218 383 -1 0
216 142 -1 0
307 154 -1 0
48 140 -1 0
190 358 -1 0
162 71 -1 0
7 101 -1 0
154 103 -1 0
152 130 -1 0
57 12 -1 0
379 325 -1 0
149 101 -1 0
86 124 -1 0
367 88 -1 0
377 299 -1 0
53 394 -1 0
187 370 -1 0
256 14 -1 0
317 95 -1 0
369 97 -1 0
96 393 -1 0
59 364 -1 0
74 27 -1 0
91 5 -1 0
274 128 -1 0
223 228 -1 0
135 166 -1 0
341 65 -1 0
289 309 -1 0
152 197 -1 0
126 326 -1 0
68 192 -1 0
147 41 -1 0
113 60 -1 0
393 194 -1 0
169 126 -1 0
291 397 -1 0
119 388 -1 0
375 263 -1 0
256 278 -1 0
377 153 -1 0
370 276 -1 0
364 55 -1 0
250 225 -1 0
310 83 -1 0
249 367 -1 0
147 356 -1 0
206 319 -1 0
330 109 -1 0
161 48 -1 0
137 127 -1 0
145 294 -1 0
248 260 -1 0
117 394 -1 0
172 373 -1 0
353 45 -1 0
356 204 -1 0
43 183 -1 0
3 209 -1 0
172 14 -1 0
326 291 -1 0
343 126 -1 0
361 158 -1 0
14 354 -1 0
213 15 -1 0
67 79 -1 0
167 98 -1 0
304 211 -1 0
249 20 -1 0
189 336 -1 0
163 37 -1 0
308 133 -1 0
210 392 -1 0
291 172 -1 0
163 170 -1 0
52 280 -1 0
144 112 -1 0
68 129 -1 0
119 148 -1 0
210 131 -1 0
218 187 -1 0
223 97 -1 0
3 138 -1 0
302 258 -1 0
287 187 -1 0
56 67 -1 0
81 171 -1 0
106 261 -1 0
6 279 -1 0
50 74 -1 0
200 208 -1 0
39 145 -1 0
124 149 -1 0
202 11 -1 0
389 73 -1 0
244 111 -1 0
63 275 -1 0
23 69 -1 0
390 83 -1 0
168 382 -1 0
192 358 -1 0
216 196 -1 0
364 121 -1 0
155 144 -1 0
107 340 -1 0
242 337 -1 0
56 153 -1 0
202 103 -1 0
294 47 -1 0
3 166 -1 0
195 60 -1 0
48 339 -1 0
332 284 -1 0
344 186 -1 0
15 347 -1 0
345 95 -1 0
204 381 -1 0
187 380 -1 0
14 392 -1 0
31 186 -1 0
351 286 -1 0
113 365 -1 0
41 3 -1 0
365 156 -1 0
356 202 -1 0
237 33 -1 0
394 16 -1 0
280 186 -1 0
298 312 -1 0
182 98 -1 0
307 385 -1 0
390 370 -1 0
340 284 -1 0
63 19 -1 0
342 76 -1 0
197 48 -1 0
359 6 -1 0
361 175 -1 0
329 107 -1 0
33 383 -1 0
18 56 -1 0
292 177 -1 0
66 1 -1 0
393 119 -1 0
331 189 -1 0
377 332 -1 0
47 38 -1 0
251 167 -1 0
333 28 -1 0
5 6 -1 0
164 70 -1 0
267 386 -1 0
13 34 -1 0
231 124 -1 0
311 314 -1 0
145 54 -1 0
252 198 -1 0
256 202 -1 0
154 376 -1 0
334 164 -1 0
304 135 -1 0
275 15 -1 0
35 290 -1 0
95 384 -1 0
7 385 -1 0
14 365 -1 0
341 99 -1 0
339 237 -1 0
348 185 -1 0
117 312 -1 0
323 304 -1 0
208 105 -1 0
276 355 -1 0
79 302 -1 0
224 91 -1 0
238 223 -1 0
344 383 -1 0
100 8 -1 0
360 397 -1 0
266 399 -1 0
322 329 -1 0
141 310 -1 0
399 35 -1 0
63 37 -1 0
263 290 -1 0
40 156 -1 0
135 337 -1 0
309 127 -1 0
3 299 -1 0
352 190 -1 0
334 391 -1 0
35 8 -1 0
281 53 -1 0
78 220 -1 0
27 76 -1 0
224 196 -1 0
247 334 -1 0
5 140 -1 0
69 2 -1 0
27 321 -1 0
300 302 -1 0
13 146 -1 0
386 119 -1 0
75 169 -1 0
177 124 -1 0
5 92 -1 0
239 167 -1 0
42 5 -1 0
69 153 -1 0
108 40 -1 0
164 300 -1 0
64 247 -1 0
327 121 -1 0
201 138 -1 0
376 396 -1 0
205 229 -1 0
253 264 -1 0
350 11 -1 0
312 157 -1 0
255 103 -1 0
258 99 -1 0
168 193 -1 0
310 200 -1 0
229 153 -1 0
374 266 -1 0
191 163 -1 0
330 77 -1 0
324 51 -1 0
216 168 -1 0
90 106 -1 0
7 201 -1 0
223 17 -1 0
74 49 -1 0
296 265 -1 0
364 399 -1 0
238 56 -1 0
145 100 -1 0
200 52 -1 0
332 104 -1 0
142 181 -1 0
304 266 -1 0
350 348 -1 0
343 130 -1 0
384 42 -1 0
125 70 -1 0
6 247 -1 0
79 93 -1 0
21 374 -1 0
281 317 -1 0
190 165 -1 0
79 393 -1 0
78 333 -1 0
278 117 -1 0
317 192 -1 0
272 287 -1 0
121 334 -1 0
188 9 -1 0
83 124 -1 0
245 189 -1 0
280 105 -1 0
398 51 -1 0
383 297 -1 0
89 298 -1 0
84 176 -1 0
364 153 -1 0
165 26 -1 0
389 114 -1 0
381 125 -1 0
304 338 -1 0
336 258 -1 0
32 257 -1 0
310 32 -1 0
66 167 -1 0
334 55 -1 0
27 201 -1 0
340 386 -1 0
319 243 -1 0
270 268 -1 0
93 35 -1 0
248 95 -1 0
5 46 -1 0
152 364 -1 0
13 177 -1 0
245 231 -1 0
348 218 -1 0
326 393 -1 0
276 311 -1 0
241 336 -1 0
34 74 -1 0
94 140 -1 0
11 250 -1 0
207 339 -1 0
357 371 -1 0
325 79 -1 0
122 36 -1 0
10 289 -1 0
85 193 -1 0
125 370 -1 0
81 220 -1 0
13 172 -1 0
81 286 -1 0
170 81 -1 0
321 139 -1 0
329 64 -1 0
200 380 -1 0
333 136 -1 0
261 8 -1 0
267 288 -1 0
147 48 -1 0
125 380 -1 0
358 364 -1 0
314 115 -1 0
8 202 -1 0
29 189 -1 0
298 283 -1 0
88 175 -1 0
110 194 -1 0
260 335 -1 0
9 68 -1 0
14 287 -1 0
335 273 -1 0
328 27 -1 0
347 276 -1 0
305 291 -1 0
27 253 -1 0
384 56 -1 0
40 186 -1 0
36 212 -1 0
389 240 -1 0
303 154 -1 0
161 178 -1 0
328 229 -1 0
313 368 -1 0
195 229 -1 0
165 22 -1 0
395 335 -1 0
296 24 -1 0
395 28 -1 0
152 313 -1 0
50 204 -1 0
2 71 -1 0
342 380 -1 0
310 393 -1 0
328 356 -1 0
310 72 -1 0
270 380 -1 0
23 280 -1 0
90 302 -1 0
258 344 -1 0
188 4 -1 0
365 188 -1 0
365 373 -1 0
113 192 -1 0
365 363 -1 0
252 112 -1 0
250 6 -1 0
229 197 -1 0
253 365 -1 0
13 227 -1 0
277 74 -1 0
180 392 -1 0
80 364 -1 0
200 210 -1 0
254 326 -1 0
329 51 -1 0
216 65 -1 0
346 30 -1 0
226 153 -1 0
93 60 -1 0
305 168 -1 0
155 213 -1 0
381 82 -1 0
326 391 -1 0
314 15 -1 0
54 66 -1 0
43 91 -1 0
339 269 -1 0
323 224 -1 0
312 232 -1 0
97 176 -1 0
250 341 -1 0
56 38 -1 0
3 17 -1 0
118 278 -1 0
89 82 -1 0
210 321 -1 0
280 193 -1 0
89 308 -1 0
364 237 -1 0
372 227 -1 0
358 91 -1 0
393 243 -1 0
299 201 -1 0
384 162 -1 0
296 120 -1 0
336 6 -1 0
92 133 -1 0
84 278 -1 0
347 178 -1 0
278 130 -1 0
358 38 -1 0
22 17 -1 0
36 289 -1 0
110 83 -1 0
62 292 -1 0
187 133 -1 0
52 306 -1 0
39 177 -1 0
222 362 -1 0
172 111 -1 0
257 207 -1 0
139 183 -1 0
45 344 -1 0
205 374 -1 0
375 376 -1 0
35 223 -1 0
365 72 -1 0
372 284 -1 0
125 52 -1 0
390 251 -1 0
305 320 -1 0
104 75 -1 0
334 353 -1 0
273 55 -1 0
14 263 -1 0
375 203 -1 0
50 125 -1 0
107 356 -1 0
332 220 -1 0
115 66 -1 0
179 203 -1 0
35 4 -1 0
331 46 -1 0
102 352 -1 0
291 235 -1 0
297 318 -1 0
288 167 -1 0
259 26 -1 0
11 142 -1 0
149 164 -1 0
265 259 -1 0
23 165 -1 0
383 84 -1 0
97 226 -1 0
249 192 -1 0
272 57 -1 0
35 38 -1 0
343 335 -1 0
101 8 -1 0
25 8 -1 0
268 319 -1 0
375 215 -1 0
184 363 -1 0
156 20 -1 0
300 3 -1 0
43 24 -1 0
6 266 -1 0
38 102 -1 0
336 351 -1 0
2 250 -1 0
302 94 -1 0
283 65 -1 0
232 41 -1 0
177 117 -1 0
60 383 -1 0
341 7 -1 0
261 65 -1 0
264 205 -1 0
138 386 -1 0
372 300 -1 0
365 38 -1 0
238 84 -1 0
365 20 -1 0
274 165 -1 0
252 386 -1 0
223 336 -1 0
265 197 -1 0
25 70 -1 0
272 159 -1 0
271 396 -1 0
113 397 -1 0
309 122 -1 0
180 157 -1 0
336 123 -1 0
277 320 -1 0
126 296 -1 0
276 261 -1 0
242 151 -1 0
71 153 -1 0
270 240 -1 0
370 398 -1 0
277 187 -1 0
302 64 -1 0
88 208 -1 0
368 29 -1 0
85 203 -1 0
308 240 -1 0
54 119 -1 0
6 14 -1 0
373 99 -1 0
188 377 -1 0
111 317 -1 0
21 216 -1 0
103 357 -1 0
66 362 -1 0
230 386 -1 0
288 166 -1 0
318 386 -1 0
282 89 -1 0
128 163 -1 0
148 369 -1 0
237 112 -1 0
200 83 -1 0
29 330 -1 0
81 256 -1 0
112 196 -1 0
318 140 -1 0
282 75 -1 0
297 119 -1 0
103 367 -1 0
114 149 -1 0
66 340 -1 0
300 283 -1 0
340 241 -1 0
240 126 -1 0
254 195 -1 0
245 40 -1 0
229 388 -1 0
110 3 -1 0
313 389 -1 0
73 297 -1 0
128 216 -1 0
312 241 -1 0
252 97 -1 0
283 263 -1 0
5 93 -1 0
367 129 -1 0
222 106 -1 0
257 285 -1 0
71 83 -1 0
213 320 -1 0
313 391 -1 0
285 133 -1 0
163 336 -1 0
311 182 -1 0
280 299 -1 0
37 58 -1 0
319 185 -1 0
245 371 -1 0
98 357 -1 0
343 92 -1 0
274 85 -1 0
338 56 -1 0
81 301 -1 0
227 107 -1 0
55 153 -1 0
174 114 -1 0
37 243 -1 0
335 146 -1 0
75 121 -1 0
208 72 -1 0
352 235 -1 0
90 149 -1 0
69 62 -1 0
377 379 -1 0
156 370 -1 0
85 39 -1 0
126 57 -1 0
81 383 -1 0
298 211 -1 0
22 80 -1 0
377 11 -1 0
321 277 -1 0
113 289 -1 0
60 200 -1 0
172 305 -1 0
61 136 -1 0
340 398 -1 0
235 245 -1 0
84 0 -1 0
79 218 -1 0
145 35 -1 0
207 53 -1 0
236 80 -1 0
106 158 -1 0
82 67 -1 0
398 218 -1 0
163 167 -1 0
259 190 -1 0
118 378 -1 0
199 380 -1 0
2 174 -1 0
39 207 -1 0
146 183 -1 0
171 124 -1 0
102 363 -1 0
286 395 -1 0
377 178 -1 0
312 256 -1 0
246 191 -1 0
120 152 -1 0
279 26 -1 0
236 44 -1 0
98 291 -1 0
355 391 -1 0
251 224 -1 0
239 243 -1 0
178 196 -1 0
58 377 -1 0
302 182 -1 0
120 366 -1 0
251 365 -1 0
322 283 -1 0
290 232 -1 0
284 30 -1 0
202 185 -1 0
343 200 -1 0
244 175 -1 0
356 377 -1 0
311 301 -1 0
320 13 -1 0
333 202 -1 0
153 172 -1 0
61 329 -1 0
394 334 -1 0
40 88 -1 0
123 306 -1 0
351 293 -1 0
75 330 -1 0
353 163 -1 0
355 122 -1 0
257 82 -1 0
397 390 -1 0
233 395 -1 0
295 161 -1 0
9 152 -1 0
48 19 -1 0
30 166 -1 0
297 297 -1 0
211 27 -1 0
374 227 -1 0
11 264 -1 0
391 207 -1 0
384 259 -1 0
281 231 -1 0
330 269 -1 0
282 121 -1 0
83 50 -1 0
205 364 -1 0
257 234 -1 0
263 57 -1 0
195 228 -1 0
203 165 -1 0
320 233 -1 0
306 105 -1 0
13 206 -1 0
36 126 -1 0
294 107 -1 0
179 92 -1 0
179 211 -1 0
358 386 -1 0
266 109 -1 0
184 41 -1 0
397 358 -1 0
334 247 -1 0
112 267 -1 0
72 168 -1 0
160 394 -1 0
125 298 -1 0
149 114 -1 0
309 76 -1 0
359 303 -1 0
204 348 -1 0
360 28 -1 0
194 348 -1 0
69 339 -1 0
249 245 -1 0
381 265 -1 0
22 375 -1 0
303 122 -1 0
264 267 -1 0
342 333 -1 0
16 318 -1 0
235 91 -1 0
259 299 -1 0
32 57 -1 0
347 156 -1 0
371 96 -1 0
373 310 -1 0
382 316 -1 0
167 156 -1 0
40 63 -1 0
146 25 -1 0
350 173 -1 0
164 62 -1 0
268 128 -1 0
268 275 -1 0
139 166 -1 0
312 399 -1 0
304 279 -1 0
344 369 -1 0
56 194 -1 0
241 163 -1 0
372 241 -1 0
140 114 -1 0
327 348 -1 0
82 152 -1 0
214 393 -1 0
340 13 -1 0
8 308 -1 0
246 31 -1 0
305 215 -1 0
108 290 -1 0
165 328 -1 0
124 196 -1 0
114 49 -1 0
78 11 -1 0
215 27 -1 0
244 32 -1 0
352 388 -1 0
314 22 -1 0
206 26 -1 0
188 141 -1 0
266 44 -1 0
276 69 -1 0
188 33 -1 0
209 49 -1 0
302 78 -1 0
84 108 -1 0
360 62 -1 0
274 328 -1 0
212 123 -1 0
396 327 -1 0
261 363 -1 0
361 261 -1 0
235 356 -1 0
32 63 -1 0
170 382 -1 0
342 97 -1 0
180 52 -1 0
316 47 -1 0
80 215 -1 0
26 382 -1 0
5 130 -1 0
249 21 -1 0
285 322 -1 0
71 332 -1 0
39 351 -1 0
174 6 -1 0
384 74 -1 0
188 115 -1 0
395 242 -1 0
297 22 -1 0
82 167 -1 0
316 45 -1 0
41 177 -1 0
99 38 -1 0
297 197 -1 0
395 365 -1 0
287 294 -1 0
86 138 -1 0
278 240 -1 0
58 40 -1 0
137 278 -1 0
250 164 -1 0
139 377 -1 0
249 126 -1 0
44 10 -1 0
255 151 -1 0
334 85 -1 0
291 316 -1 0
293 397 -1 0
17 318 -1 0
76 310 -1 0
140 152 -1 0
259 197 -1 0
294 203 -1 0
131 80 -1 0
336 110 -1 0
117 350 -1 0
138 290 -1 0
286 295 -1 0
28 83 -1 0
79 343 -1 0
94 195 -1 0
336 95 -1 0
189 200 -1 0
103 297 -1 0
349 133 -1 0
372 18 -1 0
187 343 -1 0
174 372 -1 0
364 154 -1 0
198 147 -1 0
311 333 -1 0
197 11 -1 0
287 297 -1 0
267 342 -1 0
95 325 -1 0
233 129 -1 0
139 168 -1 0
216 20 -1 0
198 176 -1 0
162 184 -1 0
215 226 -1 0
271 209 -1 0
60 119 -1 0
257 279 -1 0
130 362 -1 0
368 81 -1 0
189 169 -1 0
39 9 -1 0
212 373 -1 0
196 329 -1 0
262 368 -1 0
27 252 -1 0
181 109 -1 0
362 226 -1 0
238 87 -1 0
140 125 -1 0
83 77 -1 0
159 306 -1 0
339 92 -1 0
52 112 -1 0
262 310 -1 0
234 349 -1 0
258 178 -1 0
193 385 -1 0
262 228 -1 0
180 142 -1 0
385 394 -1 0
341 313 -1 0
97 192 -1 0
284 105 -1 0
88 36 -1 0
254 346 -1 0
44 231 -1 0
189 153 -1 0
385 222 -1 0
365 34 -1 0
264 82 -1 0
397 387 -1 0
175 26 -1 0
155 176 -1 0
269 252 -1 0
189 396 -1 0
131 132 -1 0
12 131 -1 0
1 146 -1 0
41 387 -1 0
137 58 -1 0
168 362 -1 0
336 323 -1 0
245 284 -1 0
385 2 -1 0
139 378 -1 0
363 168 -1 0
316 316 -1 0
168 125 -1 0
70 70 -1 0
145 317 -1 0
283 194 -1 0
65 94 -1 0
43 262 -1 0
305 107 -1 0
143 291 -1 0
111 308 -1 0
336 91 -1 0
364 317 -1 0
284 360 -1 0
210 378 -1 0
238 313 -1 0
222 330 -1 0
31 147 -1 0
31 340 -1 0
367 216 -1 0
18 188 -1 0
39 188 -1 0
76 259 -1 0
82 187 -1 0
365 114 -1 0
291 88 -1 0
61 388 -1 0
348 43 -1 0
281 157 -1 0
65 107 -1 0
330 233 -1 0
126 297 -1 0
11 60 -1 0
105 326 -1 0
97 17 -1 0
101 295 -1 0
136 387 -1 0
150 196 -1 0
294 69 -1 0
76 347 -1 0
46 21 -1 0
109 164 -1 0
356 383 -1 0
312 287 -1 0
178 39 -1 0
90 370 -1 0
83 59 -1 0
55 311 -1 0
134 45 -1 0
307 47 -1 0
113 225 -1 0
63 302 -1 0
79 200 -1 0
354 232 -1 0
339 36 -1 0
346 113 -1 0
247 201 -1 0
313 343 -1 0
149 340 -1 0
327 18 -1 0
302 194 -1 0
309 84 -1 0
395 26 -1 0
282 336 -1 0
163 92 -1 0
273 337 -1 0
298 230 -1 0
165 362 -1 0
98 146 -1 0
219 78 -1 0
349 59 -1 0
22 312 -1 0
168 161 -1 0
332 242 -1 0
244 313 -1 0
122 60 -1 0
269 31 -1 0
31 13 -1 0
109 95 -1 0
266 148 -1 0
72 239 -1 0
43 336 -1 0
14 150 -1 0
271 83 -1 0
51 367 -1 0
293 149 -1 0
85 191 -1 0
117 372 -1 0
317 8 -1 0
117 50 -1 0
263 102 -1 0
348 94 -1 0
62 44 -1 0
40 102 -1 0
364 224 -1 0
33 99 -1 0
222 241 -1 0
97 394 -1 0
280 200 -1 0
336 358 -1 0
348 78 -1 0
119 317 -1 0
240 71 -1 0
321 107 -1 0
257 88 -1 0
306 172 -1 0
122 150 -1 0
19 69 -1 0
288 64 -1 0
282 74 -1 0
320 48 -1 0
165 174 -1 0
92 154 -1 0
170 36 -1 0
373 381 -1 0
376 299 -1 0
159 32 -1 0
262 288 -1 0
18 398 -1 0
236 91 -1 0
258 26 -1 0
302 364 -1 0
228 90 -1 0
103 150 -1 0
257 249 -1 0
169 153 -1 0
158 61 -1 0
394 386 -1 0
7 50 -1 0
385 268 -1 0
293 292 -1 0
115 244 -1 0
48 196 -1 0
343 341 -1 0
345 293 -1 0
243 178 -1 0
67 162 -1 0
306 152 -1 0
105 210 -1 0
333 72 -1 0
152 64 -1 0
141 70 -1 0
56 88 -1 0
170 138 -1 0
83 58 -1 0
272 296 -1 0
29 126 -1 0
103 147 -1 0
114 52 -1 0
70 33 -1 0
317 305 -1 0
228 322 -1 0
66 288 -1 0
138 193 -1 0
89 355 -1 0
200 77 -1 0
325 77 -1 0
159 14 -1 0
317 349 -1 0
79 391 -1 0
177 135 -1 0
330 212 -1 0
55 213 -1 0
241 1 -1 0
344 261 -1 0
159 79 -1 0
78 334 -1 0
395 331 -1 0
141 292 -1 0
390 140 -1 0
276 215 -1 0
271 307 -1 0
49 228 -1 0
110 309 -1 0
84 309 -1 0
117 94 -1 0
336 273 -1 0
72 161 -1 0
94 388 -1 0
91 160 -1 0
396 1 -1 0
242 98 -1 0
126 209 -1 0
96 380 -1 0
214 127 -1 0
374 102 -1 0
276 378 -1 0
270 87 -1 0
251 156 -1 0
134 324 -1 0
76 393 -1 0
128 262 -1 0
236 111 -1 0
79 52 -1 0
273 306 -1 0
70 361 -1 0
71 364 -1 0
264 98 -1 0
289 385 -1 0
172 323 -1 0
40 84 -1 0
159 65 -1 0
141 293 -1 0
213 71 -1 0
385 258 -1 0
110 264 -1 0
69 1 -1 0
278 331 -1 0
56 22 -1 0
67 150 -1 0
399 304 -1 0
253 374 -1 0
65 238 -1 0
239 21 -1 0
271 296 -1 0
302 72 -1 0
133 83 -1 0
117 63 -1 0
122 80 -1 0
179 110 -1 0
48 231 -1 0
252 207 -1 0
213 391 -1 0
189 128 -1 0
392 160 -1 0
371 395 -1 0
6 238 -1 0
114 227 -1 0
117 327 -1 0
375 99 -1 0
293 297 -1 0
294 149 -1 0
315 47 -1 0
75 117 -1 0
307 59 -1 0
219 352 -1 0
76 44 -1 0
88 346 -1 0
250 257 -1 0
270 391 -1 0
78 307 -1 0
352 336 -1 0
243 25 -1 0
172 316 -1 0
145 73 -1 0
380 83 -1 0
318 280 -1 0
204 40 -1 0
286 389 -1 0
285 332 -1 0
332 244 -1 0
347 205 -1 0
61 304 -1 0
335 211 -1 0
114 168 -1 0
354 151 -1 0
167 183 -1 0
123 184 -1 0
300 174 -1 0
372 177 -1 0
210 216 -1 0
357 5 -1 0
266 279 -1 0
104 30 -1 0
325 302 -1 0
348 171 -1 0
314 133 -1 0
359 315 -1 0
15 188 -1 0
240 359 -1 0
72 331 -1 0
233 352 -1 0
188 164 -1 0
318 230 -1 0
330 175 -1 0
103 393 -1 0
258 235 -1 0
67 344 -1 0
330 8 -1 0
21 245 -1 0
367 237 -1 0
275 185 -1 0
40 136 -1 0
244 367 -1 0
6 22 -1 0
40 304 -1 0
53 201 -1 0
4 88 -1 0
292 356 -1 0
286 137 -1 0
276 341 -1 0
395 112 -1 0
344 274 -1 0
262 163 -1 0
153 5 -1 0
326 48 -1 0
125 136 -1 0
297 101 -1 0
182 68 -1 0
21 117 -1 0
60 65 -1 0
31 299 -1 0
62 360 -1 0
343 89 -1 0
277 397 -1 0
91 146 -1 0
25 128 -1 0
145 174 -1 0
114 86 -1 0
311 65 -1 0
306 67 -1 0
231 134 -1 0
271 126 -1 0
320 89 -1 0
105 103 -1 0
344 326 -1 0
355 163 -1 0
78 167 -1 0
349 76 -1 0
329 324 -1 0
265 40 -1 0
140 297 -1 0
385 216 -1 0
11 394 -1 0
247 89 -1 0
188 179 -1 0
288 157 -1 0
34 26 -1 0
239 55 -1 0
387 276 -1 0
57 330 -1 0
105 205 -1 0
1 278 -1 0
192 47 -1 0
266 142 -1 0
9 115 -1 0
261 92 -1 0
2 102 -1 0
60 145 -1 0
399 54 -1 0
27 320 -1 0
190 178 -1 0
198 314 -1 0
176 133 -1 0
389 298 -1 0
142 65 -1 0
311 332 -1 0
276 278 -1 0
91 63 -1 0
39 303 -1 0
27 288 -1 0
67 350 -1 0
213 70 -1 0
205 197 -1 0
160 122 -1 0
278 108 -1 0
174 147 -1 0
300 73 -1 0
189 105 -1 0
246 57 -1 0
76 320 -1 0
204 377 -1 0
85 37 -1 0
125 41 -1 0
61 210 -1 0
283 101 -1 0
117 290 -1 0
251 354 -1 0
324 83 -1 0
68 297 -1 0
124 42 -1 0
90 237 -1 0
213 139 -1 0
40 74 -1 0
139 144 -1 0
376 48 -1 0
193 130 -1 0
94 296 -1 0
367 223 -1 0
165 80 -1 0
273 198 -1 0
219 171 -1 0
319 182 -1 0
105 292 -1 0
12 17 -1 0
295 188 -1 0
330 137 -1 0
345 323 -1 0
228 238 -1 0
254 158 -1 0
200 224 -1 0
168 138 -1 0
13 277 -1 0
112 379 -1 0
387 394 -1 0
362 259 -1 0
309 310 -1 0
29 255 -1 0
134 162 -1 0
302 129 -1 0
232 112 -1 0
225 239 -1 0
250 307 -1 0
142 340 -1 0
26 72 -1 0
348 242 -1 0
85 170 -1 0
322 159 -1 0
388 357 -1 0
115 312 -1 0
150 297 -1 0
382 247 -1 0
126 284 -1 0
272 327 -1 0
319 319 -1 0
207 22 -1 0
70 283 -1 0
202 177 -1 0
230 105 -1 0
207 355 -1 0
213 184 -1 0
25 175 -1 0
186 6 -1 0
46 387 -1 0
381 223 -1 0
389 18 -1 0
381 229 -1 0
313 242 -1 0
143 284 -1 0
39 85 -1 0
317 89 -1 0
338 221 -1 0
68 291 -1 0
378 24 -1 0
50 384 -1 0
178 157 -1 0
350 364 -1 0
168 178 -1 0
143 191 -1 0
213 181 -1 0
382 36 -1 0
69 392 -1 0
150 103 -1 0
7 163 -1 0
201 370 -1 0
288 189 -1 0
300 11 -1 0
385 193 -1 0
108 198 -1 0
316 185 -1 0
41 220 -1 0
25 40 -1 0
296 327 -1 0
61 70 -1 0
149 304 -1 0
200 370 -1 0
92 282 -1 0
20 63 -1 0
323 357 -1 0
278 285 -1 0
157 306 -1 0
147 85 -1 0
189 322 -1 0
130 162 -1 0
208 60 -1 0
273 260 -1 0
16 65 -1 0
270 250 -1 0
119 69 -1 0
303 119 -1 0
244 232 -1 0
103 68 -1 0
380 157 -1 0
325 201 -1 0
68 46 -1 0
345 307 -1 0
230 121 -1 0
105 141 -1 0
384 337 -1 0
370 373 -1 0
293 234 -1 0
199 163 -1 0
16 152 -1 0
146 84 -1 0
93 176 -1 0
329 33 -1 0
356 41 -1 0
366 129 -1 0
259 47 -1 0
50 375 -1 0
272 236 -1 0
199 343 -1 0
391 249 -1 0
58 233 -1 0
34 343 -1 0
308 319 -1 0
204 189 -1 0
155 75 -1 0
83 318 -1 0
45 237 -1 0
29 254 -1 0
253 200 -1 0
163 97 -1 0
226 361 -1 0
29 136 -1 0
139 212 -1 0
198 55 -1 0
350 72 -1 0
170 55 -1 0
260 23 -1 0
91 369 -1 0
147 57 -1 0
20 399 -1 0
138 18 -1 0
112 210 -1 0
112 88 -1 0
72 15 -1 0
312 385 -1 0
66 346 -1 0
186 370 -1 0
75 256 -1 0
257 192 -1 0
104 143 -1 0
276 81 -1 0
173 326 -1 0
102 385 -1 0
231 105 -1 0
352 76 -1 0
66 342 -1 0
336 58 -1 0
298 117 -1 0
55 13 -1 0
163 32 -1 0
284 230 -1 0
306 332 -1 0
180 368 -1 0
132 72 -1 0
253 166 -1 0
6 287 -1 0
335 311 -1 0
104 212 -1 0
371 28 -1 0
315 286 -1 0
211 33 -1 0
246 42 -1 0
103 146 -1 0
321 72 -1 0
34 135 -1 0
230 104 -1 0
132 144 -1 0
12 343 -1 0
203 170 -1 0
241 170 -1 0
169 180 -1 0
64 305 -1 0
118 277 -1 0
247 163 -1 0
346 383 -1 0
211 80 -1 0
256 356 -1 0
188 381 -1 0
23 203 -1 0
394 144 -1 0
350 203 -1 0
65 112 -1 0
48 318 -1 0
246 365 -1 0
170 47 -1 0
238 237 -1 0
110 373 -1 0
97 135 -1 0
182 335 -1 0
391 233 -1 0
173 385 -1 0
174 47 -1 0
372 330 -1 0
27 202 -1 0
392 278 -1 0
256 47 -1 0
348 344 -1 0
112 261 -1 0
92 35 -1 0
278 74 -1 0
60 381 -1 0
385 73 -1 0
355 106 -1 0
359 191 -1 0
304 70 -1 0
187 316 -1 0
35 116 -1 0
365 107 -1 0
323 382 -1 0
132 64 -1 0
234 23 -1 0
178 390 -1 0
121 166 -1 0
32 317 -1 0
179 148 -1 0
13 279 -1 0
24 212 -1 0
154 346 -1 0
8 363 -1 0
348 25 -1 0
361 199 -1 0
22 286 -1 0
84 58 -1 0
383 370 -1 0
299 332 -1 0
307 1 -1 0
143 22 -1 0
258 105 -1 0
366 43 -1 0
200 361 -1 0
318 333 -1 0
85 304 -1 0
231 370 -1 0
89 116 -1 0
344 16 -1 0
113 145 -1 0
118 358 -1 0
54 195 -1 0
315 112 -1 0
299 203 -1 0
15 278 -1 0
17 76 -1 0
40 15 -1 0
309 254 -1 0
56 379 -1 0
346 178 -1 0
66 392 -1 0
22 138 -1 0
331 199 -1 0
171 76 -1 0
167 13 -1 0
90 136 -1 0
54 161 -1 0
397 49 -1 0
149 160 -1 0
200 134 -1 0
244 241 -1 0
123 351 -1 0
216 346 -1 0
60 391 -1 0
56 250 -1 0
339 217 -1 0
72 30 -1 0
37 396 -1 0
24 385 -1 0
42 155 -1 0
86 323 -1 0
386 83 -1 0
161 151 -1 0
120 74 -1 0
378 374 -1 0
172 191 -1 0
77 36 -1 0
174 69 -1 0
263 128 -1 0
14 184 -1 0
185 70 -1 0
273 214 -1 0
80 52 -1 0
98 167 -1 0
52 80 -1 0
21 369 -1 0
103 195 -1 0
44 380 -1 0
252 172 -1 0
131 217 -1 0
396 14 -1 0
394 50 -1 0
393 233 -1 0
138 316 -1 0
343 140 -1 0
190 42 -1 0
310 258 -1 0
347 237 -1 0
37 61 -1 0
318 216 -1 0
36 270 -1 0
53 162 -1 0
150 173 -1 0
152 189 -1 0
79 397 -1 0
113 372 -1 0
385 8 -1 0
280 24 -1 0
293 347 -1 0
63 290 -1 0
240 113 -1 0
107 278 -1 0
139 106 -1 0
306 25 -1 0
21 334 -1 0
288 82 -1 0
396 317 -1 0
129 350 -1 0
110 44 -1 0
61 48 -1 0
69 156 -1 0
313 47 -1 0
144 138 -1 0
174 370 -1 0
372 158 -1 0
55 361 -1 0
283 228 -1 0
313 289 -1 0
38 388 -1 0
261 243 -1 0
30 211 -1 0
169 91 -1 0
70 180 -1 0
398 188 -1 0
36 324 -1 0
300 145 -1 0
325 37 -1 0
346 43 -1 0
20 140 -1 0
320 216 -1 0
92 349 -1 0
261 380 -1 0
361 222 -1 0
15 369 -1 0
68 70 -1 0
111 339 -1 0
330 340 -1 0
390 316 -1 0
81 381 -1 0
275 28 -1 0
357 381 -1 0
14 90 -1 0
267 200 -1 0
146 80 -1 0
299 185 -1 0
7 56 -1 0
61 310 -1 0
245 162 -1 0
27 60 -1 0
337 260 -1 0
49 101 -1 0
318 21 -1 0
150 211 -1 0
34 339 -1 0
220 139 -1 0
208 390 -1 0
207 349 -1 0
80 350 -1 0
286 123 -1 0
15 371 -1 0
5 315 -1 0
165 212 -1 0
18 2 -1 0
62 169 -1 0
95 174 -1 0
389 75 -1 0
284 185 -1 0
236 89 -1 0
234 339 -1 0
201 56 -1 0
118 296 -1 0
217 125 -1 0
370 9 -1 0
60 31 -1 0
202 210 -1 0
211 362 -1 0
71 265 -1 0
345 370 -1 0
167 14 -1 0
52 233 -1 0
291 1 -1 0
173 398 -1 0
257 216 -1 0
200 365 -1 0
187 366 -1 0
352 38 -1 0
339 146 -1 0
308 337 -1 0
226 374 -1 0
383 252 -1 0
268 19 -1 0
35 392 -1 0
73 259 -1 0
54 39 -1 0
185 224 -1 0
360 67 -1 0
337 367 -1 0
397 383 -1 0
65 330 -1 0
356 196 -1 0
129 96 -1 0
92 199 -1 0
362 301 -1 0
20 303 -1 0
220 210 -1 0
263 312 -1 0
112 80 -1 0
331 343 -1 0
241 145 -1 0
82 383 -1 0
391 286 -1 0
140 187 -1 0
57 62 -1 0
157 114 -1 0
109 397 -1 0
56 199 -1 0
271 141 -1 0
156 26 -1 0
153 129 -1 0
355 383 -1 0
9 120 -1 0
160 138 -1 0
191 207 -1 0
57 131 -1 0
35 254 -1 0
395 108 -1 0
334 172 -1 0
239 143 -1 0
221 212 -1 0
225 383 -1 0
323 168 -1 0
159 101 -1 0
92 123 -1 0
234 309 -1 0
209 146 -1 0
242 290 -1 0
364 369 -1 0
394 320 -1 0
266 367 -1 0
348 141 -1 0
104 241 -1 0
190 320 -1 0
205 161 -1 0
229 164 -1 0
385 152 -1 0
64 258 -1 0
100 134 -1 0
50 216 -1 0
386 220 -1 0
249 11 -1 0
0 345 -1 0
277 319 -1 0
264 38 -1 0
131 388 -1 0
128 72 -1 0
70 81 -1 0
76 120 -1 0
29 252 -1 0
373 47 -1 0
0 176 -1 0
25 219 -1 0
128 318 -1 0
324 148 -1 0
99 322 -1 0
210 142 -1 0
342 378 -1 0
98 384 -1 0
192 108 -1 0
323 184 -1 0
290 198 -1 0
268 186 -1 0
22 122 -1 0
64 387 -1 0
316 320 -1 0
308 63 -1 0
26 367 -1 0
244 322 -1 0
254 363 -1 0
386 215 -1 0
135 32 -1 0
381 375 -1 0
146 175 -1 0
111 121 -1 0
133 23 -1 0
93 150 -1 0
244 78 -1 0
215 16 -1 0
285 165 -1 0
382 393 -1 0
251 53 -1 0
385 196 -1 0
279 271 -1 0
297 327 -1 0
288 38 -1 0
242 301 -1 0
89 381 -1 0
379 339 -1 0
229 74 -1 0
267 45 -1 0
206 152 -1 0
344 234 -1 0
71 172 -1 0
73 43 -1 0
17 19 -1 0
86 40 -1 0
18 301 -1 0
152 37 -1 0
132 275 -1 0
365 368 -1 0
40 12 -1 0
180 353 -1 0
314 320 -1 0
364 76 -1 0
315 156 -1 0
250 230 -1 0
322 368 -1 0
65 99 -1 0
67 128 -1 0
331 133 -1 0
265 196 -1 0
279 20 -1 0
195 91 -1 0
40 135 -1 0
302 128 -1 0
395 119 -1 0
207 67 -1 0
388 342 -1 0
316 250 -1 0
177 50 -1 0
53 29 -1 0
386 65 -1 0
115 195 -1 0
128 158 -1 0
77 39 -1 0
208 77 -1 0
133 155 -1 0
54 37 -1 0
0 355 -1 0
73 80 -1 0
42 10 -1 0
49 265 -1 0
319 112 -1 0
87 73 -1 0
300 173 -1 0
265 219 -1 0
231 177 -1 0
238 80 -1 0
147 127 -1 0
112 22 -1 0
316 177 -1 0
84 371 -1 0
241 335 -1 0
131 178 -1 0
279 331 -1 0
13 176 -1 0
242 35 -1 0
106 354 -1 0
151 335 -1 0
165 64 -1 0
398 311 -1 0
47 248 -1 0
23 310 -1 0
347 355 -1 0
398 224 -1 0
207 79 -1 0
214 3 -1 0
159 0 -1 0
291 135 -1 0
301 24 -1 0
28 337 -1 0
322 263 -1 0
317 244 -1 0
127 211 -1 0
300 168 -1 0
364 117 -1 0
349 60 -1 0
210 195 -1 0
221 49 -1 0
164 101 -1 0
355 301 -1 0
149 144 -1 0
40 59 -1 0
103 210 -1 0
229 130 -1 0
192 330 -1 0
357 38 -1 0
120 303 -1 0
350 96 -1 0
341 156 -1 0
19 108 -1 0
192 97 -1 0
343 234 -1 0
64 182 -1 0
155 139 -1 0
261 226 -1 0
239 369 -1 0
212 18 -1 0
309 198 -1 0
383 9 -1 0
362 173 -1 0
89 281 -1 0
9 139 -1 0
97 331 -1 0
346 143 -1 0
169 206 -1 0
3 298 -1 0
95 212 -1 0
168 2 -1 0
358 292 -1 0
157 94 -1 0
129 108 -1 0
196 375 -1 0
54 253 -1 0
120 177 -1 0
295 82 -1 0
365 233 -1 0
24 72 -1 0
124 170 -1 0
352 347 -1 0
372 378 -1 0
153 386 -1 0
364 377 -1 0
289 348 -1 0
326 68 -1 0
98 147 -1 0
307 364 -1 0
65 168 -1 0
117 67 -1 0
383 251 -1 0
382 390 -1 0
168 51 -1 0
292 340 -1 0
383 391 -1 0
290 275 -1 0
196 396 -1 0
363 22 -1 0
109 329 -1 0
186 16 -1 0
286 65 -1 0
328 60 -1 0
28 66 -1 0
158 126 -1 0
90 32 -1 0
97 304 -1 0
226 44 -1 0
115 381 -1 0
275 300 -1 0
263 249 -1 0
40 78 -1 0
389 237 -1 0
61 82 -1 0
108 154 -1 0
358 137 -1 0
352 115 -1 0
68 174 -1 0
95 283 -1 0
32 300 -1 0
382 201 -1 0
393 188 -1 0
206 75 -1 0
11 301 -1 0
272 122 -1 0
201 96 -1 0
245 220 -1 0
137 294 -1 0
206 204 -1 0
348 147 -1 0
283 158 -1 0
308 34 -1 0
114 16 -1 0
351 327 -1 0
194 170 -1 0
12 202 -1 0
145 207 -1 0
143 329 -1 0
248 100 -1 0
194 343 -1 0
171 24 -1 0
22 55 -1 0
350 9 -1 0
392 62 -1 0
115 128 -1 0
150 329 -1 0
254 298 -1 0
227 251 -1 0
299 126 -1 0
24 13 -1 0
20 37 -1 0
327 310 -1 0
293 339 -1 0
232 163 -1 0
220 32 -1 0
77 0 -1 0
397 84 -1 0
319 19 -1 0
89 191 -1 0
125 25 -1 0
77 105 -1 0
61 200 -1 0
171 115 -1 0
224 57 -1 0
76 122 -1 0
12 36 -1 0
56 364 -1 0
158 350 -1 0
268 213 -1 0
383 53 -1 0
106 100 -1 0
256 355 -1 0
90 83 -1 0
81 184 -1 0
306 62 -1 0
114 321 -1 0
151 283 -1 0
258 299 -1 0
81 88 -1 0
228 120 -1 0
397 147 -1 0
96 156 -1 0
384 371 -1 0
297 328 -1 0
228 360 -1 0
332 332 -1 0
252 266 -1 0
30 316 -1 0
161 121 -1 0
201 132 -1 0
380 305 -1 0
339 261 -1 0
111 138 -1 0
113 19 -1 0
298 78 -1 0
119 159 -1 0
276 66 -1 0
385 172 -1 0
149 111 -1 0
152 119 -1 0
73 120 -1 0
29 387 -1 0
137 44 -1 0
386 289 -1 0
311 267 -1 0
281 35 -1 0
297 39 -1 0
278 193 -1 0
366 11 -1 0
251 395 -1 0
365 8 -1 0
346 392 -1 0
187 0 -1 0
335 251 -1 0
208 319 -1 0
47 269 -1 0
270 110 -1 0
329 187 -1 0
155 91 -1 0
44 207 -1 0
379 189 -1 0
338 158 -1 0
164 58 -1 0
59 66 -1 0
365 215 -1 0
27 333 -1 0
354 281 -1 0
381 41 -1 0
306 169 -1 0
81 257 -1 0
349 83 -1 0
282 352 -1 0
247 178 -1 0
207 101 -1 0
227 93 -1 0
164 317 -1 0
67 221 -1 0
306 51 -1 0
330 372 -1 0
49 26 -1 0
343 241 -1 0
292 388 -1 0
261 108 -1 0
303 370 -1 0
26 350 -1 0
225 235 -1 0
185 150 -1 0
244 158 -1 0
361 9 -1 0
303 57 -1 0
260 375 -1 0
100 72 -1 0
189 107 -1 0
173 395 -1 0
19 169 -1 0
135 146 -1 0
109 43 -1 0
163 43 -1 0
229 228 -1 0
368 310 -1 0
114 276 -1 0
359 51 -1 0
395 87 -1 0
256 335 -1 0
155 50 -1 0
5 320 -1 0
204 170 -1 0
46 126 -1 0
278 14 -1 0
326 2 -1 0
129 137 -1 0
368 62 -1 0
94 214 -1 0
275 343 -1 0
30 109 -1 0
396 326 -1 0
94 254 -1 0
47 82 -1 0
187 107 -1 0
334 153 -1 0
13 136 -1 0
54 220 -1 0
109 173 -1 0
295 96 -1 0
236 114 -1 0
226 108 -1 0
241 242 -1 0
397 247 -1 0
43 229 -1 0
58 90 -1 0
126 276 -1 0
114 171 -1 0
320 238 -1 0
141 180 -1 0
197 39 -1 0
385 305 -1 0
201 87 -1 0
353 306 -1 0
338 394 -1 0
37 298 -1 0
337 7 -1 0
358 387 -1 0
36 372 -1 0
112 337 -1 0
243 118 -1 0
206 367 -1 0
397 378 -1 0
126 363 -1 0
72 151 -1 0
13 397 -1 0
187 324 -1 0
157 125 -1 0
364 325 -1 0
320 241 -1 0
71 166 -1 0
335 183 -1 0
384 278 -1 0
152 204 -1 0
120 342 -1 0
374 120 -1 0
61 123 -1 0
128 341 -1 0
327 338 -1 0
33 372 -1 0
93 66 -1 0
252 166 -1 0
34 136 -1 0
25 231 -1 0
19 382 -1 0
106 349 -1 0
6 277 -1 0
66 150 -1 0
163 202 -1 0
287 8 -1 0
150 204 -1 0
19 269 -1 0
121 165 -1 0
10 150 -1 0
2 195 -1 0
83 387 -1 0
273 285 -1 0
122 120 -1 0
29 24 -1 0
239 238 -1 0
204 115 -1 0
306 95 -1 0
152 298 -1 0
13 231 -1 0
318 218 -1 0
208 378 -1 0
360 308 -1 0
109 277 -1 0
384 204 -1 0
201 203 -1 0
163 381 -1 0
12 76 -1 0
292 296 -1 0
219 362 -1 0
30 364 -1 0
255 263 -1 0
199 396 -1 0
177 106 -1 0
129 105 -1 0
22 52 -1 0
240 307 -1 0
121 103 -1 0
346 347 -1 0
227 48 -1 0
255 64 -1 0
365 259 -1 0
264 363 -1 0
247 92 -1 0
121 399 -1 0
370 343 -1 0
251 373 -1 0
307 312 -1 0
392 60 -1 0
108 74 -1 0
20 323 -1 0
244 122 -1 0
390 353 -1 0
168 7 -1 0
214 114 -1 0
101 257 -1 0
339 292 -1 0
277 253 -1 0
120 49 -1 0
323 259 -1 0
396 121 -1 0
176 34 -1 0
169 331 -1 0
96 47 -1 0
33 97 -1 0
97 165 -1 0
150 174 -1 0
107 153 -1 0
395 274 -1 0
225 128 -1 0
91 151 -1 0
109 249 -1 0
64 71 -1 0
184 157 -1 0
36 124 -1 0
174 361 -1 0
40 289 -1 0
50 191 -1 0
363 221 -1 0
277 286 -1 0
60 56 -1 0
397 210 -1 0
259 356 -1 0
160 151 -1 0
21 148 -1 0
131 295 -1 0
287 293 -1 0
233 137 -1 0
23 284 -1 0
264 376 -1 0
260 135 -1 0
241 113 -1 0
283 64 -1 0
383 255 -1 0
30 301 -1 0
236 199 -1 0
37 170 -1 0
123 393 -1 0
129 104 -1 0
165 300 -1 0
15 299 -1 0
5 356 -1 0
319 108 -1 0
354 168 -1 0
353 391 -1 0
47 15 -1 0
198 219 -1 0
227 338 -1 0
89 391 -1 0
128 265 -1 0
26 34 -1 0
229 66 -1 0
309 208 -1 0
293 128 -1 0
167 197 -1 0
268 377 -1 0
19 233 -1 0
239 177 -1 0
146 27 -1 0
216 226 -1 0
31 255 -1 0
394 255 -1 0
314 113 -1 0
86 173 -1 0
276 286 -1 0
318 289 -1 0
200 155 -1 0
358 119 -1 0
335 249 -1 0
42 367 -1 0
217 57 -1 0
245 147 -1 0
245 186 -1 0
26 242 -1 0
278 316 -1 0
90 57 -1 0
28 163 -1 0
190 48 -1 0
220 320 -1 0
67 172 -1 0
139 149 -1 0
126 23 -1 0
284 350 -1 0
213 105 -1 0
175 105 -1 0
5 394 -1 0
253 207 -1 0
346 0 -1 0
249 302 -1 0
245 245 -1 0
363 107 -1 0
225 164 -1 0
209 199 -1 0
355 367 -1 0
57 79 -1 0
255 79 -1 0
261 331 -1 0
398 318 -1 0
296 244 -1 0
61 301 -1 0
130 20 -1 0
219 237 -1 0
357 254 -1 0
126 319 -1 0
182 21 -1 0
264 128 -1 0
372 370 -1 0
331 18 -1 0
44 210 -1 0
113 128 -1 0
282 267 -1 0
303 366 -1 0
87 332 -1 0
179 57 -1 0
62 336 -1 0
61 176 -1 0
148 139 -1 0
12 297 -1 0
313 327 -1 0
124 328 -1 0
228 53 -1 0
124 392 -1 0
140 336 -1 0
146 70 -1 0
111 256 -1 0
355 199 -1 0
267 198 -1 0
198 150 -1 0
277 385 -1 0
305 174 -1 0
386 26 -1 0
227 230 -1 0
334 364 -1 0
337 120 -1 0
249 0 -1 0
151 365 -1 0
13 59 -1 0
283 44 -1 0
348 142 -1 0
118 11 -1 0
162 349 -1 0
64 95 -1 0
315 61 -1 0
28 78 -1 0
218 381 -1 0
153 208 -1 0
18 140 -1 0
193 61 -1 0
58 55 -1 0
30 379 -1 0
154 334 -1 0
73 181 -1 0
243 33 -1 0
290 378 -1 0
240 68 -1 0
94 47 -1 0
85 135 -1 0
210 49 -1 0
335 135 -1 0
140 163 -1 0
32 331 -1 0
278 201 -1 0
334 147 -1 0
54 199 -1 0
298 169 -1 0
170 184 -1 0
36 106 -1 0
239 194 -1 0
181 123 -1 0
329 312 -1 0
62 1 -1 0
244 354 -1 0
374 27 -1 0
70 374 -1 0
295 13 -1 0
248 60 -1 0
132 111 -1 0
11 92 -1 0
89 125 -1 0
155 93 -1 0
16 287 -1 0
229 199 -1 0
34 201 -1 0
228 127 -1 0
292 299 -1 0
239 349 -1 0
367 215 -1 0
346 340 -1 0
165 50 -1 0
109 282 -1 0
109 351 -1 0
84 92 -1 0
257 69 -1 0
55 169 -1 0
45 23 -1 0
198 155 -1 0
277 251 -1 0
195 67 -1 0
51 235 -1 0
26 339 -1 0
345 66 -1 0
187 99 -1 0
289 144 -1 0
299 37 -1 0
102 290 -1 0
298 357 -1 0
230 87 -1 0
147 45 -1 0
238 153 -1 0
332 374 -1 0
202 228 -1 0
307 77 -1 0
92 16 -1 0
334 310 -1 0
136 11 -1 0
176 305 -1 0
295 41 -1 0
97 152 -1 0
347 334 -1 0
243 139 -1 0
259 339 -1 0
129 111 -1 0
147 296 -1 0
93 294 -1 0
26 197 -1 0
388 219 -1 0
9 141 -1 0
70 341 -1 0
45 40 -1 0
115 60 -1 0
345 170 -1 0
97 95 -1 0
307 30 -1 0
68 62 -1 0
375 195 -1 0
390 203 -1 0
159 151 -1 0
331 234 -1 0
375 297 -1 0
357 338 -1 0
350 327 -1 0
189 36 -1 0
362 159 -1 0
379 207 -1 0
252 83 -1 0
205 114 -1 0
328 374 -1 0
330 51 -1 0
102 154 -1 0
5 27 -1 0
355 221 -1 0
96 379 -1 0
186 133 -1 0
117 390 -1 0
233 233 -1 0
50 391 -1 0
231 39 -1 0
375 359 -1 0
17 311 -1 0
226 350 -1 0
182 113 -1 0
295 307 -1 0
247 117 -1 0
352 110 -1 0
374 50 -1 0
382 94 -1 0
13 88 -1 0
255 41 -1 0
72 353 -1 0
158 186 -1 0
269 263 -1 0
303 252 -1 0
27 92 -1 0
270 381 -1 0
318 33 -1 0
52 181 -1 0
224 398 -1 0
397 16 -1 0
56 48 -1 0
240 97 -1 0
23 171 -1 0
87 176 -1 0
184 21 -1 0
153 196 -1 0
61 180 -1 0
355 69 -1 0
337 387 -1 0
11 76 -1 0
341 179 -1 0
253 104 -1 0
141 129 -1 0
104 352 -1 0
24 220 -1 0
336 302 -1 0
365 177 -1 0
87 37 -1 0
227 74 -1 0
260 91 -1 0
330 290 -1 0
28 380 -1 0
364 8 -1 0
291 127 -1 0
238 17 -1 0
133 269 -1 0
324 115 -1 0
112 61 -1 0
7 125 -1 0
132 49 -1 0
247 309 -1 0
116 148 -1 0
187 136 -1 0
51 397 -1 0
78 127 -1 0
12 74 -1 0
187 25 -1 0
386 175 -1 0
302 189 -1 0
307 372 -1 0
275 216 -1 0
355 227 -1 0
334 3 -1 0
384 153 -1 0
302 144 -1 0
320 218 -1 0
9 215 -1 0
37 231 -1 0
396 130 -1 0
38 120 -1 0
345 239 -1 0
203 148 -1 0
357 240 -1 0
323 354 -1 0
102 371 -1 0
32 287 -1 0
294 323 -1 0
373 141 -1 0
249 392 -1 0
126 389 -1 0
64 79 -1 0
283 8 -1 0
217 171 -1 0
148 298 -1 0
87 162 -1 0
370 76 -1 0
88 1 -1 0
233 37 -1 0
106 189 -1 0
68 321 -1 0
368 344 -1 0
228 346 -1 0
95 277 -1 0
11 361 -1 0
301 313 -1 0
150 39 -1 0
103 167 -1 0
206 214 -1 0
107 378 -1 0
175 315 -1 0
389 200 -1 0
315 292 -1 0
399 252 -1 0
279 297 -1 0
165 33 -1 0
244 194 -1 0
183 155 -1 0
272 142 -1 0
261 249 -1 0
169 351 -1 0
343 248 -1 0
354 293 -1 0
17 352 -1 0
338 176 -1 0
391 128 -1 0
343 79 -1 0
304 91 -1 0
129 364 -1 0
13 391 -1 0
60 344 -1 0
35 367 -1 0
46 75 -1 0
82 268 -1 0
69 67 -1 0
362 99 -1 0
310 382 -1 0
157 135 -1 0
93 56 -1 0
194 176 -1 0
292 268 -1 0
96 60 -1 0
283 148 -1 0
124 255 -1 0
291 355 -1 0
52 311 -1 0
166 35 -1 0
196 374 -1 0
236 153 -1 0
56 161 -1 0
345 195 -1 0
379 134 -1 0
198 320 -1 0
96 13 -1 0
277 4 -1 0
277 375 -1 0
297 193 -1 0
309 368 -1 0
344 157 -1 0
158 56 -1 0
26 391 -1 0
143 286 -1 0
84 305 -1 0
314 100 -1 0
187 213 -1 0
103 307 -1 0
109 290 -1 0
225 200 -1 0
20 266 -1 0
88 302 -1 0
69 149 -1 0
313 197 -1 0
173 208 -1 0
301 69 -1 0
84 232 -1 0
270 236 -1 0
207 95 -1 0
295 336 -1 0
346 349 -1 0
356 339 -1 0
37 87 -1 0
337 58 -1 0
105 225 -1 0
219 19 -1 0
335 6 -1 0
184 71 -1 0
283 335 -1 0
242 388 -1 0
318 258 -1 0
143 129 -1 0
1 111 -1 0
288 49 -1 0
339 224 -1 0
163 168 -1 0
10 19 -1 0
141 288 -1 0
353 102 -1 0
270 68 -1 0
295 237 -1 0
117 62 -1 0
376 201 -1 0
125 156 -1 0
145 352 -1 0
124 34 -1 0
296 358 -1 0
277 215 -1 0
319 47 -1 0
80 146 -1 0
228 220 -1 0
285 217 -1 0
332 394 -1 0
167 208 -1 0
97 6 -1 0
351 368 -1 0
203 1 -1 0
323 99 -1 0
140 394 -1 0
283 45 -1 0
31 191 -1 0
0 320 -1 0
56 65 -1 0
274 22 -1 0
90 274 -1 0
80 262 -1 0
54 54 -1 0
23 313 -1 0
188 47 -1 0
1 89 -1 0
249 224 -1 0
291 55 -1 0
22 356 -1 0
310 46 -1 0
188 119 -1 0
371 331 -1 0
153 296 -1 0
230 113 -1 0
393 281 -1 0
80 339 -1 0
73 290 -1 0
261 256 -1 0
136 62 -1 0
394 278 -1 0
68 7 -1 0
164 144 -1 0
211 130 -1 0
82 295 -1 0
95 11 -1 0
197 345 -1 0
170 29 -1 0
381 330 -1 0
266 119 -1 0
309 244 -1 0
393 155 -1 0
70 194 -1 0
205 81 -1 0
274 111 -1 0
309 227 -1 0
224 42 -1 0
362 321 -1 0
212 206 -1 0
384 119 -1 0
377 55 -1 0
67 327 -1 0
181 398 -1 0
87 136 -1 0
373 29 -1 0
316 391 -1 0
181 363 -1 0
395 228 -1 0
249 385 -1 0
94 171 -1 0
340 209 -1 0
396 366 -1 0
250 93 -1 0
322 95 -1 0
280 109 -1 0
59 343 -1 0
315 395 -1 0
303 311 -1 0
273 358 -1 0
129 61 -1 0
206 172 -1 0
251 236 -1 0
376 200 -1 0
146 342 -1 0
305 105 -1 0
314 1 -1 0
60 186 -1 0
356 340 -1 0
269 271 -1 0
18 223 -1 0
377 86 -1 0
202 214 -1 0
194 33 -1 0
24 91 -1 0
78 179 -1 0
15 237 -1 0
62 281 -1 0
276 41 -1 0
347 57 -1 0
315 11 -1 0
211 328 -1 0
389 70 -1 0
150 372 -1 0
195 3 -1 0
340 33 -1 0
32 367 -1 0
299 7 -1 0
35 52 -1 0
93 120 -1 0
341 17 -1 0
46 229 -1 0
282 56 -1 0
49 72 -1 0
360 283 -1 0
170 346 -1 0
267 173 -1 0
281 399 -1 0
122 18 -1 0
364 181 -1 0
188 371 -1 0
19 93 -1 0
264 124 -1 0
40 299 -1 0
13 86 -1 0
260 125 -1 0
121 269 -1 0
76 346 -1 0
351 180 -1 0
152 365 -1 0
160 91 -1 0
191 226 -1 0
224 121 -1 0
131 86 -1 0
55 98 -1 0
274 199 -1 0
356 337 -1 0
50 176 -1 0
394 314 -1 0
306 207 -1 0
238 162 -1 0
243 154 -1 0
226 125 -1 0
10 11 -1 0
212 184 -1 0
243 103 -1 0
228 191 -1 0
352 41 -1 0
185 0 -1 0
114 61 -1 0
19 346 -1 0
147 156 -1 0
100 42 -1 0
130 109 -1 0
250 0 -1 0
44 57 -1 0
25 157 -1 0
367 86 -1 0
236 148 -1 0
372 184 -1 0
354 113 -1 0
77 389 -1 0
20 78 -1 0
155 169 -1 0
81 277 -1 0
114 359 -1 0
328 22 -1 0
330 313 -1 0
389 144 -1 0
362 244 -1 0
31 42 -1 0
11 342 -1 0
85 19 -1 0
366 17 -1 0
342 117 -1 0
289 318 -1 0
237 194 -1 0
194 99 -1 0
243 171 -1 0
20 392 -1 0
283 24 -1 0
294 215 -1 0
313 92 -1 0
129 19 -1 0
196 15 -1 0
291 110 -1 0
336 38 -1 0
39 297 -1 0
284 382 -1 0
204 374 -1 0
206 13 -1 0
267 52 -1 0
109 163 -1 0
100 373 -1 0
141 193 -1 0
283 314 -1 0
24 381 -1 0
111 120 -1 0
311 253 -1 0
33 161 -1 0
170 38 -1 0
188 120 -1 0
2 212 -1 0
225 64 -1 0
334 69 -1 0
142 177 -1 0
327 317 -1 0
279 100 -1 0
71 361 -1 0
127 263 -1 0
10 328 -1 0
168 96 -1 0
15 265 -1 0
313 222 -1 0
378 395 -1 0
26 379 -1 0
249 179 -1 0
205 345 -1 0
137 165 -1 0
294 244 -1 0
165 316 -1 0
10 221 -1 0
201 319 -1 0
208 94 -1 0
312 211 -1 0
346 22 -1 0
334 106 -1 0
231 0 -1 0
229 350 -1 0
356 130 -1 0
252 58 -1 0
363 66 -1 0
257 121 -1 0
18 113 -1 0
18 91 -1 0
62 343 -1 0
371 112 -1 0
173 9 -1 0
15 254 -1 0
64 237 -1 0
247 223 -1 0
135 81 -1 0
283 298 -1 0
391 391 -1 0
303 199 -1 0
174 115 -1 0
288 363 -1 0
344 356 -1 0
292 122 -1 0
172 211 -1 0
275 88 -1 0
295 145 -1 0
72 359 -1 0
318 130 -1 0
137 107 -1 0
277 390 -1 0
16 204 -1 0
321 189 -1 0
13 303 -1 0
339 383 -1 0
268 382 -1 0
231 355 -1 0
239 158 -1 0
265 169 -1 0
206 129 -1 0
28 353 -1 0
269 244 -1 0
68 384 -1 0
6 171 -1 0
348 113 -1 0
266 6 -1 0
130 209 -1 0
82 76 -1 0
153 132 -1 0
136 25 -1 0
39 31 -1 0
344 137 -1 0
347 38 -1 0
279 50 -1 0
328 129 -1 0
198 187 -1 0
327 82 -1 0
62 366 -1 0
31 187 -1 0
20 148 -1 0
299 22 -1 0
276 225 -1 0
80 295 -1 0
383 278 -1 0
268 343 -1 0
88 397 -1 0
178 70 -1 0
379 216 -1 0
13 45 -1 0
251 51 -1 0
228 201 -1 0
375 153 -1 0
63 313 -1 0
334 111 -1 0
249 246 -1 0
274 397 -1 0
142 201 -1 0
197 325 -1 0
136 160 -1 0
80 287 -1 0
305 169 -1 0
14 129 -1 0
256 265 -1 0
2 32 -1 0
338 267 -1 0
318 70 -1 0
298 347 -1 0
150 355 -1 0
177 207 -1 0
287 103 -1 0
93 43 -1 0
323 149 -1 0
178 169 -1 0
229 223 -1 0
123 283 -1 0
330 112 -1 0
170 361 -1 0
345 342 -1 0
392 314 -1 0
142 131 -1 0
338 197 -1 0
263 342 -1 0
254 156 -1 0
280 89 -1 0
46 96 -1 0
328 263 -1 0
363 232 -1 0
339 358 -1 0
254 278 -1 0
197 151 -1 0
263 306 -1 0
70 11 -1 0
113 200 -1 0
336 266 -1 0
105 99 -1 0
102 194 -1 0
15 380 -1 0
279 1 -1 0
201 167 -1 0
286 344 -1 0
79 88 -1 0
223 238 -1 0
186 38 -1 0
213 88 -1 0
193 363 -1 0
193 18 -1 0
53 144 -1 0
47 323 -1 0
208 148 -1 0
260 297 -1 0
327 297 -1 0
203 347 -1 0
26 3 -1 0
274 312 -1 0
44 256 -1 0
82 285 -1 0
394 307 -1 0
338 265 -1 0
192 372 -1 0
102 41 -1 0
120 139 -1 0
154 18 -1 0
256 380 -1 0
283 140 -1 0
313 20 -1 0
383 13 -1 0
399 89 -1 0
142 331 -1 0
324 167 -1 0
366 369 -1 0
186 100 -1 0
246 323 -1 0
15 204 -1 0
288 209 -1 0
316 83 -1 0
10 32 -1 0
261 252 -1 0
186 320 -1 0
380 27 -1 0
160 155 -1 0
136 91 -1 0
14 390 -1 0
325 122 -1 0
227 175 -1 0
182 345 -1 0
370 392 -1 0
76 351 -1 0
363 184 -1 0
206 384 -1 0
80 314 -1 0
356 191 -1 0
184 15 -1 0
177 112 -1 0
309 46 -1 0
311 1 -1 0
336 130 -1 0
27 246 -1 0
160 302 -1 0
89 387 -1 0
23 295 -1 0
1 331 -1 0
337 108 -1 0
64 58 -1 0
242 392 -1 0
201 40 -1 0
14 387 -1 0
167 157 -1 0
333 254 -1 0
364 383 -1 0
352 208 -1 0
258 252 -1 0
81 166 -1 0
160 326 -1 0
155 294 -1 0
208 191 -1 0
37 43 -1 0
5 28 -1 0
63 348 -1 0
3 174 -1 0
50 316 -1 0
94 239 -1 0
232 384 -1 0
215 107 -1 0
397 288 -1 0
216 194 -1 0
389 361 -1 0
52 253 -1 0
258 307 -1 0
295 392 -1 0
142 180 -1 0
321 352 -1 0
351 237 -1 0
139 399 -1 0
253 391 -1 0
262 285 -1 0
263 244 -1 0
246 198 -1 0
118 280 -1 0
127 64 -1 0
6 105 -1 0
381 156 -1 0
305 2 -1 0
398 213 -1 0
203 227 -1 0
316 53 -1 0
67 116 -1 0
301 158 -1 0
123 169 -1 0
42 274 -1 0
57 371 -1 0
354 231 -1 0
150 9 -1 0
361 97 -1 0
152 72 -1 0
220 119 -1 0
3 128 -1 0
91 3 -1 0
22 67 -1 0
360 147 -1 0
35 243 -1 0
57 242 -1 0
138 367 -1 0
359 397 -1 0
227 150 -1 0
115 8 -1 0
264 39 -1 0
127 195 -1 0
306 200 -1 0
63 341 -1 0
181 188 -1 0
241 220 -1 0
271 128 -1 0
64 145 -1 0
14 342 -1 0
160 45 -1 0
184 222 -1 0
91 115 -1 0
176 364 -1 0
316 162 -1 0
289 190 -1 0
298 139 -1 0
284 342 -1 0
109 273 -1 0
329 310 -1 0
305 200 -1 0
134 182 -1 0
42 125 -1 0
350 339 -1 0
287 372 -1 0
354 127 -1 0
301 353 -1 0
345 203 -1 0
344 299 -1 0
211 138 -1 0
52 291 -1 0
382 21 -1 0
328 234 -1 0
134 308 -1 0
397 320 -1 0
115 263 -1 0
289 153 -1 0
238 252 -1 0
67 210 -1 0
284 246 -1 0
222 343 -1 0
231 339 -1 0
177 338 -1 0
32 92 -1 0
242 101 -1 0
314 31 -1 0
102 5 -1 0
167 186 -1 0
127 290 -1 0
49 222 -1 0
19 397 -1 0
101 185 -1 0
185 73 -1 0
150 110 -1 0
309 72 -1 0
0 88 -1 0
363 243 -1 0
349 16 -1 0
129 376 -1 0
248 363 -1 0
99 92 -1 0
151 68 -1 0
312 115 -1 0
378 56 -1 0
41 368 -1 0
153 177 -1 0
124 181 -1 0
380 163 -1 0
232 15 -1 0
53 305 -1 0
226 336 -1 0
102 30 -1 0
79 124 -1 0
152 148 -1 0
162 339 -1 0
170 169 -1 0
34 190 -1 0
208 53 -1 0
240 253 -1 0
48 395 -1 0
320 323 -1 0
381 337 -1 0
312 75 -1 0
62 210 -1 0
368 382 -1 0
274 394 -1 0
278 368 -1 0
368 336 -1 0
366 157 -1 0
285 62 -1 0
359 284 -1 0
360 61 -1 0
172 176 -1 0
198 198 -1 0
309 305 -1 0
11 79 -1 0
23 266 -1 0
22 4 -1 0
49 126 -1 0
223 248 -1 0
290 370 -1 0
248 146 -1 0
78 304 -1 0
366 281 -1 0
184 54 -1 0
343 272 -1 0
334 311 -1 0
224 117 -1 0
190 160 -1 0
164 312 -1 0
387 169 -1 0
58 397 -1 0
385 28 -1 0
59 383 -1 0
278 189 -1 0
387 137 -1 0
72 192 -1 0
98 45 -1 0
307 262 -1 0
318 228 -1 0
209 90 -1 0
31 58 -1 0
339 283 -1 0
300 140 -1 0
396 156 -1 0
262 344 -1 0
97 282 -1 0
221 333 -1 0
44 165 -1 0
220 5 -1 0
60 362 -1 0
274 299 -1 0
64 25 -1 0
276 118 -1 0
43 294 -1 0
165 65 -1 0
144 184 -1 0
138 126 -1 0
303 213 -1 0
43 106 -1 0
144 29 -1 0
5 21 -1 0
233 331 -1 0
76 339 -1 0
89 349 -1 0
99 27 -1 0
62 21 -1 0
324 43 -1 0
302 15 -1 0
346 186 -1 0
74 145 -1 0
185 337 -1 0
152 196 -1 0
366 118 -1 0
0 93 -1 0
114 323 -1 0
256 101 -1 0
303 196 -1 0
132 295 -1 0
187 190 -1 0
135 342 -1 0
51 369 -1 0
204 48 -1 0
11 356 -1 0
62 211 -1 0
384 296 -1 0
198 326 -1 0
368 193 -1 0
217 384 -1 0
162 136 -1 0
33 199 -1 0
20 241 -1 0
131 200 -1 0
68 163 -1 0
200 74 -1 0
280 207 -1 0
248 129 -1 0
249 318 -1 0
61 93 -1 0
241 119 -1 0
227 236 -1 0
236 254 -1 0
288 222 -1 0
49 252 -1 0
366 206 -1 0
111 280 -1 0
336 223 -1 0
2 214 -1 0
287 132 -1 0
224 216 -1 0
10 36 -1 0
133 85 -1 0
382 55 -1 0
140 179 -1 0
216 180 -1 0
108 158 -1 0
392 112 -1 0
256 13 -1 0
395 368 -1 0
373 119 -1 0
77 229 -1 0
74 223 -1 0
339 379 -1 0
131 82 -1 0
243 338 -1 0
257 154 -1 0
19 58 -1 0
316 155 -1 0
122 388 -1 0
244 245 -1 0
249 151 -1 0
318 233 -1 0
397 317 -1 0
354 161 -1 0
262 235 -1 0
111 115 -1 0
135 35 -1 0
82 105 -1 0
159 379 -1 0
293 50 -1 0
28 389 -1 0
42 45 -1 0
373 48 -1 0
160 179 -1 0
198 366 -1 0
346 152 -1 0
330 274 -1 0
135 192 -1 0
269 174 -1 0
65 56 -1 0
300 59 -1 0
273 376 -1 0
198 167 -1 0
378 252 -1 0
171 97 -1 0
107 279 -1 0
158 203 -1 0
352 218 -1 0
121 158 -1 0
9 114 -1 0
322 204 -1 0
304 378 -1 0
380 93 -1 0
366 54 -1 0
388 168 -1 0
250 216 -1 0
9 351 -1 0
238 246 -1 0
119 96 -1 0
199 317 -1 0
193 205 -1 0
210 173 -1 0
378 224 -1 0
262 391 -1 0
172 142 -1 0
181 69 -1 0
397 311 -1 0
284 34 -1 0
183 140 -1 0
207 65 -1 0
300 155 -1 0
98 284 -1 0
271 173 -1 0
158 355 -1 0
372 82 -1 0
11 16 -1 0
262 1 -1 0
230 236 -1 0
227 26 -1 0
250 20 -1 0
302 192 -1 0
39 234 -1 0
392 302 -1 0
309 391 -1 0
309 197 -1 0
249 284 -1 0
336 37 -1 0
190 102 -1 0
384 5 -1 0
25 73 -1 0
27 20 -1 0
82 296 -1 0
253 328 -1 0
299 58 -1 0
345 169 -1 0
379 342 -1 0
224 32 -1 0
95 243 -1 0
209 207 -1 0
36 301 -1 0
134 204 -1 0
389 190 -1 0
79 278 -1 0
114 47 -1 0
19 43 -1 0
152 76 -1 0
273 172 -1 0
79 15 -1 0
13 169 -1 0
399 337 -1 0
47 331 -1 0
303 278 -1 0
35 341 -1 0
350 312 -1 0
205 45 -1 0
4 372 -1 0
123 387 -1 0
1 324 -1 0
252 263 -1 0
266 21 -1 0
281 92 -1 0
140 342 -1 0
380 108 -1 0
123 90 -1 0
172 385 -1 0
86 324 -1 0
327 391 -1 0
247 231 -1 0
89 331 -1 0
222 19 -1 0
73 59 -1 0
22 2 -1 0
28 2 -1 0
276 13 -1 0
42 365 -1 0
322 256 -1 0
152 109 -1 0
226 365 -1 0
206 5 -1 0
17 75 -1 0
338 326 -1 0
334 314 -1 0
106 344 -1 0
60 54 -1 0
251 171 -1 0
73 91 -1 0
44 93 -1 0
392 10 -1 0
288 347 -1 0
177 360 -1 0
318 269 -1 0
97 34 -1 0
22 240 -1 0
288 253 -1 0
278 51 -1 0
323 261 -1 0
30 9 -1 0
44 399 -1 0
335 261 -1 0
118 40 -1 0
146 16 -1 0
279 337 -1 0
135 315 -1 0
203 107 -1 0
323 271 -1 0
290 353 -1 0
290 16 -1 0
140 398 -1 0
15 148 -1 0
351 41 -1 0
139 206 -1 0
265 316 -1 0
31 298 -1 0
241 368 -1 0
96 195 -1 0
136 114 -1 0
231 4 -1 0
203 167 -1 0
176 119 -1 0
263 173 -1 0
202 387 -1 0
343 111 -1 0
137 163 -1 0
155 333 -1 0
343 290 -1 0
25 172 -1 0
94 36 -1 0
263 4 -1 0
90 206 -1 0
294 272 -1 0
105 12 -1 0
231 223 -1 0
42 181 -1 0
71 46 -1 0
195 46 -1 0
27 247 -1 0
125 353 -1 0
375 342 -1 0
252 102 -1 0
350 44 -1 0
208 160 -1 0
29 381 -1 0
143 341 -1 0
265 288 -1 0
340 1 -1 0
202 394 -1 0
298 254 -1 0
223 142 -1 0
1 53 -1 0
231 181 -1 0
379 234 -1 0
140 316 -1 0
265 136 -1 0
159 375 -1 0
119 380 -1 0
190 209 -1 0
267 66 -1 0
77 294 -1 0
183 48 -1 0
82 145 -1 0
355 297 -1 0
354 165 -1 0
100 210 -1 0
167 375 -1 0
270 32 -1 0
393 55 -1 0
384 384 -1 0
283 59 -1 0
232 118 -1 0
48 119 -1 0
246 201 -1 0
388 137 -1 0
23 322 -1 0
196 102 -1 0
360 245 -1 0
26 309 -1 0
144 330 -1 0
58 361 -1 0
80 298 -1 0
161 126 -1 0
298 294 -1 0
369 264 -1 0
362 78 -1 0
17 314 -1 0
389 369 -1 0
240 158 -1 0
365 293 -1 0
345 257 -1 0
387 184 -1 0
92 33 -1 0
105 290 -1 0
147 44 -1 0
234 318 -1 0
146 45 -1 0
391 340 -1 0
256 373 -1 0
287 52 -1 0
326 228 -1 0
124 89 -1 0
193 186 -1 0
66 196 -1 0
256 323 -1 0
177 369 -1 0
306 309 -1 0
140 293 -1 0
15 198 -1 0
64 269 -1 0
230 176 -1 0
138 180 -1 0
375 216 -1 0
390 2 -1 0
33 214 -1 0
5 49 -1 0
364 64 -1 0
222 63 -1 0
331 236 -1 0
105 197 -1 0
7 36 -1 0
1 19 -1 0
220 224 -1 0
302 290 -1 0
9 96 -1 0
58 34 -1 0
124 379 -1 0
303 373 -1 0
49 322 -1 0
202 398 -1 0
157 317 -1 0
287 168 -1 0
38 226 -1 0
56 154 -1 0
128 324 -1 0
80 64 -1 0
82 384 -1 0
243 384 -1 0
31 52 -1 0
150 291 -1 0
208 375 -1 0
123 198 -1 0
9 32 -1 0
201 220 -1 0
259 292 -1 0
296 239 -1 0
17 36 -1 0
367 246 -1 0
386 235 -1 0
329 381 -1 0
28 50 -1 0
41 369 -1 0
14 347 -1 0
309 190 -1 0
130 277 -1 0
360 227 -1 0
288 76 -1 0
129 13 -1 0
360 296 -1 0
394 66 -1 0
91 109 -1 0
187 27 -1 0
75 245 -1 0
351 310 -1 0
375 201 -1 0
256 209 -1 0
286 325 -1 0
283 76 -1 0
77 255 -1 0
186 185 -1 0
186 342 -1 0
360 384 -1 0
390 202 -1 0
227 174 -1 0
191 124 -1 0
244 312 -1 0
124 182 -1 0
246 344 -1 0
72 368 -1 0
373 264 -1 0
204 380 -1 0
133 321 -1 0
219 112 -1 0
104 89 -1 0
344 272 -1 0
138 69 -1 0
345 143 -1 0
200 164 -1 0
65 124 -1 0
365 297 -1 0
364 138 -1 0
193 191 -1 0
135 139 -1 0
95 128 -1 0
70 88 -1 0
35 231 -1 0
25 158 -1 0
242 62 -1 0
75 181 -1 0
163 164 -1 0
397 52 -1 0
71 23 -1 0
13 101 -1 0
285 94 -1 0
312 248 -1 0
23 273 -1 0
6 146 -1 0
47 318 -1 0
193 175 -1 0
365 336 -1 0
387 345 -1 0
183 387 -1 0
394 194 -1 0
204 122 -1 0
109 203 -1 0
11 334 -1 0
8 51 -1 0
374 298 -1 0
70 316 -1 0
11 237 -1 0
66 250 -1 0
203 263 -1 1
183 278 -1 1
171 242 -1 1
203 261 -1 1
177 239 -1 1
176 270 -1 1
212 266 -1 1
195 267 -1 1
163 239 -1 1
166 237 -1 1
202 277 -1 1
168 251 -1 1
173 262 -1 1
188 245 -1 1
186 260 -1 1
215 271 -1 1
197 270 -1 1
187 264 -1 1
186 277 -1 1
162 246 -1 1
171 263 -1 1
182 264 -1 1
195 279 -1 1
136 238 -1 1
196 288 -1 1
149 253 -1 1
202 278 -1 1
215 292 -1 1
222 267 -1 1
168 264 -1 1
147 242 -1 1
178 267 -1 1
162 235 -1 1
183 253 -1 1
154 249 -1 1
198 267 -1 1
152 252 -1 1
192 280 -1 1
204 286 -1 1
175 251 -1 1
188 276 -1 1
211 275 -1 1
148 251 -1 1
199 250 -1 1
215 298 -1 1
220 299 -1 1
189 245 -1 1
207 271 -1 1
176 255 -1 1
171 244 -1 1
192 247 -1 1
163 271 -1 1
196 282 -1 1
173 253 -1 1
192 279 -1 1
174 260 -1 1
179 249 -1 1
186 283 -1 1
183 288 -1 1
186 273 -1 1
191 288 -1 1
178 246 -1 1
223 272 -1 1
149 243 -1 1
225 274 -1 1
206 278 -1 1
144 245 -1 1
167 247 -1 1
159 267 -1 1
147 246 -1 1
147 240 -1 1
187 291 -1 1
160 244 -1 1
166 238 -1 1
182 251 -1 1
168 243 -1 1
135 242 -1 1
198 293 -1 1
172 271 -1 1
195 265 -1 1
178 252 -1 1
200 278 -1 1
185 243 -1 1
188 252 -1 1
176 246 -1 1
162 244 -1 1
149 246 -1 1
165 264 -1 1
198 285 -1 1
160 239 -1 1
150 259 -1 1
205 296 -1 1
216 266 -1 1
187 277 -1 1
182 281 -1 1
167 264 -1 1
200 263 -1 1
221 295 -1 1
178 278 -1 1
175 281 -1 1
175 279 -1 1
168 262 -1 1
188 261 -1 1
211 274 -1 1
216 275 -1 1
141 238 -1 1
139 241 -1 1
161 260 -1 1
211 293 -1 1
217 296 -1 1
172 256 -1 1
215 273 -1 1
135 239 -1 1
152 234 -1 1
206 300 -1 1
149 244 -1 1
151 259 -1 1
159 260 -1 1
204 254 -1 1
195 274 -1 1
215 272 -1 1
154 237 -1 1
230 273 -1 1
199 278 -1 1
220 270 -1 1
184 274 -1 1
211 272 -1 1
142 236 -1 1
194 261 -1 1
202 251 -1 1
205 280 -1 1
184 286 -1 1
208 294 -1 1
173 264 -1 1
192 267 -1 1
159 239 -1 1
137 244 -1 1
152 232 -1 1
177 260 -1 1
190 246 -1 1
149 234 -1 1
163 241 -1 1
158 260 -1 1
183 255 -1 1
142 245 -1 1
163 253 -1 1
176 261 -1 1
194 296 -1 1
141 235 -1 1
201 294 -1 1
173 249 -1 1
173 279 -1 1
154 235 -1 1
186 272 -1 1
200 275 -1 1
179 272 -1 1
199 264 -1 1
191 259 -1 1
187 284 -1 1
204 295 -1 1
207 294 -1 1
229 275 -1 1
182 267 -1 1
165 269 -1 1
162 263 -1 1
183 261 -1 1
186 276 -1 1
180 255 -1 1
200 274 -1 1
200 261 -1 1
209 299 -1 1
174 259 -1 1
184 260 -1 1
214 299 -1 1
173 269 -1 1
140 234 -1 1
219 293 -1 1
194 269 -1 1
157 240 -1 1
187 275 -1 1
191 279 -1 1
211 260 -1 1
191 269 -1 1
196 262 -1 1
188 267 -1 1
193 259 -1 1
178 277 -1 1
154 240 -1 1
170 255 -1 1
165 266 -1 1
209 301 -1 1
163 262 -1 1
201 298 -1 1
205 285 -1 1
170 239 -1 1
163 273 -1 1
187 271 -1 1
218 299 -1 1
203 295 -1 1
219 292 -1 1
158 256 -1 1
214 265 -1 1
165 270 -1 1
176 239 -1 1
198 296 -1 1
183 281 -1 1
174 283 -1 1
160 254 -1 1
224 279 -1 1
159 242 -1 1
171 239 -1 1
157 253 -1 1
179 244 -1 1
222 273 -1 1
204 257 -1 1
148 239 -1 1
205 255 -1 1
197 297 -1 1
207 300 -1 1
198 276 -1 1
204 275 -1 1
201 281 -1 1
158 254 -1 1
214 269 -1 1
157 256 -1 1
207 256 -1 1
187 270 -1 1
180 257 -1 1
195 251 -1 1
163 248 -1 1
191 287 -1 1
188 281 -1 1
161 242 -1 1
148 234 -1 1
203 272 -1 1
200 279 -1 1
225 275 -1 1
172 245 -1 1
176 280 -1 1
175 264 -1 1
195 290 -1 1
171 245 -1 1
143 239 -1 1
214 281 -1 1
218 272 -1 1
197 253 -1 1
181 272 -1 1
232 272 -1 1
204 289 -1 1
172 267 -1 1
211 267 -1 1
220 289 -1 1
190 273 -1 1
195 264 -1 1
201 253 -1 1
222 284 -1 1
175 239 -1 1
188 266 -1 1
166 262 -1 1
214 295 -1 1
197 280 -1 1
187 261 -1 1
162 256 -1 1
192 273 -1 1
169 277 -1 1
227 271 -1 1
165 262 -1 1
222 280 -1 1
146 243 -1 1
147 249 -1 1
199 283 -1 1
147 251 -1 1
184 264 -1 1
186 258 -1 1
185 290 -1 1
213 299 -1 1
157 255 -1 1
140 241 -1 1
183 260 -1 1
226 280 -1 1
180 251 -1 1
219 297 -1 1
155 251 -1 1
216 293 -1 1
194 257 -1 1
204 261 -1 1
193 288 -1 1
207 283 -1 1
206 292 -1 1
189 256 -1 1
154 248 -1 1
205 281 -1 1
160 259 -1 1
181 277 -1 1
176 276 -1 1
196 295 -1 1
155 262 -1 1
217 270 -1 1
157 260 -1 1
178 274 -1 1
