4800 400 400
247 358 -1 0
346 118 -1 0
366 228 -1 0
121 64 -1 0
85 165 -1 0
225 375 -1 0
135 17 -1 0
220 139 -1 0
42 331 -1 0
70 196 -1 0
51 399 -1 0
361 92 -1 0
319 308 -1 0
133 126 -1 0
142 392 -1 0
203 162 -1 0
0 0 -1 0
247 188 -1 0
244 117 -1 0
226 189 -1 0
49 300 -1 0
244 4 -1 0
269 122 -1 0
124 140 -1 0
116 53 -1 0
253 290 -1 0
372 64 -1 0
317 217 -1 0
305 342 -1 0
253 369 -1 0
48 13 -1 0
52 6 -1 0
343 195 -1 0
325 256 -1 0
68 191 -1 0
297 237 -1 0
110 229 -1 0
262 230 -1 0
77 200 -1 0
320 234 -1 0
337 94 -1 0
150 308 -1 0
351 363 -1 0
10 339 -1 0
170 18 -1 0
3 345 -1 0
379 371 -1 0
65 56 -1 0
209 161 -1 0
224 344 -1 0
218 108 -1 0
365 232 -1 0
396 286 -1 0
368 136 -1 0
243 300 -1 0
217 209 -1 0
76 148 -1 0
284 60 -1 0
298 130 -1 0
10 80 -1 0
346 386 -1 0
33 204 -1 0
336 345 -1 0
132 84 -1 0
320 7 -1 0
100 54 -1 0
396 133 -1 0
96 311 -1 0
391 117 -1 0
232 86 -1 0
78 261 -1 0
397 35 -1 0
215 94 -1 0
175 44 -1 0
211 324 -1 0
66 156 -1 0
380 253 -1 0
41 172 -1 0
47 328 -1 0
387 238 -1 0
169 290 -1 0
33 198 -1 0
357 20 -1 0
216 358 -1 0
68 245 -1 0
36 360 -1 0
329 222 -1 0
336 19 -1 0
169 393 -1 0
54 103 -1 0
204 266 -1 0
201 308 -1 0
22 185 -1 0
312 365 -1 0
189 287 -1 0
55 254 -1 0
165 233 -1 0
242 12 -1 0
249 73 -1 0
210 185 -1 0
190 252 -1 0
366 304 -1 0
340 277 -1 0
315 78 -1 0
20 239 -1 0
199 205 -1 0
255 385 -1 0
118 194 -1 0
167 241 -1 0
304 329 -1 0
254 355 -1 0
330 350 -1 0
5 374 -1 0
383 18 -1 0
253 71 -1 0
259 149 -1 0
259 69 -1 0
200 370 -1 0
295 338 -1 0
203 226 -1 0
366 350 -1 0
96 41 -1 0
168 213 -1 0
291 298 -1 0
98 298 -1 0
197 287 -1 0
107 311 -1 0
266 142 -1 0
142 318 -1 0
235 303 -1 0
320 13 -1 0
363 125 -1 0
22 84 -1 0
143 39 -1 0
315 362 -1 0
161 87 -1 0
71 383 -1 0
4 188 -1 0
26 142 -1 0
236 362 -1 0
214 348 -1 0
388 138 -1 0
311 59 -1 0
337 71 -1 0
349 139 -1 0
91 53 -1 0
142 291 -1 0
300 18 -1 0
388 122 -1 0
25 137 -1 0
224 98 -1 0
185 193 -1 0
283 137 -1 0
95 269 -1 0
135 13 -1 0
259 321 -1 0
269 311 -1 0
44 166 -1 0
267 270 -1 0
15 126 -1 0
57 110 -1 0
53 220 -1 0
208 371 -1 0
366 220 -1 0
182 141 -1 0
8 308 -1 0
343 337 -1 0
98 273 -1 0
232 5 -1 0
218 82 -1 0
329 67 -1 0
195 220 -1 0
176 148 -1 0
262 33 -1 0
90 123 -1 0
319 252 -1 0
222 206 -1 0
30 325 -1 0
36 379 -1 0
138 196 -1 0
123 314 -1 0
278 101 -1 0
377 38 -1 0
269 37 -1 0
216 289 -1 0
276 225 -1 0
143 9 -1 0
48 200 -1 0
388 363 -1 0
243 232 -1 0
122 297 -1 0
90 294 -1 0
115 106 -1 0
346 238 -1 0
184 70 -1 0
63 268 -1 0
151 231 -1 0
300 244 -1 0
224 128 -1 0
356 217 -1 0
325 281 -1 0
28 217 -1 0
273 316 -1 0
213 150 -1 0
197 179 -1 0
109 18 -1 0
253 21 -1 0
332 212 -1 0
35 312 -1 0
99 179 -1 0
319 125 -1 0
348 200 -1 0
138 257 -1 0
148 75 -1 0
153 2 -1 0
290 59 -1 0
249 185 -1 0
170 388 -1 0
209 141 -1 0
233 396 -1 0
31 250 -1 0
314 162 -1 0
268 153 -1 0
161 247 -1 0
383 70 -1 0
319 218 -1 0
19 22 -1 0
276 369 -1 0
377 70 -1 0
270 259 -1 0
203 350 -1 0
37 120 -1 0
172 174 -1 0
123 218 -1 0
395 327 -1 0
214 267 -1 0
30 334 -1 0
180 308 -1 0
8 22 -1 0
27 282 -1 0
247 97 -1 0
99 235 -1 0
32 315 -1 0
272 257 -1 0
281 20 -1 0
223 25 -1 0
197 39 -1 0
118 270 -1 0
203 354 -1 0
266 338 -1 0
26 57 -1 0
42 36 -1 0
30 312 -1 0
25 285 -1 0
313 279 -1 0
297 73 -1 0
208 399 -1 0
52 46 -1 0
84 284 -1 0
352 355 -1 0
359 316 -1 0
38 25 -1 0
11 51 -1 0
218 196 -1 0
245 379 -1 0
69 88 -1 0
71 145 -1 0
386 39 -1 0
325 129 -1 0
183 181 -1 0
269 348 -1 0
83 200 -1 0
144 73 -1 0
124 155 -1 0
17 186 -1 0
255 378 -1 0
37 343 -1 0
12 254 -1 0
379 200 -1 0
227 391 -1 0
81 395 -1 0
344 122 -1 0
72 325 -1 0
320 110 -1 0
2 278 -1 0
38 207 -1 0
97 196 -1 0
48 92 -1 0
331 75 -1 0
81 300 -1 0
99 145 -1 0
284 334 -1 0
124 174 -1 0
231 280 -1 0
292 257 -1 0
74 295 -1 0
199 82 -1 0
91 222 -1 0
386 227 -1 0
353 206 -1 0
266 145 -1 0
69 46 -1 0
308 187 -1 0
241 70 -1 0
274 147 -1 0
396 95 -1 0
393 376 -1 0
21 386 -1 0
177 73 -1 0
311 221 -1 0
28 114 -1 0
29 4 -1 0
44 209 -1 0
339 133 -1 0
248 314 -1 0
371 393 -1 0
362 127 -1 0
260 220 -1 0
199 316 -1 0
311 26 -1 0
297 39 -1 0
306 278 -1 0
8 125 -1 0
289 16 -1 0
178 100 -1 0
189 384 -1 0
24 66 -1 0
24 284 -1 0
16 395 -1 0
243 17 -1 0
122 42 -1 0
84 3 -1 0
272 212 -1 0
50 56 -1 0
301 162 -1 0
210 88 -1 0
184 36 -1 0
365 315 -1 0
32 375 -1 0
238 258 -1 0
182 168 -1 0
344 49 -1 0
23 214 -1 0
164 224 -1 0
2 79 -1 0
45 325 -1 0
200 300 -1 0
354 55 -1 0
67 15 -1 0
23 136 -1 0
142 322 -1 0
199 93 -1 0
170 285 -1 0
344 113 -1 0
202 259 -1 0
338 121 -1 0
207 159 -1 0
115 172 -1 0
284 98 -1 0
145 194 -1 0
160 130 -1 0
256 136 -1 0
343 22 -1 0
9 156 -1 0
177 308 -1 0
61 98 -1 0
197 284 -1 0
168 255 -1 0
3 349 -1 0
388 247 -1 0
325 41 -1 0
320 331 -1 0
250 36 -1 0
22 178 -1 0
124 108 -1 0
116 19 -1 0
314 363 -1 0
270 309 -1 0
118 213 -1 0
386 55 -1 0
201 149 -1 0
173 385 -1 0
71 333 -1 0
259 186 -1 0
178 10 -1 0
105 182 -1 0
355 331 -1 0
232 296 -1 0
106 106 -1 0
364 158 -1 0
118 286 -1 0
163 204 -1 0
140 175 -1 0
201 87 -1 0
9 274 -1 0
104 318 -1 0
334 202 -1 0
394 20 -1 0
339 332 -1 0
342 8 -1 0
65 112 -1 0
62 33 -1 0
37 28 -1 0
211 311 -1 0
323 263 -1 0
242 321 -1 0
7 386 -1 0
302 24 -1 0
230 0 -1 0
344 269 -1 0
389 2 -1 0
163 107 -1 0
299 365 -1 0
164 271 -1 0
305 192 -1 0
319 389 -1 0
34 260 -1 0
203 63 -1 0
53 121 -1 0
312 25 -1 0
263 243 -1 0
284 211 -1 0
72 207 -1 0
325 137 -1 0
171 310 -1 0
308 323 -1 0
200 78 -1 0
88 257 -1 0
299 35 -1 0
302 159 -1 0
188 274 -1 0
271 51 -1 0
198 114 -1 0
128 308 -1 0
228 116 -1 0
198 140 -1 0
347 57 -1 0
186 216 -1 0
136 310 -1 0
289 185 -1 0
330 156 -1 0
375 213 -1 0
261 49 -1 0
355 73 -1 0
247 45 -1 0
373 77 -1 0
241 123 -1 0
86 384 -1 0
83 148 -1 0
395 97 -1 0
110 109 -1 0
376 29 -1 0
73 278 -1 0
164 150 -1 0
364 9 -1 0
392 24 -1 0
64 368 -1 0
62 12 -1 0
121 314 -1 0
312 349 -1 0
226 229 -1 0
45 185 -1 0
218 307 -1 0
0 285 -1 0
298 37 -1 0
41 65 -1 0
186 102 -1 0
92 107 -1 0
64 55 -1 0
138 131 -1 0
124 284 -1 0
162 67 -1 0
50 1 -1 0
199 143 -1 0
116 146 -1 0
149 29 -1 0
136 308 -1 0
16 388 -1 0
182 230 -1 0
29 338 -1 0
68 236 -1 0
58 223 -1 0
88 109 -1 0
336 160 -1 0
392 208 -1 0
251 194 -1 0
279 395 -1 0
44 121 -1 0
187 34 -1 0
283 162 -1 0
258 325 -1 0
132 181 -1 0
231 89 -1 0
383 175 -1 0
274 78 -1 0
242 399 -1 0
329 116 -1 0
54 366 -1 0
103 385 -1 0
67 272 -1 0
325 369 -1 0
324 1 -1 0
309 338 -1 0
43 16 -1 0
46 230 -1 0
320 271 -1 0
68 27 -1 0
298 14 -1 0
393 258 -1 0
243 111 -1 0
118 226 -1 0
313 114 -1 0
36 80 -1 0
321 227 -1 0
373 218 -1 0
98 264 -1 0
220 61 -1 0
27 378 -1 0
167 72 -1 0
29 109 -1 0
276 398 -1 0
221 74 -1 0
28 31 -1 0
66 285 -1 0
174 265 -1 0
9 333 -1 0
259 184 -1 0
368 34 -1 0
42 258 -1 0
104 76 -1 0
186 115 -1 0
252 262 -1 0
367 262 -1 0
294 396 -1 0
310 337 -1 0
78 70 -1 0
264 7 -1 0
328 156 -1 0
101 182 -1 0
390 241 -1 0
39 280 -1 0
36 399 -1 0
50 58 -1 0
284 80 -1 0
237 264 -1 0
229 207 -1 0
384 36 -1 0
238 13 -1 0
297 16 -1 0
168 324 -1 0
331 195 -1 0
169 314 -1 0
206 220 -1 0
250 281 -1 0
225 166 -1 0
232 228 -1 0
34 354 -1 0
298 234 -1 0
105 223 -1 0
223 324 -1 0
125 311 -1 0
7 270 -1 0
89 30 -1 0
196 189 -1 0
50 11 -1 0
204 280 -1 0
354 262 -1 0
96 47 -1 0
101 11 -1 0
311 209 -1 0
250 165 -1 0
253 34 -1 0
15 7 -1 0
40 171 -1 0
319 298 -1 0
365 384 -1 0
25 201 -1 0
269 260 -1 0
195 386 -1 0
71 160 -1 0
160 265 -1 0
367 21 -1 0
105 131 -1 0
111 296 -1 0
390 345 -1 0
353 344 -1 0
353 45 -1 0
344 194 -1 0
304 111 -1 0
235 375 -1 0
70 99 -1 0
133 219 -1 0
83 108 -1 0
176 141 -1 0
113 6 -1 0
64 288 -1 0
128 389 -1 0
130 199 -1 0
256 258 -1 0
378 128 -1 0
109 91 -1 0
366 144 -1 0
49 123 -1 0
29 234 -1 0
285 114 -1 0
312 97 -1 0
18 260 -1 0
290 391 -1 0
96 70 -1 0
36 144 -1 0
55 248 -1 0
16 95 -1 0
355 202 -1 0
292 137 -1 0
10 396 -1 0
255 22 -1 0
15 312 -1 0
338 110 -1 0
208 174 -1 0
230 200 -1 0
281 324 -1 0
215 137 -1 0
24 361 -1 0
219 119 -1 0
239 317 -1 0
383 50 -1 0
115 182 -1 0
293 327 -1 0
77 150 -1 0
203 279 -1 0
309 333 -1 0
48 367 -1 0
162 298 -1 0
44 35 -1 0
179 166 -1 0
331 398 -1 0
295 219 -1 0
240 126 -1 0
118 38 -1 0
52 244 -1 0
202 43 -1 0
188 14 -1 0
292 220 -1 0
31 25 -1 0
285 228 -1 0
155 263 -1 0
150 178 -1 0
240 94 -1 0
317 320 -1 0
342 338 -1 0
321 205 -1 0
390 70 -1 0
371 114 -1 0
170 155 -1 0
166 275 -1 0
392 168 -1 0
7 255 -1 0
259 132 -1 0
335 121 -1 0
217 117 -1 0
242 128 -1 0
3 366 -1 0
228 244 -1 0
54 356 -1 0
121 218 -1 0
234 42 -1 0
341 338 -1 0
311 32 -1 0
228 351 -1 0
38 352 -1 0
374 287 -1 0
143 395 -1 0
26 96 -1 0
46 326 -1 0
186 117 -1 0
35 170 -1 0
152 285 -1 0
142 390 -1 0
207 269 -1 0
362 38 -1 0
117 266 -1 0
152 58 -1 0
376 175 -1 0
142 165 -1 0
164 183 -1 0
95 268 -1 0
225 124 -1 0
207 219 -1 0
22 45 -1 0
304 120 -1 0
147 97 -1 0
189 69 -1 0
264 96 -1 0
396 336 -1 0
237 97 -1 0
246 360 -1 0
149 149 -1 0
134 44 -1 0
240 141 -1 0
265 247 -1 0
32 26 -1 0
238 96 -1 0
67 110 -1 0
150 191 -1 0
41 190 -1 0
91 25 -1 0
230 4 -1 0
332 304 -1 0
195 67 -1 0
147 223 -1 0
99 391 -1 0
394 21 -1 0
91 97 -1 0
160 269 -1 0
82 143 -1 0
270 210 -1 0
394 131 -1 0
15 43 -1 0
45 362 -1 0
234 356 -1 0
13 62 -1 0
174 98 -1 0
109 118 -1 0
109 218 -1 0
136 113 -1 0
294 305 -1 0
288 84 -1 0
205 63 -1 0
253 208 -1 0
288 196 -1 0
328 354 -1 0
40 53 -1 0
128 393 -1 0
77 313 -1 0
34 216 -1 0
279 376 -1 0
261 185 -1 0
96 293 -1 0
333 2 -1 0
299 377 -1 0
71 250 -1 0
374 95 -1 0
210 375 -1 0
359 307 -1 0
246 180 -1 0
197 154 -1 0
165 394 -1 0
177 211 -1 0
145 227 -1 0
208 131 -1 0
224 286 -1 0
136 396 -1 0
129 398 -1 0
346 187 -1 0
261 398 -1 0
75 96 -1 0
322 174 -1 0
50 156 -1 0
167 19 -1 0
324 187 -1 0
286 276 -1 0
206 122 -1 0
367 282 -1 0
83 159 -1 0
220 349 -1 0
83 397 -1 0
338 321 -1 0
17 101 -1 0
74 69 -1 0
251 329 -1 0
17 18 -1 0
356 158 -1 0
355 317 -1 0
318 146 -1 0
234 378 -1 0
52 99 -1 0
365 172 -1 0
215 167 -1 0
165 246 -1 0
348 15 -1 0
158 318 -1 0
327 154 -1 0
20 382 -1 0
56 103 -1 0
34 281 -1 0
235 36 -1 0
38 130 -1 0
122 320 -1 0
65 194 -1 0
76 225 -1 0
48 300 -1 0
307 298 -1 0
134 276 -1 0
366 287 -1 0
2 250 -1 0
310 12 -1 0
351 49 -1 0
129 245 -1 0
156 103 -1 0
347 34 -1 0
227 13 -1 0
358 287 -1 0
219 166 -1 0
247 388 -1 0
202 355 -1 0
108 35 -1 0
98 184 -1 0
262 356 -1 0
179 25 -1 0
129 115 -1 0
305 285 -1 0
196 301 -1 0
19 267 -1 0
287 286 -1 0
220 45 -1 0
158 162 -1 0
199 63 -1 0
342 337 -1 0
26 179 -1 0
266 315 -1 0
88 274 -1 0
376 285 -1 0
170 25 -1 0
151 289 -1 0
185 12 -1 0
249 117 -1 0
351 358 -1 0
342 198 -1 0
280 298 -1 0
214 188 -1 0
317 16 -1 0
45 356 -1 0
128 131 -1 0
113 387 -1 0
67 224 -1 0
374 282 -1 0
399 108 -1 0
231 75 -1 0
196 84 -1 0
170 9 -1 0
386 225 -1 0
221 33 -1 0
107 122 -1 0
251 122 -1 0
310 127 -1 0
309 126 -1 0
351 382 -1 0
15 144 -1 0
157 156 -1 0
236 141 -1 0
54 347 -1 0
61 72 -1 0
31 102 -1 0
188 104 -1 0
299 131 -1 0
108 12 -1 0
143 308 -1 0
174 102 -1 0
208 125 -1 0
340 89 -1 0
13 284 -1 0
194 40 -1 0
57 394 -1 0
318 14 -1 0
319 96 -1 0
381 98 -1 0
130 226 -1 0
350 355 -1 0
188 27 -1 0
113 5 -1 0
15 130 -1 0
126 229 -1 0
33 168 -1 0
217 66 -1 0
185 292 -1 0
181 199 -1 0
292 308 -1 0
75 194 -1 0
321 41 -1 0
366 60 -1 0
12 197 -1 0
300 127 -1 0
310 182 -1 0
90 388 -1 0
110 256 -1 0
368 266 -1 0
223 155 -1 0
287 265 -1 0
198 56 -1 0
353 226 -1 0
262 84 -1 0
8 361 -1 0
8 344 -1 0
343 301 -1 0
391 110 -1 0
364 48 -1 0
271 128 -1 0
193 279 -1 0
320 253 -1 0
83 89 -1 0
257 369 -1 0
145 46 -1 0
16 207 -1 0
12 185 -1 0
80 211 -1 0
232 14 -1 0
120 277 -1 0
75 128 -1 0
228 160 -1 0
280 340 -1 0
278 15 -1 0
399 79 -1 0
180 99 -1 0
392 213 -1 0
336 20 -1 0
397 318 -1 0
320 37 -1 0
70 135 -1 0
138 244 -1 0
216 174 -1 0
78 172 -1 0
68 268 -1 0
216 113 -1 0
210 130 -1 0
341 149 -1 0
362 132 -1 0
205 189 -1 0
233 98 -1 0
182 139 -1 0
197 252 -1 0
275 189 -1 0
338 67 -1 0
399 172 -1 0
181 254 -1 0
120 267 -1 0
362 74 -1 0
275 210 -1 0
248 146 -1 0
351 150 -1 0
250 11 -1 0
300 74 -1 0
313 112 -1 0
190 264 -1 0
313 69 -1 0
342 84 -1 0
231 381 -1 0
55 347 -1 0
241 198 -1 0
75 123 -1 0
361 145 -1 0
330 322 -1 0
55 320 -1 0
299 154 -1 0
236 104 -1 0
95 48 -1 0
300 167 -1 0
49 61 -1 0
375 398 -1 0
284 271 -1 0
328 188 -1 0
331 330 -1 0
347 96 -1 0
191 380 -1 0
8 379 -1 0
35 386 -1 0
12 188 -1 0
134 273 -1 0
272 357 -1 0
54 3 -1 0
224 158 -1 0
8 205 -1 0
378 33 -1 0
65 17 -1 0
263 188 -1 0
84 295 -1 0
195 99 -1 0
202 385 -1 0
392 365 -1 0
292 271 -1 0
143 19 -1 0
264 77 -1 0
1 49 -1 0
387 6 -1 0
299 177 -1 0
382 108 -1 0
97 382 -1 0
253 56 -1 0
237 179 -1 0
71 1 -1 0
96 121 -1 0
327 191 -1 0
169 315 -1 0
207 38 -1 0
154 169 -1 0
54 29 -1 0
30 6 -1 0
60 71 -1 0
202 386 -1 0
156 34 -1 0
354 125 -1 0
50 297 -1 0
373 54 -1 0
285 200 -1 0
306 204 -1 0
284 373 -1 0
226 166 -1 0
74 137 -1 0
341 15 -1 0
381 275 -1 0
288 383 -1 0
254 384 -1 0
40 357 -1 0
360 100 -1 0
278 394 -1 0
328 187 -1 0
338 294 -1 0
60 288 -1 0
251 106 -1 0
3 343 -1 0
390 285 -1 0
208 92 -1 0
60 225 -1 0
77 383 -1 0
394 391 -1 0
216 121 -1 0
263 364 -1 0
101 312 -1 0
39 293 -1 0
150 36 -1 0
219 37 -1 0
131 276 -1 0
294 157 -1 0
345 319 -1 0
45 129 -1 0
102 283 -1 0
353 192 -1 0
334 391 -1 0
69 8 -1 0
106 54 -1 0
94 222 -1 0
346 76 -1 0
248 198 -1 0
46 317 -1 0
192 141 -1 0
78 2 -1 0
169 303 -1 0
150 286 -1 0
226 147 -1 0
89 121 -1 0
384 170 -1 0
299 125 -1 0
391 92 -1 0
142 169 -1 0
63 5 -1 0
311 154 -1 0
277 40 -1 0
201 284 -1 0
366 243 -1 0
38 123 -1 0
381 139 -1 0
258 114 -1 0
34 230 -1 0
272 256 -1 0
0 12 -1 0
174 159 -1 0
290 104 -1 0
276 100 -1 0
179 195 -1 0
352 202 -1 0
324 396 -1 0
170 258 -1 0
77 165 -1 0
256 78 -1 0
141 52 -1 0
123 170 -1 0
135 107 -1 0
50 203 -1 0
297 17 -1 0
280 49 -1 0
204 257 -1 0
28 70 -1 0
75 57 -1 0
165 101 -1 0
20 53 -1 0
372 105 -1 0
103 183 -1 0
99 258 -1 0
69 333 -1 0
91 132 -1 0
164 43 -1 0
20 71 -1 0
217 399 -1 0
69 94 -1 0
219 370 -1 0
9 300 -1 0
83 167 -1 0
86 13 -1 0
270 315 -1 0
371 118 -1 0
326 194 -1 0
372 273 -1 0
318 316 -1 0
227 9 -1 0
203 125 -1 0
239 191 -1 0
323 106 -1 0
216 52 -1 0
148 282 -1 0
256 282 -1 0
23 178 -1 0
59 398 -1 0
275 26 -1 0
71 116 -1 0
109 127 -1 0
120 321 -1 0
230 252 -1 0
138 251 -1 0
47 33 -1 0
367 168 -1 0
168 56 -1 0
70 203 -1 0
274 386 -1 0
111 241 -1 0
242 259 -1 0
241 35 -1 0
248 96 -1 0
198 46 -1 0
42 356 -1 0
355 178 -1 0
316 231 -1 0
396 220 -1 0
223 90 -1 0
93 294 -1 0
48 319 -1 0
344 74 -1 0
282 141 -1 0
18 246 -1 0
26 322 -1 0
200 367 -1 0
260 80 -1 0
274 36 -1 0
33 275 -1 0
95 195 -1 0
399 364 -1 0
97 222 -1 0
334 173 -1 0
348 272 -1 0
111 82 -1 0
106 141 -1 0
201 65 -1 0
20 379 -1 0
107 138 -1 0
297 8 -1 0
288 274 -1 0
350 48 -1 0
344 378 -1 0
382 356 -1 0
399 116 -1 0
55 204 -1 0
22 191 -1 0
336 270 -1 0
22 177 -1 0
124 196 -1 0
62 318 -1 0
294 68 -1 0
196 273 -1 0
164 263 -1 0
45 28 -1 0
261 265 -1 0
96 277 -1 0
139 248 -1 0
222 57 -1 0
19 188 -1 0
125 214 -1 0
68 239 -1 0
151 156 -1 0
108 180 -1 0
158 230 -1 0
329 362 -1 0
23 230 -1 0
259 22 -1 0
199 318 -1 0
0 25 -1 0
117 29 -1 0
340 295 -1 0
106 206 -1 0
300 71 -1 0
246 379 -1 0
76 87 -1 0
319 344 -1 0
214 73 -1 0
90 379 -1 0
37 268 -1 0
0 286 -1 0
308 327 -1 0
206 4 -1 0
357 190 -1 0
48 370 -1 0
119 194 -1 0
253 355 -1 0
324 113 -1 0
278 6 -1 0
256 199 -1 0
12 358 -1 0
52 228 -1 0
190 75 -1 0
173 163 -1 0
369 355 -1 0
282 212 -1 0
18 309 -1 0
146 52 -1 0
91 66 -1 0
76 31 -1 0
69 155 -1 0
345 60 -1 0
212 170 -1 0
249 215 -1 0
328 83 -1 0
77 324 -1 0
380 15 -1 0
331 66 -1 0
24 92 -1 0
201 260 -1 0
87 226 -1 0
303 232 -1 0
35 178 -1 0
76 324 -1 0
216 38 -1 0
75 17 -1 0
332 266 -1 0
33 83 -1 0
352 303 -1 0
291 195 -1 0
74 291 -1 0
320 236 -1 0
186 392 -1 0
343 92 -1 0
185 241 -1 0
344 203 -1 0
266 164 -1 0
1 122 -1 0
365 6 -1 0
250 134 -1 0
297 266 -1 0
296 180 -1 0
25 132 -1 0
121 39 -1 0
93 17 -1 0
59 275 -1 0
59 84 -1 0
254 277 -1 0
345 134 -1 0
136 289 -1 0
380 178 -1 0
236 353 -1 0
238 112 -1 0
327 209 -1 0
107 185 -1 0
22 327 -1 0
3 371 -1 0
207 374 -1 0
313 224 -1 0
271 73 -1 0
323 271 -1 0
345 52 -1 0
199 247 -1 0
64 395 -1 0
19 76 -1 0
196 340 -1 0
106 56 -1 0
259 255 -1 0
28 206 -1 0
173 126 -1 0
365 343 -1 0
305 222 -1 0
392 66 -1 0
231 205 -1 0
52 4 -1 0
127 47 -1 0
388 337 -1 0
25 235 -1 0
28 301 -1 0
190 169 -1 0
371 26 -1 0
206 143 -1 0
378 399 -1 0
46 253 -1 0
314 166 -1 0
338 85 -1 0
201 227 -1 0
256 194 -1 0
114 58 -1 0
194 38 -1 0
145 318 -1 0
135 8 -1 0
59 8 -1 0
2 302 -1 0
79 218 -1 0
336 354 -1 0
242 20 -1 0
315 3 -1 0
144 24 -1 0
313 257 -1 0
65 103 -1 0
219 337 -1 0
9 246 -1 0
299 95 -1 0
158 66 -1 0
6 42 -1 0
269 118 -1 0
187 382 -1 0
374 7 -1 0
136 66 -1 0
325 207 -1 0
211 395 -1 0
341 284 -1 0
128 39 -1 0
192 85 -1 0
52 21 -1 0
167 167 -1 0
183 386 -1 0
28 319 -1 0
293 199 -1 0
318 70 -1 0
140 161 -1 0
291 47 -1 0
365 197 -1 0
23 124 -1 0
39 159 -1 0
54 125 -1 0
16 303 -1 0
27 281 -1 0
233 254 -1 0
77 153 -1 0
312 154 -1 0
347 238 -1 0
397 215 -1 0
263 189 -1 0
173 65 -1 0
159 210 -1 0
93 30 -1 0
135 205 -1 0
385 238 -1 0
153 120 -1 0
65 14 -1 0
391 100 -1 0
20 375 -1 0
235 299 -1 0
125 218 -1 0
225 345 -1 0
344 352 -1 0
161 386 -1 0
186 168 -1 0
249 386 -1 0
257 90 -1 0
12 165 -1 0
284 399 -1 0
309 113 -1 0
150 84 -1 0
206 312 -1 0
289 250 -1 0
133 198 -1 0
107 142 -1 0
199 76 -1 0
398 120 -1 0
256 360 -1 0
338 150 -1 0
285 322 -1 0
337 270 -1 0
322 239 -1 0
370 127 -1 0
273 197 -1 0
15 41 -1 0
214 388 -1 0
124 3 -1 0
303 389 -1 0
305 281 -1 0
233 218 -1 0
293 239 -1 0
261 98 -1 0
13 256 -1 0
394 93 -1 0
110 131 -1 0
268 107 -1 0
120 272 -1 0
19 84 -1 0
350 302 -1 0
312 391 -1 0
44 135 -1 0
367 318 -1 0
276 184 -1 0
311 283 -1 0
280 58 -1 0
296 187 -1 0
366 366 -1 0
220 345 -1 0
331 93 -1 0
233 86 -1 0
176 57 -1 0
50 285 -1 0
277 108 -1 0
296 154 -1 0
252 115 -1 0
324 240 -1 0
377 394 -1 0
182 122 -1 0
112 73 -1 0
86 235 -1 0
314 150 -1 0
329 62 -1 0
192 378 -1 0
27 365 -1 0
249 39 -1 0
365 57 -1 0
207 382 -1 0
384 213 -1 0
357 80 -1 0
27 12 -1 0
131 266 -1 0
135 275 -1 0
97 202 -1 0
308 288 -1 0
231 137 -1 0
61 162 -1 0
230 242 -1 0
85 0 -1 0
156 220 -1 0
293 35 -1 0
31 54 -1 0
173 81 -1 0
368 159 -1 0
363 67 -1 0
45 221 -1 0
63 169 -1 0
256 192 -1 0
51 376 -1 0
15 379 -1 0
330 175 -1 0
105 209 -1 0
113 185 -1 0
291 125 -1 0
251 354 -1 0
88 193 -1 0
325 180 -1 0
15 251 -1 0
247 193 -1 0
357 153 -1 0
390 26 -1 0
23 45 -1 0
365 276 -1 0
353 391 -1 0
13 226 -1 0
28 241 -1 0
199 198 -1 0
288 374 -1 0
266 184 -1 0
10 359 -1 0
7 358 -1 0
358 270 -1 0
279 232 -1 0
13 31 -1 0
178 187 -1 0
383 202 -1 0
178 177 -1 0
287 375 -1 0
217 285 -1 0
378 13 -1 0
381 204 -1 0
74 174 -1 0
234 311 -1 0
191 317 -1 0
8 89 -1 0
206 289 -1 0
392 278 -1 0
252 312 -1 0
238 165 -1 0
69 124 -1 0
202 83 -1 0
391 390 -1 0
225 32 -1 0
171 163 -1 0
244 153 -1 0
128 19 -1 0
324 167 -1 0
59 282 -1 0
327 27 -1 0
344 228 -1 0
141 256 -1 0
61 210 -1 0
165 253 -1 0
351 231 -1 0
189 260 -1 0
391 122 -1 0
293 50 -1 0
224 356 -1 0
77 234 -1 0
104 58 -1 0
93 229 -1 0
95 167 -1 0
226 233 -1 0
349 106 -1 0
75 208 -1 0
163 127 -1 0
344 108 -1 0
166 93 -1 0
263 213 -1 0
289 386 -1 0
325 110 -1 0
357 41 -1 0
390 347 -1 0
134 244 -1 0
306 258 -1 0
375 169 -1 0
147 81 -1 0
289 282 -1 0
227 115 -1 0
230 77 -1 0
148 287 -1 0
317 332 -1 0
81 29 -1 0
307 332 -1 0
283 321 -1 0
243 242 -1 0
286 257 -1 0
331 371 -1 0
17 124 -1 0
344 258 -1 0
133 316 -1 0
318 392 -1 0
121 393 -1 0
289 283 -1 0
271 57 -1 0
203 158 -1 0
376 97 -1 0
225 293 -1 0
103 299 -1 0
21 158 -1 0
303 63 -1 0
252 25 -1 0
277 175 -1 0
25 63 -1 0
6 130 -1 0
282 264 -1 0
34 168 -1 0
300 155 -1 0
314 267 -1 0
137 398 -1 0
67 196 -1 0
125 165 -1 0
353 239 -1 0
218 115 -1 0
41 333 -1 0
318 153 -1 0
20 237 -1 0
398 13 -1 0
389 290 -1 0
378 31 -1 0
7 218 -1 0
51 276 -1 0
333 310 -1 0
145 198 -1 0
320 49 -1 0
124 11 -1 0
330 27 -1 0
380 32 -1 0
336 388 -1 0
10 23 -1 0
317 26 -1 0
380 142 -1 0
53 45 -1 0
167 70 -1 0
328 33 -1 0
16 50 -1 0
231 79 -1 0
136 109 -1 0
223 63 -1 0
44 311 -1 0
329 124 -1 0
162 310 -1 0
10 355 -1 0
317 254 -1 0
221 344 -1 0
296 63 -1 0
226 381 -1 0
351 98 -1 0
399 52 -1 0
234 393 -1 0
179 217 -1 0
10 381 -1 0
148 131 -1 0
339 21 -1 0
29 305 -1 0
255 314 -1 0
198 336 -1 0
201 6 -1 0
297 75 -1 0
271 116 -1 0
280 240 -1 0
392 22 -1 0
381 168 -1 0
107 46 -1 0
381 178 -1 0
259 38 -1 0
323 199 -1 0
282 358 -1 0
254 279 -1 0
264 139 -1 0
353 238 -1 0
226 40 -1 0
348 266 -1 0
138 166 -1 0
368 374 -1 0
378 127 -1 0
86 10 -1 0
88 153 -1 0
293 86 -1 0
11 299 -1 0
142 92 -1 0
141 300 -1 0
368 292 -1 0
376 153 -1 0
284 199 -1 0
345 205 -1 0
66 81 -1 0
399 111 -1 0
47 335 -1 0
81 276 -1 0
182 280 -1 0
375 83 -1 0
390 325 -1 0
109 197 -1 0
336 96 -1 0
226 202 -1 0
334 281 -1 0
108 135 -1 0
51 19 -1 0
158 326 -1 0
15 368 -1 0
211 156 -1 0
14 149 -1 0
102 316 -1 0
245 11 -1 0
47 282 -1 0
175 325 -1 0
250 307 -1 0
374 130 -1 0
43 170 -1 0
302 20 -1 0
135 178 -1 0
281 396 -1 0
249 227 -1 0
347 211 -1 0
158 120 -1 0
266 267 -1 0
6 353 -1 0
310 82 -1 0
97 171 -1 0
77 9 -1 0
289 369 -1 0
368 311 -1 0
273 362 -1 0
234 247 -1 0
238 110 -1 0
397 227 -1 0
204 88 -1 0
264 126 -1 0
5 78 -1 0
240 289 -1 0
326 93 -1 0
120 113 -1 0
111 293 -1 0
53 334 -1 0
204 180 -1 0
36 385 -1 0
160 229 -1 0
375 143 -1 0
345 225 -1 0
95 296 -1 0
100 194 -1 0
326 106 -1 0
239 36 -1 0
70 330 -1 0
193 231 -1 0
29 155 -1 0
259 224 -1 0
110 35 -1 0
209 83 -1 0
359 387 -1 0
285 26 -1 0
92 178 -1 0
376 247 -1 0
7 240 -1 0
284 133 -1 0
159 132 -1 0
211 147 -1 0
370 386 -1 0
381 58 -1 0
44 353 -1 0
84 306 -1 0
190 271 -1 0
397 2 -1 0
70 376 -1 0
268 170 -1 0
35 299 -1 0
291 126 -1 0
363 70 -1 0
266 299 -1 0
296 196 -1 0
58 95 -1 0
398 254 -1 0
354 108 -1 0
9 277 -1 0
93 291 -1 0
320 92 -1 0
87 300 -1 0
284 350 -1 0
237 376 -1 0
391 295 -1 0
399 312 -1 0
245 148 -1 0
247 322 -1 0
64 219 -1 0
3 190 -1 0
24 190 -1 0
367 252 -1 0
64 189 -1 0
44 116 -1 0
261 89 -1 0
23 388 -1 0
131 44 -1 0
139 159 -1 0
113 108 -1 0
235 233 -1 0
355 281 -1 0
262 60 -1 0
263 308 -1 0
169 17 -1 0
69 280 -1 0
66 387 -1 0
170 198 -1 0
185 70 -1 0
385 330 -1 0
134 21 -1 0
395 165 -1 0
81 383 -1 0
8 274 -1 0
343 39 -1 0
357 364 -1 0
330 59 -1 0
306 293 -1 0
324 45 -1 0
106 48 -1 0
275 226 -1 0
368 285 -1 0
115 202 -1 0
342 232 -1 0
93 37 -1 0
21 115 -1 0
288 203 -1 0
284 326 -1 0
366 322 -1 0
5 19 -1 0
315 196 -1 0
263 85 -1 0
108 27 -1 0
83 319 -1 0
149 93 -1 0
79 320 -1 0
45 231 -1 0
40 353 -1 0
308 147 -1 0
147 79 -1 0
199 60 -1 0
235 294 -1 0
42 163 -1 0
215 240 -1 0
397 295 -1 0
374 60 -1 0
1 32 -1 0
85 13 -1 0
106 96 -1 0
86 150 -1 0
333 237 -1 0
241 318 -1 0
240 151 -1 0
220 84 -1 0
200 360 -1 0
233 393 -1 0
83 193 -1 0
356 367 -1 0
353 8 -1 0
327 50 -1 0
292 103 -1 0
344 95 -1 0
247 44 -1 0
66 103 -1 0
125 226 -1 0
46 100 -1 0
200 239 -1 0
39 302 -1 0
318 202 -1 0
325 347 -1 0
277 79 -1 0
239 299 -1 0
139 72 -1 0
371 108 -1 0
227 89 -1 0
227 174 -1 0
349 151 -1 0
307 69 -1 0
158 65 -1 0
194 75 -1 0
123 49 -1 0
92 176 -1 0
336 155 -1 0
322 36 -1 0
354 380 -1 0
4 284 -1 0
294 32 -1 0
278 274 -1 0
266 390 -1 0
218 92 -1 0
369 26 -1 0
319 356 -1 0
206 91 -1 0
330 151 -1 0
258 245 -1 0
9 155 -1 0
14 62 -1 0
322 386 -1 0
215 50 -1 0
353 259 -1 0
4 278 -1 0
304 241 -1 0
66 198 -1 0
195 324 -1 0
384 278 -1 0
188 180 -1 0
343 163 -1 0
143 154 -1 0
182 212 -1 0
237 73 -1 0
20 65 -1 0
35 71 -1 0
23 89 -1 0
348 139 -1 0
207 394 -1 0
98 281 -1 0
155 127 -1 0
317 148 -1 0
332 52 -1 0
208 33 -1 0
395 288 -1 0
369 304 -1 0
162 274 -1 0
144 195 -1 0
206 342 -1 0
123 78 -1 0
249 78 -1 0
219 14 -1 0
242 334 -1 0
70 391 -1 0
342 136 -1 0
18 215 -1 0
144 215 -1 0
248 1 -1 0
297 254 -1 0
90 80 -1 0
268 316 -1 0
175 314 -1 0
330 277 -1 0
178 142 -1 0
376 217 -1 0
249 290 -1 0
17 229 -1 0
44 292 -1 0
18 292 -1 0
110 95 -1 0
160 263 -1 0
344 162 -1 0
55 388 -1 0
359 161 -1 0
5 2 -1 0
253 99 -1 0
199 211 -1 0
307 378 -1 0
346 128 -1 0
3 104 -1 0
301 376 -1 0
235 88 -1 0
104 158 -1 0
283 306 -1 0
75 393 -1 0
83 255 -1 0
302 112 -1 0
296 52 -1 0
298 289 -1 0
204 351 -1 0
353 355 -1 0
275 99 -1 0
175 385 -1 0
317 305 -1 0
391 84 -1 0
31 66 -1 0
255 278 -1 0
111 72 -1 0
274 252 -1 0
238 256 -1 0
74 1 -1 0
57 314 -1 0
148 22 -1 0
293 151 -1 0
130 288 -1 0
46 371 -1 0
18 237 -1 0
329 21 -1 0
96 281 -1 0
205 73 -1 0
80 84 -1 0
381 63 -1 0
57 81 -1 0
240 111 -1 0
196 231 -1 0
318 209 -1 0
204 391 -1 0
324 129 -1 0
263 162 -1 0
294 365 -1 0
357 236 -1 0
149 228 -1 0
278 309 -1 0
392 100 -1 0
51 282 -1 0
118 151 -1 0
115 48 -1 0
163 118 -1 0
156 60 -1 0
222 338 -1 0
260 44 -1 0
300 329 -1 0
244 251 -1 0
262 391 -1 0
105 290 -1 0
152 319 -1 0
350 25 -1 0
292 298 -1 0
51 74 -1 0
330 84 -1 0
227 268 -1 0
373 40 -1 0
270 389 -1 0
68 315 -1 0
21 242 -1 0
5 208 -1 0
248 287 -1 0
18 214 -1 0
16 170 -1 0
187 153 -1 0
132 185 -1 0
91 186 -1 0
228 176 -1 0
313 179 -1 0
304 218 -1 0
381 5 -1 0
272 267 -1 0
230 30 -1 0
167 286 -1 0
264 173 -1 0
72 135 -1 0
77 298 -1 0
399 189 -1 0
365 348 -1 0
249 313 -1 0
236 338 -1 0
73 166 -1 0
64 231 -1 0
263 177 -1 0
101 393 -1 0
387 234 -1 0
37 327 -1 0
367 8 -1 0
112 242 -1 0
318 236 -1 0
248 187 -1 0
207 137 -1 0
392 360 -1 0
98 22 -1 0
226 287 -1 0
91 203 -1 0
371 88 -1 0
275 344 -1 0
60 139 -1 0
96 324 -1 0
66 114 -1 0
61 264 -1 0
144 165 -1 0
175 5 -1 0
129 49 -1 0
293 137 -1 0
321 102 -1 0
68 69 -1 0
108 118 -1 0
332 65 -1 0
124 283 -1 0
322 349 -1 0
318 90 -1 0
393 270 -1 0
301 147 -1 0
159 129 -1 0
71 176 -1 0
73 87 -1 0
185 66 -1 0
189 68 -1 0
392 135 -1 0
399 127 -1 0
294 90 -1 0
135 104 -1 0
103 309 -1 0
237 165 -1 0
375 168 -1 0
269 77 -1 0
79 307 -1 0
34 41 -1 0
367 281 -1 0
80 219 -1 0
328 294 -1 0
221 90 -1 0
136 181 -1 0
145 159 -1 0
143 26 -1 0
70 56 -1 0
296 265 -1 0
228 312 -1 0
160 207 -1 0
208 266 -1 0
389 47 -1 0
81 397 -1 0
88 116 -1 0
247 93 -1 0
26 103 -1 0
264 146 -1 0
228 55 -1 0
157 302 -1 0
134 180 -1 0
352 296 -1 0
332 134 -1 0
80 283 -1 0
14 66 -1 0
94 315 -1 0
380 266 -1 0
355 63 -1 0
281 286 -1 0
122 274 -1 0
392 334 -1 0
107 71 -1 0
228 199 -1 0
269 123 -1 0
331 109 -1 0
388 148 -1 0
207 74 -1 0
228 106 -1 0
86 58 -1 0
206 302 -1 0
29 375 -1 0
240 37 -1 0
297 41 -1 0
136 212 -1 0
307 102 -1 0
56 276 -1 0
237 341 -1 0
273 84 -1 0
295 281 -1 0
301 42 -1 0
132 236 -1 0
394 140 -1 0
348 74 -1 0
340 145 -1 0
180 49 -1 0
336 131 -1 0
389 280 -1 0
184 225 -1 0
100 81 -1 0
301 200 -1 0
133 173 -1 0
280 184 -1 0
292 277 -1 0
83 17 -1 0
281 190 -1 0
104 139 -1 0
90 306 -1 0
85 237 -1 0
114 160 -1 0
357 225 -1 0
345 139 -1 0
322 265 -1 0
229 377 -1 0
213 361 -1 0
139 253 -1 0
155 293 -1 0
333 249 -1 0
10 164 -1 0
42 131 -1 0
301 113 -1 0
390 237 -1 0
225 290 -1 0
356 322 -1 0
326 72 -1 0
229 240 -1 0
394 171 -1 0
188 161 -1 0
238 346 -1 0
327 294 -1 0
377 281 -1 0
179 244 -1 0
160 271 -1 0
33 310 -1 0
47 302 -1 0
301 22 -1 0
192 270 -1 0
141 179 -1 0
269 106 -1 0
323 342 -1 0
181 186 -1 0
354 176 -1 0
213 6 -1 0
372 386 -1 0
199 225 -1 0
68 19 -1 0
204 230 -1 0
194 240 -1 0
107 399 -1 0
393 85 -1 0
291 90 -1 0
259 223 -1 0
330 276 -1 0
82 25 -1 0
231 383 -1 0
33 159 -1 0
365 356 -1 0
111 180 -1 0
139 193 -1 0
169 183 -1 0
135 37 -1 0
61 392 -1 0
181 104 -1 0
285 164 -1 0
65 365 -1 0
278 191 -1 0
349 11 -1 0
393 195 -1 0
133 200 -1 0
289 187 -1 0
50 222 -1 0
192 40 -1 0
57 310 -1 0
353 70 -1 0
334 287 -1 0
64 365 -1 0
308 269 -1 0
282 63 -1 0
40 346 -1 0
135 272 -1 0
235 289 -1 0
102 86 -1 0
327 304 -1 0
6 164 -1 0
60 61 -1 0
336 253 -1 0
287 65 -1 0
171 246 -1 0
8 70 -1 0
1 121 -1 0
228 232 -1 0
387 68 -1 0
238 159 -1 0
364 203 -1 0
215 399 -1 0
321 290 -1 0
335 122 -1 0
293 142 -1 0
187 320 -1 0
44 370 -1 0
109 234 -1 0
79 165 -1 0
248 153 -1 0
97 85 -1 0
27 178 -1 0
70 34 -1 0
131 42 -1 0
107 131 -1 0
57 48 -1 0
352 371 -1 0
311 235 -1 0
165 326 -1 0
391 245 -1 0
44 233 -1 0
339 325 -1 0
36 302 -1 0
193 191 -1 0
69 76 -1 0
204 300 -1 0
86 236 -1 0
33 249 -1 0
288 202 -1 0
168 98 -1 0
359 351 -1 0
196 137 -1 0
222 214 -1 0
29 56 -1 0
253 73 -1 0
1 56 -1 0
359 23 -1 0
225 363 -1 0
386 57 -1 0
39 134 -1 0
214 18 -1 0
187 212 -1 0
79 89 -1 0
135 15 -1 0
195 385 -1 0
276 329 -1 0
50 365 -1 0
278 250 -1 0
258 194 -1 0
300 144 -1 0
216 82 -1 0
327 308 -1 0
338 384 -1 0
270 106 -1 0
271 77 -1 0
316 324 -1 0
181 59 -1 0
388 118 -1 0
110 13 -1 0
298 32 -1 0
28 231 -1 0
87 315 -1 0
58 362 -1 0
33 73 -1 0
146 168 -1 0
180 273 -1 0
143 294 -1 0
187 214 -1 0
91 29 -1 0
88 273 -1 0
351 33 -1 0
24 43 -1 0
311 147 -1 0
224 73 -1 0
196 136 -1 0
265 105 -1 0
333 145 -1 0
317 325 -1 0
112 172 -1 0
151 172 -1 0
120 182 -1 0
193 288 -1 0
27 266 -1 0
128 165 -1 0
66 383 -1 0
146 81 -1 0
236 344 -1 0
84 380 -1 0
68 205 -1 0
197 146 -1 0
398 205 -1 0
131 113 -1 0
168 300 -1 0
394 357 -1 0
368 47 -1 0
185 236 -1 0
65 369 -1 0
259 136 -1 0
374 317 -1 0
293 233 -1 0
10 385 -1 0
371 47 -1 0
145 313 -1 0
68 204 -1 0
96 267 -1 0
54 48 -1 0
389 327 -1 0
178 254 -1 0
239 35 -1 0
188 75 -1 0
355 379 -1 0
293 74 -1 0
0 108 -1 0
357 193 -1 0
199 71 -1 0
304 298 -1 0
117 117 -1 0
14 109 -1 0
373 381 -1 0
0 65 -1 0
332 23 -1 0
162 390 -1 0
12 168 -1 0
147 299 -1 0
396 149 -1 0
118 267 -1 0
106 214 -1 0
364 329 -1 0
15 354 -1 0
55 26 -1 0
392 201 -1 0
279 272 -1 0
326 58 -1 0
371 365 -1 0
80 315 -1 0
315 1 -1 0
236 22 -1 0
297 106 -1 0
149 44 -1 0
332 351 -1 0
103 316 -1 0
269 287 -1 0
217 365 -1 0
172 117 -1 0
14 17 -1 0
317 146 -1 0
367 346 -1 0
66 197 -1 0
384 113 -1 0
346 205 -1 0
219 266 -1 0
333 76 -1 0
102 15 -1 0
210 249 -1 0
79 377 -1 0
290 180 -1 0
56 392 -1 0
196 139 -1 0
362 201 -1 0
89 77 -1 0
223 13 -1 0
257 137 -1 0
324 162 -1 0
205 50 -1 0
15 162 -1 0
360 135 -1 0
219 239 -1 0
276 336 -1 0
26 330 -1 0
46 391 -1 0
56 246 -1 0
9 220 -1 0
197 30 -1 0
241 92 -1 0
258 384 -1 0
286 156 -1 0
226 305 -1 0
335 84 -1 0
390 152 -1 0
29 75 -1 0
278 371 -1 0
167 193 -1 0
227 36 -1 0
63 70 -1 0
398 129 -1 0
379 185 -1 0
78 71 -1 0
366 216 -1 0
297 52 -1 0
393 168 -1 0
385 80 -1 0
26 363 -1 0
114 197 -1 0
249 378 -1 0
170 174 -1 0
225 219 -1 0
58 15 -1 0
206 51 -1 0
294 233 -1 0
255 298 -1 0
129 142 -1 0
366 42 -1 0
194 252 -1 0
295 236 -1 0
291 61 -1 0
9 219 -1 0
291 260 -1 0
327 163 -1 0
71 175 -1 0
139 191 -1 0
253 196 -1 0
345 367 -1 0
22 9 -1 0
383 24 -1 0
295 331 -1 0
399 275 -1 0
312 114 -1 0
313 266 -1 0
181 107 -1 0
13 26 -1 0
206 316 -1 0
232 83 -1 0
114 300 -1 0
52 335 -1 0
294 44 -1 0
261 48 -1 0
318 157 -1 0
112 48 -1 0
319 139 -1 0
36 365 -1 0
232 160 -1 0
50 351 -1 0
176 229 -1 0
248 275 -1 0
394 387 -1 0
43 241 -1 0
107 213 -1 0
149 92 -1 0
19 182 -1 0
383 190 -1 0
179 306 -1 0
106 147 -1 0
82 38 -1 0
128 44 -1 0
202 141 -1 0
12 219 -1 0
302 333 -1 0
68 379 -1 0
230 224 -1 0
20 363 -1 0
359 70 -1 0
317 321 -1 0
143 323 -1 0
104 299 -1 0
374 379 -1 0
394 28 -1 0
331 380 -1 0
388 90 -1 0
301 202 -1 0
80 81 -1 0
271 187 -1 0
239 56 -1 0
346 292 -1 0
121 164 -1 0
277 60 -1 0
399 253 -1 0
70 102 -1 0
9 22 -1 0
229 213 -1 0
239 321 -1 0
0 141 -1 0
190 390 -1 0
18 334 -1 0
2 335 -1 0
399 124 -1 0
2 366 -1 0
132 297 -1 0
247 214 -1 0
27 2 -1 0
365 170 -1 0
19 176 -1 0
304 76 -1 0
255 187 -1 0
208 90 -1 0
41 322 -1 0
35 57 -1 0
10 281 -1 0
338 126 -1 0
11 10 -1 0
189 31 -1 0
277 212 -1 0
214 353 -1 0
82 257 -1 0
331 365 -1 0
227 14 -1 0
36 233 -1 0
298 1 -1 0
335 386 -1 0
347 218 -1 0
346 357 -1 0
67 359 -1 0
114 39 -1 0
149 148 -1 0
107 320 -1 0
12 371 -1 0
85 248 -1 0
350 19 -1 0
24 392 -1 0
358 252 -1 0
217 39 -1 0
339 225 -1 0
242 68 -1 0
209 361 -1 0
174 383 -1 0
232 312 -1 0
373 198 -1 0
129 97 -1 0
119 201 -1 0
261 285 -1 0
260 286 -1 0
294 212 -1 0
37 295 -1 0
45 81 -1 0
295 326 -1 0
45 147 -1 0
198 382 -1 0
163 273 -1 0
118 189 -1 0
315 62 -1 0
232 115 -1 0
313 35 -1 0
83 201 -1 0
60 143 -1 0
265 26 -1 0
290 130 -1 0
73 383 -1 0
107 121 -1 0
334 139 -1 0
253 209 -1 0
202 132 -1 0
38 249 -1 0
47 110 -1 0
252 174 -1 0
35 145 -1 0
304 214 -1 0
341 382 -1 0
224 170 -1 0
180 102 -1 0
204 124 -1 0
116 292 -1 0
18 148 -1 0
98 276 -1 0
222 364 -1 0
124 303 -1 0
9 361 -1 0
137 143 -1 0
175 239 -1 0
115 397 -1 0
76 163 -1 0
113 166 -1 0
220 154 -1 0
56 252 -1 0
258 135 -1 0
147 218 -1 0
352 222 -1 0
297 11 -1 0
39 328 -1 0
0 302 -1 0
24 39 -1 0
86 388 -1 0
29 73 -1 0
7 82 -1 0
175 121 -1 0
230 247 -1 0
172 48 -1 0
331 177 -1 0
66 221 -1 0
246 300 -1 0
141 150 -1 0
234 304 -1 0
2 144 -1 0
362 376 -1 0
276 383 -1 0
242 109 -1 0
291 186 -1 0
315 200 -1 0
243 188 -1 0
128 123 -1 0
385 386 -1 0
44 303 -1 0
173 64 -1 0
94 397 -1 0
380 304 -1 0
394 354 -1 0
83 218 -1 0
269 32 -1 0
390 372 -1 0
74 177 -1 0
215 122 -1 0
230 23 -1 0
316 151 -1 0
171 79 -1 0
284 16 -1 0
173 167 -1 0
377 393 -1 0
74 54 -1 0
2 199 -1 0
311 261 -1 0
54 310 -1 0
48 39 -1 0
138 285 -1 0
381 379 -1 0
186 322 -1 0
139 75 -1 0
57 46 -1 0
39 154 -1 0
158 234 -1 0
386 173 -1 0
252 43 -1 0
97 19 -1 0
253 40 -1 0
378 284 -1 0
307 37 -1 0
247 264 -1 0
367 362 -1 0
91 12 -1 0
304 339 -1 0
42 303 -1 0
283 77 -1 0
165 158 -1 0
392 230 -1 0
324 362 -1 0
77 100 -1 0
199 129 -1 0
86 135 -1 0
281 198 -1 0
365 20 -1 0
174 92 -1 0
201 136 -1 0
37 130 -1 0
93 121 -1 0
87 68 -1 0
288 325 -1 0
215 246 -1 0
386 50 -1 0
174 29 -1 0
260 66 -1 0
125 197 -1 0
385 159 -1 0
240 39 -1 0
129 78 -1 0
377 156 -1 0
208 37 -1 0
382 341 -1 0
6 81 -1 0
84 10 -1 0
59 257 -1 0
387 113 -1 0
390 73 -1 0
221 175 -1 0
269 221 -1 0
168 179 -1 0
172 81 -1 0
275 128 -1 0
204 22 -1 0
253 179 -1 0
70 366 -1 0
30 318 -1 0
71 180 -1 0
52 314 -1 0
343 177 -1 0
389 35 -1 0
357 340 -1 0
339 317 -1 0
32 65 -1 0
204 294 -1 0
241 244 -1 0
306 292 -1 0
60 343 -1 0
154 226 -1 0
137 80 -1 0
229 3 -1 0
161 0 -1 0
54 137 -1 0
4 25 -1 0
223 319 -1 0
44 256 -1 0
1 242 -1 0
204 213 -1 0
200 170 -1 0
54 119 -1 0
201 61 -1 0
221 197 -1 0
27 50 -1 0
185 102 -1 0
252 285 -1 0
348 145 -1 0
285 59 -1 0
175 212 -1 0
371 131 -1 0
359 312 -1 0
119 39 -1 0
358 286 -1 0
351 97 -1 0
191 158 -1 0
68 109 -1 0
196 98 -1 0
156 234 -1 0
19 184 -1 0
333 140 -1 0
289 227 -1 0
370 363 -1 0
289 18 -1 0
334 200 -1 0
24 10 -1 0
284 175 -1 0
395 268 -1 0
185 140 -1 0
267 313 -1 0
143 145 -1 0
225 208 -1 0
157 282 -1 0
175 214 -1 0
178 2 -1 0
64 278 -1 0
149 95 -1 0
178 109 -1 0
202 372 -1 0
156 248 -1 0
55 179 -1 0
238 83 -1 0
264 233 -1 0
322 72 -1 0
30 172 -1 0
351 331 -1 0
390 376 -1 0
33 386 -1 0
283 375 -1 0
392 332 -1 0
212 69 -1 0
308 148 -1 0
315 356 -1 0
362 169 -1 0
396 67 -1 0
183 247 -1 0
363 390 -1 0
381 51 -1 0
102 323 -1 0
368 391 -1 0
296 264 -1 0
359 150 -1 0
58 23 -1 0
271 311 -1 0
255 16 -1 0
159 66 -1 0
180 61 -1 0
302 66 -1 0
282 127 -1 0
223 32 -1 0
278 287 -1 0
11 45 -1 0
6 380 -1 0
232 284 -1 0
259 245 -1 0
364 78 -1 0
335 236 -1 0
2 83 -1 0
347 155 -1 0
130 139 -1 0
32 117 -1 0
391 175 -1 0
213 270 -1 0
54 284 -1 0
19 204 -1 0
376 190 -1 0
119 76 -1 0
369 284 -1 0
381 123 -1 0
201 97 -1 0
208 222 -1 0
171 279 -1 0
254 206 -1 0
161 149 -1 0
141 160 -1 0
52 35 -1 0
182 16 -1 0
107 310 -1 0
101 172 -1 0
50 204 -1 0
204 209 -1 0
305 311 -1 0
265 101 -1 0
155 326 -1 0
272 24 -1 0
250 55 -1 0
391 9 -1 0
253 63 -1 0
247 129 -1 0
312 311 -1 0
338 282 -1 0
25 247 -1 0
24 128 -1 0
78 13 -1 0
174 37 -1 0
168 293 -1 0
98 322 -1 0
110 165 -1 0
355 32 -1 0
78 0 -1 0
349 85 -1 0
1 20 -1 0
81 193 -1 0
230 25 -1 0
113 106 -1 0
91 202 -1 0
8 398 -1 0
63 58 -1 0
182 123 -1 0
161 36 -1 0
329 355 -1 0
188 335 -1 0
353 215 -1 0
207 54 -1 0
122 101 -1 0
367 342 -1 0
35 84 -1 0
44 186 -1 0
166 63 -1 0
243 303 -1 0
269 270 -1 0
278 283 -1 0
46 89 -1 0
328 121 -1 0
210 149 -1 0
344 157 -1 0
211 367 -1 0
56 311 -1 0
217 350 -1 0
108 315 -1 0
35 258 -1 0
142 298 -1 0
265 122 -1 0
350 133 -1 0
50 289 -1 0
286 254 -1 0
285 139 -1 0
193 19 -1 0
224 79 -1 0
379 160 -1 0
152 67 -1 0
302 174 -1 0
211 112 -1 0
247 120 -1 0
171 121 -1 0
347 386 -1 0
320 44 -1 0
318 275 -1 0
382 258 -1 0
29 36 -1 0
62 40 -1 0
281 195 -1 0
16 12 -1 0
250 395 -1 0
2 9 -1 0
333 392 -1 0
189 0 -1 0
133 247 -1 0
329 301 -1 0
9 260 -1 0
328 111 -1 0
307 189 -1 0
134 92 -1 0
102 209 -1 0
365 191 -1 0
196 160 -1 0
6 59 -1 0
333 66 -1 0
302 396 -1 0
203 315 -1 0
163 269 -1 0
154 42 -1 0
210 171 -1 0
176 251 -1 0
297 84 -1 0
277 338 -1 0
187 180 -1 0
227 102 -1 0
214 94 -1 0
276 299 -1 0
32 223 -1 0
120 52 -1 0
278 368 -1 0
157 26 -1 0
315 239 -1 0
262 388 -1 0
311 109 -1 0
285 365 -1 0
343 334 -1 0
348 234 -1 0
8 152 -1 0
102 160 -1 0
2 10 -1 0
143 58 -1 0
265 372 -1 0
0 73 -1 0
234 108 -1 0
171 395 -1 0
319 170 -1 0
341 147 -1 0
288 43 -1 0
343 43 -1 0
119 229 -1 0
208 293 -1 0
121 265 -1 0
174 52 -1 0
360 88 -1 0
43 318 -1 0
364 50 -1 0
127 302 -1 0
111 172 -1 0
168 127 -1 0
339 14 -1 0
338 2 -1 0
298 138 -1 0
229 63 -1 0
181 216 -1 0
235 326 -1 0
82 110 -1 0
147 309 -1 0
95 249 -1 0
388 82 -1 0
232 108 -1 0
171 155 -1 0
177 137 -1 0
59 222 -1 0
27 175 -1 0
296 97 -1 0
311 115 -1 0
275 109 -1 0
116 240 -1 0
188 244 -1 0
335 229 -1 0
31 91 -1 0
133 265 -1 0
24 173 -1 0
172 237 -1 0
88 182 -1 0
361 39 -1 0
55 289 -1 0
163 88 -1 0
371 289 -1 0
333 394 -1 0
189 282 -1 0
370 7 -1 0
307 387 -1 0
263 367 -1 0
305 319 -1 0
334 119 -1 0
344 360 -1 0
13 377 -1 0
261 354 -1 0
298 152 -1 0
13 397 -1 0
327 306 -1 0
276 126 -1 0
111 308 -1 0
291 239 -1 0
359 167 -1 0
297 185 -1 0
83 267 -1 0
198 206 -1 0
364 324 -1 0
75 122 -1 0
171 124 -1 0
338 323 -1 0
127 321 -1 0
260 367 -1 0
367 66 -1 0
142 168 -1 0
197 137 -1 0
374 399 -1 0
388 380 -1 0
312 333 -1 0
308 265 -1 0
288 151 -1 0
201 204 -1 0
323 8 -1 0
196 206 -1 0
380 259 -1 0
5 167 -1 0
232 151 -1 0
9 197 -1 0
0 387 -1 0
124 272 -1 0
220 121 -1 0
128 24 -1 0
90 237 -1 0
283 116 -1 0
302 96 -1 0
305 282 -1 0
154 231 -1 0
39 397 -1 0
222 376 -1 0
284 291 -1 0
12 266 -1 0
33 207 -1 0
243 205 -1 0
52 380 -1 0
326 76 -1 0
109 281 -1 0
217 353 -1 0
301 355 -1 0
374 255 -1 0
199 396 -1 0
217 107 -1 0
165 106 -1 0
237 52 -1 0
208 290 -1 0
149 104 -1 0
343 331 -1 0
28 49 -1 0
123 65 -1 0
136 253 -1 0
0 355 -1 0
230 93 -1 0
392 284 -1 0
331 326 -1 0
315 369 -1 0
77 295 -1 0
244 61 -1 0
16 75 -1 0
154 305 -1 0
351 123 -1 0
237 340 -1 0
199 7 -1 0
288 115 -1 0
195 251 -1 0
42 278 -1 0
275 248 -1 0
324 49 -1 0
93 253 -1 0
101 123 -1 0
319 34 -1 0
337 313 -1 0
292 47 -1 0
35 98 -1 0
381 166 -1 0
72 176 -1 0
342 154 -1 0
105 264 -1 0
357 129 -1 0
317 152 -1 0
202 245 -1 0
358 71 -1 0
36 159 -1 0
149 125 -1 0
299 351 -1 0
49 275 -1 0
41 193 -1 0
279 223 -1 0
43 273 -1 0
292 56 -1 0
70 213 -1 0
232 344 -1 0
387 152 -1 0
234 149 -1 0
90 280 -1 0
316 278 -1 0
2 139 -1 0
49 271 -1 0
375 373 -1 0
22 137 -1 0
311 114 -1 0
150 65 -1 0
178 250 -1 0
386 284 -1 0
262 201 -1 0
340 171 -1 0
110 393 -1 0
160 105 -1 0
186 284 -1 0
99 283 -1 0
245 343 -1 0
369 109 -1 0
252 170 -1 0
335 391 -1 0
110 15 -1 0
199 221 -1 0
24 321 -1 0
67 391 -1 0
136 257 -1 0
167 34 -1 0
105 67 -1 0
372 210 -1 0
26 130 -1 0
184 199 -1 0
84 375 -1 0
399 232 -1 0
173 179 -1 0
259 27 -1 0
241 227 -1 0
328 249 -1 0
190 250 -1 0
385 114 -1 0
2 175 -1 0
42 273 -1 0
247 275 -1 0
43 157 -1 0
54 121 -1 0
329 245 -1 0
49 360 -1 0
55 58 -1 0
56 149 -1 0
217 188 -1 0
397 239 -1 0
385 298 -1 0
327 57 -1 0
303 164 -1 0
390 48 -1 0
343 302 -1 0
379 173 -1 0
357 150 -1 0
223 23 -1 0
312 335 -1 0
250 106 -1 0
211 106 -1 0
395 393 -1 0
312 209 -1 0
350 0 -1 0
82 286 -1 0
229 242 -1 0
9 109 -1 0
106 166 -1 0
234 201 -1 0
221 361 -1 0
385 79 -1 0
185 80 -1 0
30 314 -1 0
114 301 -1 0
377 241 -1 0
17 285 -1 0
214 20 -1 0
161 236 -1 0
254 249 -1 0
243 301 -1 0
270 21 -1 0
397 129 -1 0
352 365 -1 0
9 19 -1 0
113 212 -1 0
244 129 -1 0
351 258 -1 0
307 359 -1 0
258 314 -1 0
16 58 -1 0
249 318 -1 0
390 177 -1 0
325 140 -1 0
229 281 -1 0
65 310 -1 0
278 310 -1 0
50 54 -1 0
107 392 -1 0
327 318 -1 0
37 71 -1 0
307 250 -1 0
382 201 -1 0
288 200 -1 0
20 152 -1 0
106 385 -1 0
227 176 -1 0
98 27 -1 0
365 230 -1 0
339 356 -1 0
36 122 -1 0
252 0 -1 0
290 357 -1 0
257 59 -1 0
67 45 -1 0
139 144 -1 0
165 11 -1 0
366 333 -1 0
57 96 -1 0
170 62 -1 0
351 78 -1 0
183 380 -1 0
215 210 -1 0
197 141 -1 0
47 62 -1 0
286 55 -1 0
44 377 -1 0
333 316 -1 0
22 183 -1 0
382 33 -1 0
303 376 -1 0
123 69 -1 0
289 47 -1 0
244 136 -1 0
15 50 -1 0
97 137 -1 0
15 165 -1 0
198 313 -1 0
312 203 -1 0
145 149 -1 0
77 201 -1 0
200 171 -1 0
132 186 -1 0
74 107 -1 0
243 196 -1 0
291 124 -1 0
98 295 -1 0
67 1 -1 0
219 341 -1 0
90 28 -1 0
248 370 -1 0
352 13 -1 0
99 61 -1 0
192 112 -1 0
392 92 -1 0
206 126 -1 0
141 94 -1 0
183 273 -1 0
254 201 -1 0
65 203 -1 0
355 128 -1 0
309 283 -1 0
45 334 -1 0
60 218 -1 0
152 323 -1 0
374 50 -1 0
316 269 -1 0
254 336 -1 0
65 93 -1 0
145 70 -1 0
354 170 -1 0
141 23 -1 0
41 157 -1 0
73 247 -1 0
73 68 -1 0
262 234 -1 0
224 321 -1 0
222 67 -1 0
198 100 -1 0
87 146 -1 0
55 38 -1 0
33 276 -1 0
4 346 -1 0
192 88 -1 0
334 45 -1 0
73 155 -1 0
224 371 -1 0
89 229 -1 0
228 78 -1 0
159 16 -1 0
172 293 -1 0
183 11 -1 0
298 288 -1 0
67 42 -1 0
326 153 -1 0
127 317 -1 0
20 141 -1 0
59 322 -1 0
189 112 -1 0
33 281 -1 0
122 279 -1 0
40 199 -1 0
390 221 -1 0
192 142 -1 0
277 323 -1 0
211 40 -1 0
364 60 -1 0
251 172 -1 0
91 96 -1 0
34 31 -1 0
325 62 -1 0
385 197 -1 0
33 206 -1 0
384 152 -1 0
141 234 -1 0
124 282 -1 0
155 321 -1 0
102 310 -1 0
340 36 -1 0
222 161 -1 0
38 210 -1 0
198 84 -1 0
278 115 -1 0
219 371 -1 0
144 52 -1 0
339 155 -1 0
117 27 -1 0
270 223 -1 0
201 377 -1 0
338 134 -1 0
89 390 -1 0
127 233 -1 0
26 391 -1 0
395 39 -1 0
223 349 -1 0
255 293 -1 0
252 335 -1 0
251 114 -1 0
261 290 -1 0
333 118 -1 0
10 112 -1 0
185 51 -1 0
375 95 -1 0
377 88 -1 0
27 42 -1 0
65 339 -1 0
128 188 -1 0
386 255 -1 0
399 247 -1 0
7 93 -1 0
235 380 -1 0
58 34 -1 0
0 183 -1 0
224 398 -1 0
67 17 -1 0
255 48 -1 0
243 98 -1 0
330 172 -1 0
15 178 -1 0
273 21 -1 0
165 198 -1 0
5 182 -1 0
243 70 -1 0
283 387 -1 0
325 76 -1 0
283 181 -1 0
285 105 -1 0
275 130 -1 0
372 337 -1 0
26 222 -1 0
168 286 -1 0
300 179 -1 0
241 37 -1 0
135 75 -1 0
239 92 -1 0
181 276 -1 0
224 378 -1 0
1 9 -1 0
19 129 -1 0
310 17 -1 0
92 260 -1 0
2 117 -1 0
366 61 -1 0
123 126 -1 0
336 49 -1 0
123 292 -1 0
329 149 -1 0
351 137 -1 0
343 398 -1 0
204 128 -1 0
317 74 -1 0
292 25 -1 0
313 177 -1 0
285 191 -1 0
250 368 -1 0
360 218 -1 0
313 228 -1 0
349 3 -1 0
219 155 -1 0
99 146 -1 0
355 220 -1 0
97 217 -1 0
176 231 -1 0
137 132 -1 0
133 121 -1 0
103 238 -1 0
16 150 -1 0
21 239 -1 0
298 341 -1 0
202 366 -1 0
198 273 -1 0
28 306 -1 0
159 143 -1 0
231 392 -1 0
94 389 -1 0
391 79 -1 0
319 8 -1 0
125 173 -1 0
297 282 -1 0
357 163 -1 0
288 77 -1 0
93 1 -1 0
388 37 -1 0
88 191 -1 0
191 303 -1 0
0 328 -1 0
29 330 -1 0
395 265 -1 0
396 350 -1 0
41 296 -1 0
312 39 -1 0
394 168 -1 0
292 216 -1 0
21 376 -1 0
296 297 -1 0
19 203 -1 0
15 278 -1 0
96 248 -1 0
26 282 -1 0
303 33 -1 0
247 196 -1 0
24 157 -1 0
61 144 -1 0
252 245 -1 0
313 336 -1 0
32 245 -1 0
381 278 -1 0
283 337 -1 0
268 178 -1 0
124 130 -1 0
273 80 -1 0
283 92 -1 0
397 355 -1 0
387 390 -1 0
17 327 -1 0
38 360 -1 0
356 75 -1 0
151 259 -1 0
347 67 -1 0
374 100 -1 0
349 381 -1 0
316 136 -1 0
325 56 -1 0
122 178 -1 0
248 259 -1 0
344 60 -1 0
97 150 -1 0
21 250 -1 0
396 342 -1 0
289 293 -1 0
312 35 -1 0
373 370 -1 0
70 155 -1 0
321 162 -1 0
353 197 -1 0
136 136 -1 0
318 302 -1 0
151 13 -1 0
297 4 -1 0
277 372 -1 0
297 195 -1 0
303 362 -1 0
196 159 -1 0
391 56 -1 0
0 391 -1 0
393 272 -1 0
203 288 -1 0
330 101 -1 0
268 215 -1 0
119 290 -1 0
38 276 -1 0
253 202 -1 0
312 257 -1 0
380 285 -1 0
285 150 -1 0
329 199 -1 0
233 210 -1 0
189 70 -1 0
143 232 -1 0
301 235 -1 0
201 96 -1 0
82 319 -1 0
257 334 -1 0
156 322 -1 0
396 87 -1 0
180 59 -1 0
257 226 -1 0
300 19 -1 0
363 6 -1 0
79 72 -1 0
65 318 -1 0
206 388 -1 0
195 252 -1 0
277 130 -1 0
59 112 -1 0
93 50 -1 0
89 226 -1 0
58 170 -1 0
88 19 -1 0
226 274 -1 0
378 103 -1 0
153 69 -1 0
236 236 -1 0
374 62 -1 0
10 204 -1 0
370 157 -1 0
11 338 -1 0
266 34 -1 0
269 347 -1 0
367 217 -1 0
116 48 -1 0
283 147 -1 0
187 222 -1 0
348 219 -1 0
321 394 -1 0
227 210 -1 0
123 6 -1 0
346 362 -1 0
210 1 -1 0
335 100 -1 0
127 394 -1 0
71 46 -1 0
19 193 -1 0
118 302 -1 0
325 65 -1 0
368 22 -1 0
305 263 -1 0
24 255 -1 0
277 54 -1 0
190 295 -1 0
384 47 -1 0
368 89 -1 0
398 225 -1 0
120 56 -1 0
258 343 -1 0
103 47 -1 0
281 120 -1 0
137 314 -1 0
37 281 -1 0
299 114 -1 0
197 269 -1 0
277 321 -1 0
1 276 -1 0
350 250 -1 0
394 62 -1 0
89 267 -1 0
97 7 -1 0
360 145 -1 0
349 131 -1 0
37 280 -1 0
142 11 -1 0
307 328 -1 0
291 29 -1 0
143 313 -1 0
360 120 -1 0
388 241 -1 0
236 157 -1 0
71 196 -1 0
141 82 -1 0
335 112 -1 0
265 228 -1 0
0 43 -1 0
87 304 -1 0
264 208 -1 0
79 121 -1 0
208 56 -1 0
214 309 -1 0
182 279 -1 0
249 137 -1 0
96 30 -1 0
292 391 -1 0
311 354 -1 0
282 229 -1 0
74 385 -1 0
0 173 -1 0
5 212 -1 0
398 359 -1 0
236 94 -1 0
317 96 -1 0
332 110 -1 0
352 325 -1 0
307 395 -1 0
102 294 -1 0
246 347 -1 0
382 61 -1 0
118 174 -1 0
281 235 -1 0
5 203 -1 0
385 324 -1 0
341 106 -1 0
322 1 -1 0
27 188 -1 0
159 323 -1 0
294 261 -1 0
281 224 -1 0
335 87 -1 0
287 216 -1 0
332 33 -1 0
0 92 -1 0
17 181 -1 0
46 236 -1 0
362 268 -1 0
48 42 -1 0
186 58 -1 0
364 11 -1 0
363 310 -1 0
282 71 -1 0
372 367 -1 0
210 3 -1 0
80 34 -1 0
34 360 -1 0
331 7 -1 0
249 52 -1 0
189 121 -1 0
15 18 -1 0
334 229 -1 0
116 57 -1 0
346 72 -1 0
380 270 -1 0
369 329 -1 0
183 175 -1 0
162 188 -1 0
198 18 -1 0
314 183 -1 0
287 366 -1 0
3 94 -1 0
378 125 -1 0
120 283 -1 0
368 86 -1 0
378 126 -1 0
78 260 -1 0
273 329 -1 0
297 182 -1 0
287 357 -1 0
137 92 -1 0
212 227 -1 0
325 122 -1 0
87 87 -1 0
60 99 -1 0
297 201 -1 0
146 320 -1 0
376 177 -1 0
112 297 -1 0
363 209 -1 0
108 164 -1 0
80 156 -1 0
344 126 -1 0
55 11 -1 0
173 186 -1 0
270 104 -1 0
217 193 -1 0
124 42 -1 0
187 0 -1 0
367 61 -1 0
216 329 -1 0
392 157 -1 0
274 42 -1 0
181 110 -1 0
253 0 -1 0
279 57 -1 0
273 158 -1 0
326 87 -1 0
48 150 -1 0
334 186 -1 0
23 115 -1 0
42 389 -1 0
342 78 -1 0
53 171 -1 0
379 265 -1 0
223 348 -1 0
22 23 -1 0
68 296 -1 0
186 146 -1 0
40 242 -1 0
204 42 -1 0
248 324 -1 0
165 19 -1 0
39 18 -1 0
27 119 -1 0
0 301 -1 0
239 196 -1 0
204 100 -1 0
150 173 -1 0
396 391 -1 0
385 24 -1 0
384 217 -1 0
296 93 -1 0
209 19 -1 0
259 15 -1 0
348 111 -1 0
96 39 -1 0
252 281 -1 0
321 381 -1 0
379 370 -1 0
262 13 -1 0
84 53 -1 0
381 164 -1 0
41 369 -1 0
137 195 -1 0
399 296 -1 0
305 379 -1 0
207 121 -1 0
304 248 -1 0
297 162 -1 0
328 38 -1 0
284 121 -1 0
76 214 -1 0
91 65 -1 0
222 70 -1 0
72 179 -1 0
34 300 -1 0
294 101 -1 0
55 351 -1 0
357 255 -1 0
159 310 -1 0
166 97 -1 0
17 257 -1 0
175 224 -1 0
370 395 -1 0
35 377 -1 0
189 181 -1 0
314 328 -1 0
18 167 -1 0
372 241 -1 0
271 298 -1 0
369 222 -1 0
315 301 -1 0
197 95 -1 0
385 213 -1 0
41 23 -1 0
374 107 -1 0
233 0 -1 0
251 335 -1 0
95 132 -1 0
94 59 -1 0
239 67 -1 0
358 122 -1 0
83 114 -1 0
393 91 -1 0
354 325 -1 0
37 114 -1 0
212 9 -1 0
9 249 -1 0
96 236 -1 0
53 225 -1 0
70 82 -1 0
361 282 -1 0
366 391 -1 0
326 201 -1 0
250 116 -1 0
18 355 -1 0
311 344 -1 0
398 123 -1 0
243 213 -1 0
240 89 -1 0
95 147 -1 0
45 348 -1 0
56 132 -1 0
179 108 -1 0
247 390 -1 0
57 206 -1 0
303 191 -1 0
243 286 -1 0
44 383 -1 0
304 381 -1 0
333 342 -1 0
92 160 -1 0
164 171 -1 0
340 130 -1 0
16 339 -1 0
346 241 -1 0
234 383 -1 0
311 172 -1 0
17 115 -1 0
293 6 -1 0
192 211 -1 0
396 76 -1 0
298 133 -1 0
241 25 -1 0
167 31 -1 0
111 139 -1 0
107 39 -1 0
88 51 -1 0
63 131 -1 0
170 189 -1 0
268 83 -1 0
329 358 -1 0
1 189 -1 0
230 149 -1 0
393 22 -1 0
362 226 -1 0
32 280 -1 0
76 267 -1 0
221 326 -1 0
84 397 -1 0
68 71 -1 0
63 219 -1 0
199 45 -1 0
64 52 -1 0
258 203 -1 0
209 155 -1 0
229 295 -1 0
394 112 -1 0
131 243 -1 0
272 397 -1 0
172 203 -1 0
335 307 -1 0
397 161 -1 0
243 273 -1 0
204 171 -1 0
146 130 -1 0
144 257 -1 0
134 32 -1 0
3 259 -1 0
210 71 -1 0
287 331 -1 0
251 342 -1 0
231 209 -1 0
314 104 -1 0
271 43 -1 0
140 151 -1 0
76 171 -1 0
35 225 -1 0
234 270 -1 0
395 113 -1 0
288 351 -1 0
235 325 -1 0
109 297 -1 0
283 132 -1 0
353 199 -1 0
153 325 -1 0
99 158 -1 0
249 90 -1 0
41 97 -1 0
41 256 -1 0
337 232 -1 0
309 347 -1 0
345 266 -1 0
20 153 -1 0
273 289 -1 0
116 11 -1 0
138 202 -1 0
112 258 -1 0
114 100 -1 0
102 196 -1 0
205 378 -1 0
286 1 -1 0
91 169 -1 0
312 327 -1 0
42 89 -1 0
68 237 -1 0
344 38 -1 0
178 89 -1 0
321 354 -1 0
269 18 -1 0
247 145 -1 0
175 305 -1 0
20 150 -1 0
3 282 -1 0
70 282 -1 0
191 331 -1 0
39 3 -1 0
38 295 -1 0
235 250 -1 0
15 272 -1 0
357 290 -1 0
226 257 -1 0
12 368 -1 0
272 41 -1 0
293 140 -1 0
229 18 -1 0
49 379 -1 0
62 142 -1 0
399 20 -1 0
40 14 -1 0
370 90 -1 0
303 313 -1 0
215 169 -1 0
212 364 -1 0
200 101 -1 0
375 305 -1 0
55 206 -1 0
351 211 -1 0
261 84 -1 0
141 32 -1 0
353 247 -1 0
302 302 -1 0
95 28 -1 0
0 157 -1 0
112 92 -1 0
380 389 -1 0
30 124 -1 0
149 177 -1 0
289 328 -1 0
347 392 -1 0
214 336 -1 0
324 186 -1 0
372 383 -1 0
218 296 -1 0
346 193 -1 0
248 15 -1 0
240 113 -1 0
102 47 -1 0
319 1 -1 0
75 132 -1 0
8 243 -1 0
49 286 -1 0
396 386 -1 0
374 279 -1 0
161 313 -1 0
385 109 -1 0
303 58 -1 0
218 392 -1 0
367 40 -1 0
321 386 -1 0
15 159 -1 0
224 249 -1 0
68 383 -1 0
11 211 -1 0
350 247 -1 0
365 167 -1 0
301 308 -1 0
180 279 -1 0
196 193 -1 0
214 43 -1 0
121 28 -1 0
53 332 -1 0
319 175 -1 0
153 298 -1 0
342 237 -1 0
398 383 -1 0
257 108 -1 0
399 274 -1 0
216 196 -1 0
241 352 -1 0
145 248 -1 0
219 290 -1 0
271 392 -1 0
84 182 -1 0
307 338 -1 0
289 236 -1 0
132 306 -1 0
224 391 -1 0
105 272 -1 0
339 241 -1 0
263 200 -1 0
113 268 -1 0
392 64 -1 0
38 106 -1 0
227 158 -1 0
316 2 -1 0
78 216 -1 0
156 228 -1 0
138 54 -1 0
145 117 -1 0
154 160 -1 0
20 171 -1 0
253 263 -1 0
30 366 -1 0
8 232 -1 0
189 9 -1 0
363 98 -1 0
49 73 -1 0
312 120 -1 0
130 129 -1 0
104 3 -1 0
298 67 -1 0
168 149 -1 0
306 240 -1 0
23 240 -1 0
267 360 -1 0
357 397 -1 0
46 152 -1 0
149 8 -1 0
27 40 -1 0
130 197 -1 0
332 202 -1 0
263 323 -1 0
156 190 -1 0
197 222 -1 0
0 130 -1 0
261 146 -1 0
249 324 -1 0
346 45 -1 0
42 224 -1 0
165 116 -1 0
40 356 -1 0
186 164 -1 0
274 192 -1 0
73 141 -1 0
172 325 -1 0
26 263 -1 0
160 293 -1 0
331 202 -1 0
84 184 -1 0
157 126 -1 0
146 322 -1 0
224 368 -1 0
80 129 -1 0
13 340 -1 0
384 205 -1 0
356 283 -1 0
380 139 -1 0
299 276 -1 0
73 22 -1 0
133 234 -1 0
97 291 -1 0
114 303 -1 0
343 255 -1 0
121 155 -1 0
329 247 -1 0
132 212 -1 0
165 243 -1 0
172 326 -1 0
25 322 -1 0
366 320 -1 0
11 93 -1 0
260 102 -1 0
45 32 -1 0
123 5 -1 0
133 188 -1 0
52 276 -1 0
361 223 -1 0
12 397 -1 0
63 187 -1 0
87 74 -1 0
204 111 -1 0
208 73 -1 0
362 88 -1 0
136 241 -1 0
19 17 -1 0
230 373 -1 0
375 354 -1 0
79 93 -1 0
33 69 -1 0
388 116 -1 0
212 57 -1 0
300 361 -1 0
82 179 -1 0
70 183 -1 0
254 165 -1 0
297 15 -1 0
168 288 -1 0
7 319 -1 0
226 30 -1 0
189 125 -1 0
362 149 -1 0
355 321 -1 0
67 171 -1 0
16 192 -1 0
28 54 -1 0
230 248 -1 0
33 395 -1 0
49 306 -1 0
168 320 -1 0
223 76 -1 0
125 212 -1 0
2 382 -1 0
258 394 -1 0
266 362 -1 0
151 319 -1 0
215 159 -1 0
143 63 -1 0
289 271 -1 0
214 62 -1 0
98 178 -1 0
214 200 -1 0
370 288 -1 0
336 79 -1 0
310 257 -1 0
38 4 -1 0
167 127 -1 0
307 244 -1 0
260 365 -1 0
50 148 -1 0
249 287 -1 0
167 269 -1 0
8 55 -1 0
258 262 -1 0
129 294 -1 0
307 118 -1 0
49 162 -1 0
361 294 -1 0
286 171 -1 0
51 397 -1 0
104 29 -1 0
93 382 -1 0
258 191 -1 0
253 399 -1 0
62 194 -1 0
284 45 -1 0
131 255 -1 0
201 229 -1 0
181 91 -1 0
270 58 -1 0
356 270 -1 0
78 142 -1 0
241 158 -1 0
286 327 -1 0
299 269 -1 0
389 315 -1 0
322 166 -1 0
243 5 -1 0
312 352 -1 0
284 283 -1 0
167 25 -1 0
363 119 -1 0
65 279 -1 0
34 66 -1 0
102 186 -1 0
257 127 -1 0
381 215 -1 0
79 107 -1 0
264 29 -1 0
91 21 -1 0
394 313 -1 0
267 321 -1 0
285 333 -1 0
211 27 -1 0
149 21 -1 0
104 44 -1 0
367 15 -1 0
314 188 -1 0
271 146 -1 0
369 319 -1 0
159 198 -1 0
55 120 -1 0
382 93 -1 0
240 305 -1 0
274 102 -1 0
312 198 -1 0
82 280 -1 0
169 192 -1 0
370 324 -1 0
41 363 -1 0
3 49 -1 0
241 343 -1 0
129 213 -1 0
194 281 -1 0
337 308 -1 0
365 195 -1 0
381 383 -1 0
322 137 -1 0
51 201 -1 0
80 239 -1 0
154 202 -1 0
339 164 -1 0
106 75 -1 0
333 209 -1 0
380 130 -1 0
356 300 -1 0
44 94 -1 0
333 120 -1 0
254 235 -1 0
125 249 -1 0
147 224 -1 0
240 247 -1 0
16 209 -1 0
104 268 -1 0
141 225 -1 0
82 216 -1 0
33 134 -1 0
305 218 -1 0
158 36 -1 0
84 86 -1 0
212 56 -1 0
77 181 -1 0
158 182 -1 0
358 159 -1 0
56 114 -1 0
312 13 -1 0
383 362 -1 0
65 121 -1 0
362 229 -1 0
334 224 -1 0
38 378 -1 0
69 83 -1 0
31 321 -1 0
92 156 -1 0
257 58 -1 0
156 157 -1 0
61 388 -1 0
221 242 -1 0
71 153 -1 0
208 233 -1 0
101 300 -1 0
219 163 -1 0
377 234 -1 0
184 116 -1 0
280 35 -1 0
114 106 -1 0
256 377 -1 0
101 51 -1 0
387 388 -1 0
227 45 -1 0
174 49 -1 0
97 181 -1 0
63 359 -1 0
174 154 -1 0
32 264 -1 0
125 194 -1 0
186 176 -1 0
296 56 -1 0
146 60 -1 0
373 373 -1 0
86 169 -1 0
69 248 -1 0
171 98 -1 0
199 267 -1 0
194 205 -1 0
382 220 -1 0
371 159 -1 0
78 115 -1 0
364 206 -1 0
307 376 -1 0
366 94 -1 0
192 55 -1 0
282 170 -1 0
330 218 -1 0
29 336 -1 0
117 243 -1 0
114 97 -1 0
300 299 -1 0
237 207 -1 0
123 175 -1 0
124 226 -1 0
231 391 -1 0
357 143 -1 0
66 70 -1 0
191 294 -1 0
26 35 -1 0
360 141 -1 0
76 66 -1 0
140 157 -1 0
116 271 -1 0
185 175 -1 0
255 342 -1 0
313 83 -1 0
76 16 -1 0
269 1 -1 0
256 235 -1 0
336 26 -1 0
335 20 -1 0
294 194 -1 0
330 233 -1 0
218 286 -1 0
278 391 -1 0
321 199 -1 0
176 271 -1 0
91 38 -1 0
211 103 -1 0
8 6 -1 0
325 73 -1 0
110 20 -1 0
361 280 -1 0
0 311 -1 0
140 59 -1 0
242 171 -1 0
265 325 -1 0
357 32 -1 0
364 240 -1 0
261 209 -1 0
383 284 -1 0
173 206 -1 0
373 192 -1 0
271 266 -1 0
308 47 -1 0
196 43 -1 0
65 77 -1 0
182 174 -1 0
141 15 -1 0
307 170 -1 0
184 320 -1 0
204 313 -1 0
392 266 -1 0
233 323 -1 0
111 295 -1 0
392 45 -1 0
218 367 -1 0
27 387 -1 0
129 306 -1 0
362 255 -1 0
355 21 -1 0
262 93 -1 0
373 324 -1 0
28 110 -1 0
94 91 -1 0
389 384 -1 0
214 306 -1 0
296 391 -1 0
298 231 -1 0
247 313 -1 0
303 19 -1 0
316 59 -1 0
30 2 -1 0
37 2 -1 0
332 13 -1 0
37 357 -1 0
5 251 -1 0
201 110 -1 0
355 357 -1 0
229 5 -1 0
325 75 -1 0
77 309 -1 0
46 297 -1 0
56 327 -1 0
282 54 -1 0
155 173 -1 0
47 92 -1 0
26 94 -1 0
37 11 -1 0
273 331 -1 0
18 350 -1 0
158 260 -1 0
238 34 -1 0
174 238 -1 0
277 248 -1 0
90 52 -1 0
259 254 -1 0
67 9 -1 0
43 399 -1 0
271 254 -1 0
284 40 -1 0
213 16 -1 0
62 320 -1 0
249 297 -1 0
244 108 -1 0
344 261 -1 0
399 339 -1 0
359 16 -1 0
136 398 -1 0
222 149 -1 0
123 42 -1 0
186 208 -1 0
362 298 -1 0
172 282 -1 0
226 362 -1 0
97 197 -1 0
205 115 -1 0
250 4 -1 0
90 169 -1 0
266 120 -1 0
175 175 -1 0
107 387 -1 0
2 113 -1 0
7 165 -1 0
321 315 -1 0
187 276 -1 0
331 173 -1 0
243 36 -1 0
282 4 -1 0
136 208 -1 0
206 262 -1 0
155 12 -1 0
33 225 -1 0
385 182 -1 0
260 46 -1 0
385 46 -1 0
307 243 -1 0
233 339 -1 0
261 325 -1 0
273 103 -1 0
134 45 -1 0
67 162 -1 0
303 379 -1 0
342 323 -1 0
262 274 -1 0
348 1 -1 0
181 394 -1 0
186 249 -1 0
8 144 -1 0
218 53 -1 0
176 183 -1 0
182 234 -1 0
241 298 -1 0
25 138 -1 0
42 372 -1 0
306 378 -1 0
249 211 -1 0
141 67 -1 0
98 279 -1 0
381 48 -1 0
278 146 -1 0
95 282 -1 0
234 167 -1 0
162 212 -1 0
50 372 -1 0
4 33 -1 0
223 56 -1 0
198 384 -1 0
128 60 -1 0
319 119 -1 0
137 120 -1 0
274 203 -1 0
154 139 -1 0
142 304 -1 0
217 103 -1 0
337 242 -1 0
339 291 -1 0
296 312 -1 0
35 351 -1 0
221 282 -1 0
279 127 -1 0
244 279 -1 0
366 256 -1 0
285 79 -1 0
150 296 -1 0
230 364 -1 0
91 160 -1 0
385 278 -1 0
323 251 -1 0
346 186 -1 0
229 33 -1 0
26 276 -1 0
329 44 -1 0
339 300 -1 0
332 45 -1 0
188 323 -1 0
307 369 -1 0
103 53 -1 0
207 229 -1 0
91 90 -1 0
158 188 -1 0
71 198 -1 0
381 305 -1 0
291 363 -1 0
174 292 -1 0
235 278 -1 0
27 200 -1 0
14 260 -1 0
154 178 -1 0
78 182 -1 0
55 219 -1 0
2 3 -1 0
111 216 -1 0
206 49 -1 0
230 65 -1 0
83 64 -1 0
356 235 -1 0
114 199 -1 0
155 36 -1 0
79 19 -1 0
363 225 -1 0
145 276 -1 0
3 97 -1 0
198 34 -1 0
218 377 -1 0
354 369 -1 0
167 304 -1 0
197 398 -1 0
256 299 -1 0
179 170 -1 0
121 227 -1 0
288 155 -1 0
256 306 -1 0
343 64 -1 0
241 383 -1 0
4 384 -1 0
244 52 -1 0
395 276 -1 0
197 372 -1 0
136 200 -1 0
140 32 -1 0
153 222 -1 0
351 277 -1 0
47 238 -1 0
165 36 -1 0
245 243 -1 0
101 235 -1 0
283 380 -1 0
233 50 -1 0
27 363 -1 0
299 330 -1 0
291 192 -1 0
22 266 -1 0
311 228 -1 0
202 77 -1 0
183 13 -1 0
167 281 -1 0
269 67 -1 0
138 110 -1 0
300 27 -1 0
149 242 -1 0
179 293 -1 0
2 204 -1 0
315 211 -1 0
19 308 -1 0
197 77 -1 0
366 249 -1 0
146 187 -1 0
18 325 -1 0
173 384 -1 0
22 205 -1 0
143 176 -1 0
301 125 -1 0
2 295 -1 0
72 184 -1 0
266 327 -1 0
327 361 -1 0
370 256 -1 0
391 378 -1 0
248 303 -1 0
281 113 -1 0
70 90 -1 0
256 262 -1 0
23 70 -1 0
135 145 -1 0
74 166 -1 0
173 125 -1 0
104 282 -1 0
133 140 -1 0
178 193 -1 0
306 140 -1 0
221 129 -1 0
32 89 -1 0
167 231 -1 0
272 159 -1 0
98 63 -1 0
17 183 -1 0
37 166 -1 0
214 53 -1 0
166 23 -1 0
27 102 -1 0
274 95 -1 0
394 244 -1 0
335 262 -1 0
204 147 -1 0
148 300 -1 0
112 177 -1 0
144 319 -1 0
176 329 -1 0
85 387 -1 0
393 196 -1 0
306 123 -1 0
142 205 -1 0
178 316 -1 0
217 51 -1 0
46 283 -1 0
169 298 -1 0
36 236 -1 0
52 246 -1 0
175 353 -1 1
117 361 -1 1
133 344 -1 1
123 353 -1 1
109 343 -1 1
106 357 -1 1
128 355 -1 1
162 355 -1 1
101 343 -1 1
105 342 -1 1
178 360 -1 1
138 348 -1 1
126 353 -1 1
93 346 -1 1
147 352 -1 1
98 358 -1 1
92 357 -1 1
127 354 -1 1
143 360 -1 1
104 346 -1 1
158 353 -1 1
133 354 -1 1
104 362 -1 1
116 342 -1 1
122 366 -1 1
116 349 -1 1
121 361 -1 1
151 368 -1 1
184 355 -1 1
116 354 -1 1
108 344 -1 1
156 355 -1 1
104 341 -1 1
148 349 -1 1
134 347 -1 1
91 356 -1 1
85 349 -1 1
101 362 -1 1
100 365 -1 1
145 348 -1 1
107 360 -1 1
170 359 -1 1
130 348 -1 1
124 348 -1 1
120 341 -1 1
86 354 -1 1
92 346 -1 1
91 358 -1 1
139 350 -1 1
117 345 -1 1
82 347 -1 1
137 357 -1 1
162 363 -1 1
144 349 -1 1
170 361 -1 1
135 367 -1 1
154 347 -1 1
159 363 -1 1
101 366 -1 1
143 358 -1 1
123 366 -1 1
144 371 -1 1
111 358 -1 1
150 344 -1 1
160 359 -1 1
138 371 -1 1
142 345 -1 1
157 346 -1 1
130 355 -1 1
103 346 -1 1
119 343 -1 1
156 367 -1 1
119 345 -1 1
138 342 -1 1
126 373 -1 1
85 345 -1 1
105 344 -1 1
127 368 -1 1
166 357 -1 1
157 354 -1 1
95 349 -1 1
155 361 -1 1
98 345 -1 1
114 349 -1 1
111 346 -1 1
113 345 -1 1
95 346 -1 1
126 354 -1 1
139 364 -1 1
100 343 -1 1
181 351 -1 1
144 345 -1 1
133 355 -1 1
151 360 -1 1
152 362 -1 1
106 354 -1 1
109 354 -1 1
141 361 -1 1
112 361 -1 1
101 363 -1 1
151 361 -1 1
120 353 -1 1
91 353 -1 1
112 359 -1 1
106 360 -1 1
124 342 -1 1
152 343 -1 1
124 352 -1 1
147 364 -1 1
126 350 -1 1
158 350 -1 1
173 358 -1 1
149 342 -1 1
124 340 -1 1
140 354 -1 1
107 345 -1 1
183 351 -1 1
116 352 -1 1
104 350 -1 1
132 359 -1 1
136 358 -1 1
99 342 -1 1
110 359 -1 1
127 361 -1 1
122 357 -1 1
140 359 -1 1
113 358 -1 1
117 341 -1 1
108 353 -1 1
161 348 -1 1
168 362 -1 1
151 364 -1 1
147 369 -1 1
119 354 -1 1
107 369 -1 1
92 343 -1 1
93 345 -1 1
123 339 -1 1
129 352 -1 1
126 346 -1 1
122 340 -1 1
87 344 -1 1
123 352 -1 1
135 350 -1 1
146 345 -1 1
122 349 -1 1
92 353 -1 1
127 353 -1 1
141 340 -1 1
156 368 -1 1
118 370 -1 1
162 361 -1 1
98 341 -1 1
93 358 -1 1
94 360 -1 1
95 358 -1 1
152 354 -1 1
112 352 -1 1
171 363 -1 1
126 358 -1 1
141 369 -1 1
173 359 -1 1
169 355 -1 1
153 356 -1 1
147 353 -1 1
161 367 -1 1
140 360 -1 1
127 350 -1 1
138 359 -1 1
112 353 -1 1
180 356 -1 1
182 351 -1 1
148 352 -1 1
132 349 -1 1
168 356 -1 1
115 340 -1 1
169 361 -1 1
160 356 -1 1
130 343 -1 1
114 371 -1 1
160 361 -1 1
179 352 -1 1
174 356 -1 1
156 353 -1 1
159 355 -1 1
94 352 -1 1
139 360 -1 1
128 343 -1 1
111 350 -1 1
182 354 -1 1
122 353 -1 1
129 353 -1 1
127 371 -1 1
125 365 -1 1
125 370 -1 1
138 358 -1 1
165 357 -1 1
159 352 -1 1
149 352 -1 1
132 368 -1 1
147 350 -1 1
175 354 -1 1
170 356 -1 1
105 343 -1 1
109 370 -1 1
164 362 -1 1
146 363 -1 1
162 349 -1 1
172 361 -1 1
121 344 -1 1
102 343 -1 1
126 349 -1 1
129 345 -1 1
164 358 -1 1
118 351 -1 1
156 342 -1 1
137 350 -1 1
149 361 -1 1
142 372 -1 1
103 360 -1 1
164 359 -1 1
113 363 -1 1
169 349 -1 1
119 372 -1 1
142 350 -1 1
96 351 -1 1
96 357 -1 1
109 351 -1 1
160 348 -1 1
98 347 -1 1
153 365 -1 1
134 362 -1 1
119 344 -1 1
134 373 -1 1
119 358 -1 1
152 361 -1 1
119 360 -1 1
167 345 -1 1
133 362 -1 1
123 354 -1 1
112 367 -1 1
155 345 -1 1
157 342 -1 1
160 362 -1 1
152 358 -1 1
159 349 -1 1
101 358 -1 1
132 358 -1 1
109 366 -1 1
148 355 -1 1
101 356 -1 1
130 366 -1 1
89 359 -1 1
145 354 -1 1
147 349 -1 1
162 364 -1 1
107 343 -1 1
136 355 -1 1
114 353 -1 1
159 362 -1 1
156 362 -1 1
183 352 -1 1
170 350 -1 1
94 359 -1 1
173 360 -1 1
181 357 -1 1
132 353 -1 1
138 362 -1 1
147 344 -1 1
132 347 -1 1
169 363 -1 1
117 348 -1 1
103 354 -1 1
154 351 -1 1
140 366 -1 1
110 357 -1 1
121 350 -1 1
150 343 -1 1
134 352 -1 1
142 362 -1 1
154 348 -1 1
129 371 -1 1
135 348 -1 1
158 368 -1 1
129 351 -1 1
97 353 -1 1
162 365 -1 1
147 363 -1 1
122 368 -1 1
82 351 -1 1
89 347 -1 1
167 362 -1 1
89 352 -1 1
155 360 -1 1
96 360 -1 1
128 369 -1 1
130 353 -1 1
103 357 -1 1
141 352 -1 1
108 359 -1 1
