4800 400 400
246 365 -1 0
353 118 -1 0
379 241 -1 0
125 64 -1 0
33 166 -1 0
232 377 -1 0
136 17 -1 0
228 139 -1 0
339 346 -1 0
316 202 -1 0
51 399 -1 0
366 92 -1 0
278 325 -1 0
140 126 -1 0
142 392 -1 0
390 162 -1 0
0 0 -1 0
320 193 -1 0
251 117 -1 0
363 194 -1 0
8 317 -1 0
244 4 -1 0
276 122 -1 0
132 140 -1 0
119 53 -1 0
211 307 -1 0
376 64 -1 0
305 228 -1 0
26 355 -1 0
94 373 -1 0
49 13 -1 0
52 6 -1 0
189 202 -1 0
192 273 -1 0
332 196 -1 0
135 252 -1 0
182 242 -1 0
393 243 -1 0
246 207 -1 0
341 248 -1 0
343 94 -1 0
110 325 -1 0
112 369 -1 0
234 352 -1 0
171 18 -1 0
264 356 -1 0
396 374 -1 0
68 56 -1 0
346 161 -1 0
85 356 -1 0
224 108 -1 0
272 246 -1 0
354 303 -1 0
376 136 -1 0
202 317 -1 0
329 218 -1 0
84 148 -1 0
287 60 -1 0
306 130 -1 0
15 80 -1 0
329 395 -1 0
134 212 -1 0
66 357 -1 0
137 84 -1 0
320 7 -1 0
103 54 -1 0
4 134 -1 0
55 328 -1 0
398 117 -1 0
97 392 -1 0
26 278 -1 0
399 35 -1 0
362 395 -1 0
177 44 -1 0
142 341 -1 0
75 156 -1 0
164 270 -1 0
60 174 -1 0
198 344 -1 0
276 253 -1 0
127 307 -1 0
7 205 -1 0
358 20 -1 0
216 365 -1 0
285 260 -1 0
307 366 -1 0
308 234 -1 0
337 19 -1 0
169 393 -1 0
60 103 -1 0
161 283 -1 0
161 325 -1 0
240 189 -1 0
225 370 -1 0
148 304 -1 0
238 270 -1 0
129 247 -1 0
242 12 -1 0
254 73 -1 0
28 190 -1 0
311 268 -1 0
325 321 -1 0
297 294 -1 0
320 78 -1 0
46 397 -1 0
368 213 -1 0
337 385 -1 0
236 200 -1 0
201 256 -1 0
291 345 -1 0
249 363 -1 0
194 360 -1 0
211 376 -1 0
384 18 -1 0
257 71 -1 0
267 149 -1 0
263 69 -1 0
328 373 -1 0
119 352 -1 0
34 239 -1 0
229 360 -1 0
98 41 -1 0
221 223 -1 0
250 315 -1 0
57 315 -1 0
155 304 -1 0
67 328 -1 0
274 142 -1 0
102 335 -1 0
194 320 -1 0
321 13 -1 0
370 125 -1 0
27 84 -1 0
145 39 -1 0
202 368 -1 0
166 87 -1 0
307 383 -1 0
14 193 -1 0
34 142 -1 0
123 368 -1 0
345 358 -1 0
396 138 -1 0
314 59 -1 0
341 71 -1 0
357 139 -1 0
94 53 -1 0
100 308 -1 0
301 18 -1 0
395 122 -1 0
32 137 -1 0
230 98 -1 0
239 199 -1 0
291 137 -1 0
53 286 -1 0
136 13 -1 0
219 338 -1 0
229 328 -1 0
47 167 -1 0
224 287 -1 0
22 126 -1 0
63 110 -1 0
239 231 -1 0
225 374 -1 0
217 232 -1 0
190 141 -1 0
367 324 -1 0
289 351 -1 0
56 290 -1 0
233 5 -1 0
222 82 -1 0
333 67 -1 0
381 231 -1 0
184 148 -1 0
264 33 -1 0
97 123 -1 0
40 269 -1 0
128 215 -1 0
361 341 -1 0
170 380 -1 0
384 202 -1 0
83 331 -1 0
283 101 -1 0
379 38 -1 0
271 37 -1 0
174 306 -1 0
45 238 -1 0
144 9 -1 0
217 207 -1 0
149 369 -1 0
150 246 -1 0
81 314 -1 0
48 311 -1 0
121 106 -1 0
234 253 -1 0
188 70 -1 0
21 285 -1 0
341 244 -1 0
116 260 -1 0
231 128 -1 0
344 228 -1 0
283 298 -1 0
349 227 -1 0
233 333 -1 0
221 150 -1 0
374 182 -1 0
110 18 -1 0
254 21 -1 0
317 222 -1 0
394 328 -1 0
276 182 -1 0
326 125 -1 0
184 208 -1 0
4 274 -1 0
152 75 -1 0
153 2 -1 0
293 59 -1 0
130 190 -1 0
170 388 -1 0
217 141 -1 0
233 396 -1 0
48 266 -1 0
153 163 -1 0
277 153 -1 0
61 263 -1 0
387 70 -1 0
373 229 -1 0
20 22 -1 0
117 373 -1 0
381 70 -1 0
203 276 -1 0
66 360 -1 0
43 120 -1 0
375 176 -1 0
177 229 -1 0
146 344 -1 0
171 284 -1 0
28 349 -1 0
140 325 -1 0
342 394 -1 0
385 298 -1 0
252 97 -1 0
175 249 -1 0
391 331 -1 0
162 274 -1 0
282 20 -1 0
224 25 -1 0
200 39 -1 0
75 287 -1 0
331 362 -1 0
90 352 -1 0
30 57 -1 0
44 36 -1 0
390 328 -1 0
384 301 -1 0
271 296 -1 0
301 73 -1 0
246 36 -1 0
54 46 -1 0
42 301 -1 0
346 363 -1 0
318 333 -1 0
40 25 -1 0
13 51 -1 0
128 203 -1 0
294 380 -1 0
74 88 -1 0
79 145 -1 0
388 39 -1 0
332 129 -1 0
149 185 -1 0
1 359 -1 0
252 207 -1 0
148 73 -1 0
133 155 -1 0
299 190 -1 0
389 379 -1 0
158 355 -1 0
196 270 -1 0
214 208 -1 0
37 364 -1 0
81 395 -1 0
351 122 -1 0
2 342 -1 0
326 110 -1 0
360 294 -1 0
344 215 -1 0
343 202 -1 0
54 92 -1 0
335 75 -1 0
40 317 -1 0
107 145 -1 0
175 349 -1 0
327 176 -1 0
189 297 -1 0
183 274 -1 0
33 312 -1 0
203 82 -1 0
6 234 -1 0
339 240 -1 0
259 215 -1 0
274 145 -1 0
72 46 -1 0
318 192 -1 0
245 70 -1 0
283 147 -1 0
1 96 -1 0
305 378 -1 0
102 386 -1 0
181 73 -1 0
226 233 -1 0
34 114 -1 0
30 4 -1 0
155 218 -1 0
347 133 -1 0
208 331 -1 0
253 298 -1 0
369 127 -1 0
46 232 -1 0
159 333 -1 0
313 26 -1 0
299 39 -1 0
264 295 -1 0
15 125 -1 0
290 16 -1 0
184 100 -1 0
315 384 -1 0
28 66 -1 0
383 300 -1 0
16 395 -1 0
244 17 -1 0
124 42 -1 0
84 3 -1 0
257 222 -1 0
53 56 -1 0
140 163 -1 0
215 88 -1 0
186 36 -1 0
325 332 -1 0
137 377 -1 0
151 275 -1 0
359 169 -1 0
347 49 -1 0
143 224 -1 0
271 236 -1 0
6 79 -1 0
376 341 -1 0
158 317 -1 0
357 55 -1 0
68 15 -1 0
31 136 -1 0
102 339 -1 0
204 93 -1 0
128 302 -1 0
350 113 -1 0
134 276 -1 0
345 121 -1 0
257 159 -1 0
195 174 -1 0
290 98 -1 0
263 200 -1 0
167 130 -1 0
264 136 -1 0
344 22 -1 0
18 156 -1 0
136 325 -1 0
66 98 -1 0
155 301 -1 0
381 271 -1 0
134 359 -1 0
328 263 -1 0
327 41 -1 0
121 347 -1 0
252 36 -1 0
136 181 -1 0
130 108 -1 0
117 19 -1 0
75 369 -1 0
229 326 -1 0
171 223 -1 0
390 55 -1 0
210 149 -1 0
255 385 -1 0
171 348 -1 0
204 191 -1 0
179 10 -1 0
135 186 -1 0
155 347 -1 0
191 313 -1 0
112 106 -1 0
388 158 -1 0
76 303 -1 0
264 212 -1 0
5 178 -1 0
206 87 -1 0
367 290 -1 0
64 335 -1 0
302 210 -1 0
395 20 -1 0
40 348 -1 0
343 8 -1 0
71 112 -1 0
64 33 -1 0
39 28 -1 0
171 328 -1 0
280 280 -1 0
203 338 -1 0
88 386 -1 0
304 24 -1 0
230 0 -1 0
301 286 -1 0
389 2 -1 0
169 107 -1 0
212 370 -1 0
121 288 -1 0
296 198 -1 0
313 25 -1 0
367 276 -1 0
207 63 -1 0
59 121 -1 0
314 25 -1 0
391 258 -1 0
201 221 -1 0
378 215 -1 0
333 137 -1 0
130 327 -1 0
268 340 -1 0
205 78 -1 0
354 273 -1 0
301 35 -1 0
352 159 -1 0
145 291 -1 0
274 51 -1 0
205 114 -1 0
88 325 -1 0
234 116 -1 0
206 140 -1 0
350 57 -1 0
41 227 -1 0
95 327 -1 0
171 190 -1 0
339 156 -1 0
28 224 -1 0
264 49 -1 0
359 73 -1 0
249 45 -1 0
377 77 -1 0
248 123 -1 0
263 384 -1 0
92 148 -1 0
1 98 -1 0
116 109 -1 0
378 29 -1 0
31 295 -1 0
173 150 -1 0
364 9 -1 0
394 24 -1 0
137 372 -1 0
63 12 -1 0
81 331 -1 0
309 359 -1 0
297 242 -1 0
264 189 -1 0
178 324 -1 0
358 301 -1 0
300 37 -1 0
45 65 -1 0
192 102 -1 0
98 107 -1 0
67 55 -1 0
146 131 -1 0
82 301 -1 0
166 67 -1 0
50 1 -1 0
207 143 -1 0
124 146 -1 0
151 29 -1 0
96 325 -1 0
33 388 -1 0
313 243 -1 0
375 351 -1 0
199 250 -1 0
37 235 -1 0
94 109 -1 0
26 161 -1 0
34 218 -1 0
369 200 -1 0
279 395 -1 0
51 121 -1 0
189 34 -1 0
122 163 -1 0
138 342 -1 0
35 185 -1 0
236 89 -1 0
310 178 -1 0
279 78 -1 0
53 299 -1 0
335 116 -1 0
367 370 -1 0
228 385 -1 0
24 289 -1 0
166 373 -1 0
325 1 -1 0
133 352 -1 0
44 16 -1 0
177 243 -1 0
278 288 -1 0
69 27 -1 0
299 14 -1 0
306 275 -1 0
249 111 -1 0
349 238 -1 0
319 114 -1 0
41 80 -1 0
273 240 -1 0
28 230 -1 0
55 281 -1 0
223 61 -1 0
248 379 -1 0
171 72 -1 0
35 109 -1 0
276 398 -1 0
225 74 -1 0
30 31 -1 0
24 302 -1 0
131 282 -1 0
110 348 -1 0
14 189 -1 0
370 34 -1 0
332 274 -1 0
108 76 -1 0
193 115 -1 0
208 279 -1 0
323 279 -1 0
294 396 -1 0
256 351 -1 0
82 70 -1 0
264 7 -1 0
337 156 -1 0
130 186 -1 0
25 257 -1 0
396 296 -1 0
36 399 -1 0
53 58 -1 0
289 80 -1 0
194 281 -1 0
203 216 -1 0
386 36 -1 0
239 13 -1 0
298 16 -1 0
98 341 -1 0
177 202 -1 0
128 331 -1 0
392 231 -1 0
208 298 -1 0
285 167 -1 0
245 241 -1 0
295 362 -1 0
319 248 -1 0
148 235 -1 0
153 341 -1 0
85 328 -1 0
364 286 -1 0
91 30 -1 0
333 194 -1 0
51 11 -1 0
161 297 -1 0
310 279 -1 0
99 47 -1 0
102 11 -1 0
23 219 -1 0
253 166 -1 0
255 34 -1 0
15 7 -1 0
398 172 -1 0
278 315 -1 0
91 385 -1 0
260 208 -1 0
218 277 -1 0
241 386 -1 0
161 160 -1 0
116 282 -1 0
369 21 -1 0
112 131 -1 0
70 313 -1 0
120 357 -1 0
214 356 -1 0
356 45 -1 0
126 201 -1 0
310 111 -1 0
242 377 -1 0
75 99 -1 0
254 230 -1 0
89 108 -1 0
184 141 -1 0
113 6 -1 0
22 305 -1 0
128 389 -1 0
235 206 -1 0
169 275 -1 0
385 128 -1 0
115 91 -1 0
374 144 -1 0
56 123 -1 0
393 247 -1 0
292 114 -1 0
317 97 -1 0
351 276 -1 0
290 391 -1 0
100 70 -1 0
44 144 -1 0
395 263 -1 0
22 95 -1 0
322 210 -1 0
300 137 -1 0
291 177 -1 0
256 22 -1 0
375 328 -1 0
345 110 -1 0
11 177 -1 0
399 207 -1 0
211 341 -1 0
223 137 -1 0
166 367 -1 0
226 119 -1 0
199 334 -1 0
386 50 -1 0
145 186 -1 0
44 344 -1 0
86 150 -1 0
161 296 -1 0
306 348 -1 0
240 371 -1 0
121 315 -1 0
46 35 -1 0
240 167 -1 0
331 398 -1 0
15 231 -1 0
247 126 -1 0
120 38 -1 0
225 259 -1 0
204 43 -1 0
189 14 -1 0
143 232 -1 0
33 25 -1 0
298 241 -1 0
112 280 -1 0
264 181 -1 0
245 94 -1 0
277 337 -1 0
166 352 -1 0
158 214 -1 0
394 70 -1 0
377 114 -1 0
179 155 -1 0
123 292 -1 0
264 394 -1 0
219 271 -1 0
267 132 -1 0
342 121 -1 0
224 117 -1 0
250 128 -1 0
316 370 -1 0
0 260 -1 0
49 364 -1 0
176 229 -1 0
237 42 -1 0
164 352 -1 0
313 32 -1 0
357 360 -1 0
168 361 -1 0
332 304 -1 0
143 395 -1 0
32 96 -1 0
326 342 -1 0
193 117 -1 0
332 171 -1 0
110 302 -1 0
142 390 -1 0
165 286 -1 0
364 38 -1 0
74 283 -1 0
156 58 -1 0
302 178 -1 0
145 166 -1 0
256 187 -1 0
52 285 -1 0
232 124 -1 0
327 230 -1 0
24 45 -1 0
311 120 -1 0
152 97 -1 0
193 69 -1 0
269 96 -1 0
60 351 -1 0
242 97 -1 0
388 366 -1 0
157 149 -1 0
137 44 -1 0
248 141 -1 0
205 263 -1 0
34 26 -1 0
243 96 -1 0
73 110 -1 0
13 197 -1 0
241 195 -1 0
92 25 -1 0
230 4 -1 0
291 321 -1 0
199 67 -1 0
191 235 -1 0
99 391 -1 0
396 21 -1 0
96 97 -1 0
117 286 -1 0
90 143 -1 0
51 220 -1 0
2 132 -1 0
17 43 -1 0
59 368 -1 0
96 364 -1 0
16 62 -1 0
180 98 -1 0
301 393 -1 0
163 229 -1 0
142 113 -1 0
253 322 -1 0
292 84 -1 0
209 63 -1 0
295 217 -1 0
198 203 -1 0
55 363 -1 0
43 53 -1 0
17 62 -1 0
36 330 -1 0
288 226 -1 0
191 378 -1 0
143 190 -1 0
54 310 -1 0
333 2 -1 0
120 379 -1 0
124 266 -1 0
379 95 -1 0
217 377 -1 0
318 324 -1 0
150 184 -1 0
206 154 -1 0
235 214 -1 0
26 221 -1 0
36 240 -1 0
216 131 -1 0
182 303 -1 0
136 396 -1 0
129 398 -1 0
355 192 -1 0
261 398 -1 0
80 96 -1 0
187 177 -1 0
59 156 -1 0
168 19 -1 0
333 192 -1 0
244 293 -1 0
213 122 -1 0
325 299 -1 0
133 159 -1 0
217 359 -1 0
83 397 -1 0
299 338 -1 0
23 101 -1 0
78 69 -1 0
238 345 -1 0
18 18 -1 0
380 158 -1 0
315 334 -1 0
326 146 -1 0
367 379 -1 0
58 99 -1 0
45 175 -1 0
333 168 -1 0
24 262 -1 0
349 15 -1 0
118 335 -1 0
336 154 -1 0
320 382 -1 0
62 103 -1 0
392 297 -1 0
237 36 -1 0
45 130 -1 0
82 337 -1 0
183 200 -1 0
245 237 -1 0
7 317 -1 0
265 315 -1 0
92 293 -1 0
324 304 -1 0
19 266 -1 0
311 12 -1 0
354 49 -1 0
346 260 -1 0
162 103 -1 0
349 34 -1 0
228 13 -1 0
316 304 -1 0
280 167 -1 0
246 388 -1 0
196 363 -1 0
110 35 -1 0
253 188 -1 0
125 364 -1 0
180 25 -1 0
135 115 -1 0
264 302 -1 0
155 318 -1 0
376 283 -1 0
245 303 -1 0
223 45 -1 0
345 162 -1 0
202 63 -1 0
287 351 -1 0
203 182 -1 0
226 332 -1 0
45 291 -1 0
334 302 -1 0
172 25 -1 0
109 306 -1 0
186 12 -1 0
256 117 -1 0
351 365 -1 0
381 205 -1 0
239 315 -1 0
288 193 -1 0
318 16 -1 0
40 364 -1 0
136 131 -1 0
159 387 -1 0
174 236 -1 0
332 299 -1 0
5 109 -1 0
235 75 -1 0
201 84 -1 0
170 9 -1 0
217 238 -1 0
223 33 -1 0
114 122 -1 0
258 122 -1 0
317 127 -1 0
316 126 -1 0
187 383 -1 0
23 144 -1 0
166 156 -1 0
244 141 -1 0
52 358 -1 0
66 72 -1 0
37 102 -1 0
194 104 -1 0
307 131 -1 0
108 12 -1 0
102 325 -1 0
180 102 -1 0
215 125 -1 0
345 89 -1 0
371 300 -1 0
196 40 -1 0
57 394 -1 0
319 14 -1 0
325 96 -1 0
386 98 -1 0
361 238 -1 0
345 363 -1 0
189 27 -1 0
113 5 -1 0
22 130 -1 0
198 242 -1 0
209 169 -1 0
221 66 -1 0
143 309 -1 0
285 206 -1 0
251 325 -1 0
193 200 -1 0
323 41 -1 0
369 60 -1 0
322 203 -1 0
307 127 -1 0
340 186 -1 0
107 388 -1 0
350 272 -1 0
325 283 -1 0
232 155 -1 0
244 282 -1 0
202 56 -1 0
245 239 -1 0
267 84 -1 0
150 367 -1 0
399 355 -1 0
302 318 -1 0
397 110 -1 0
367 48 -1 0
278 128 -1 0
151 296 -1 0
103 270 -1 0
88 89 -1 0
98 373 -1 0
148 46 -1 0
322 215 -1 0
230 189 -1 0
329 220 -1 0
233 14 -1 0
77 294 -1 0
83 128 -1 0
318 160 -1 0
256 353 -1 0
279 15 -1 0
4 80 -1 0
185 99 -1 0
45 224 -1 0
337 20 -1 0
357 335 -1 0
322 37 -1 0
77 135 -1 0
310 259 -1 0
19 177 -1 0
158 174 -1 0
25 285 -1 0
222 113 -1 0
218 130 -1 0
349 149 -1 0
370 132 -1 0
342 194 -1 0
238 98 -1 0
190 139 -1 0
318 268 -1 0
11 195 -1 0
342 67 -1 0
140 175 -1 0
364 270 -1 0
77 284 -1 0
366 74 -1 0
124 220 -1 0
256 146 -1 0
359 150 -1 0
251 11 -1 0
304 74 -1 0
319 112 -1 0
146 281 -1 0
316 69 -1 0
347 84 -1 0
132 382 -1 0
53 358 -1 0
280 205 -1 0
82 123 -1 0
369 145 -1 0
290 339 -1 0
15 337 -1 0
308 154 -1 0
242 104 -1 0
97 48 -1 0
18 169 -1 0
52 61 -1 0
375 398 -1 0
242 288 -1 0
2 194 -1 0
228 346 -1 0
352 96 -1 0
163 381 -1 0
142 380 -1 0
117 386 -1 0
22 193 -1 0
91 290 -1 0
2 365 -1 0
54 3 -1 0
248 158 -1 0
177 213 -1 0
380 33 -1 0
66 17 -1 0
337 193 -1 0
43 312 -1 0
200 99 -1 0
284 385 -1 0
304 370 -1 0
250 288 -1 0
144 19 -1 0
268 77 -1 0
4 49 -1 0
388 6 -1 0
350 180 -1 0
388 108 -1 0
398 382 -1 0
257 56 -1 0
14 183 -1 0
71 1 -1 0
103 121 -1 0
255 197 -1 0
129 332 -1 0
209 38 -1 0
390 170 -1 0
56 29 -1 0
30 6 -1 0
64 71 -1 0
248 386 -1 0
158 34 -1 0
361 125 -1 0
8 314 -1 0
376 54 -1 0
121 208 -1 0
7 213 -1 0
90 376 -1 0
286 167 -1 0
82 137 -1 0
342 15 -1 0
339 292 -1 0
65 384 -1 0
380 384 -1 0
302 364 -1 0
366 100 -1 0
27 251 -1 0
337 192 -1 0
297 311 -1 0
19 305 -1 0
257 106 -1 0
124 355 -1 0
349 302 -1 0
213 92 -1 0
229 237 -1 0
313 383 -1 0
135 8 -1 0
222 121 -1 0
299 369 -1 0
60 329 -1 0
397 309 -1 0
152 36 -1 0
221 37 -1 0
89 293 -1 0
303 157 -1 0
305 336 -1 0
52 129 -1 0
60 300 -1 0
343 198 -1 0
52 251 -1 0
70 8 -1 0
109 54 -1 0
10 234 -1 0
350 76 -1 0
288 205 -1 0
6 334 -1 0
200 141 -1 0
78 2 -1 0
128 320 -1 0
108 303 -1 0
234 147 -1 0
96 121 -1 0
342 172 -1 0
306 125 -1 0
396 92 -1 0
379 170 -1 0
64 5 -1 0
320 154 -1 0
279 40 -1 0
159 301 -1 0
139 259 -1 0
44 123 -1 0
389 139 -1 0
264 114 -1 0
165 243 -1 0
138 273 -1 0
0 12 -1 0
224 159 -1 0
296 104 -1 0
282 100 -1 0
361 201 -1 0
319 210 -1 0
324 396 -1 0
61 275 -1 0
24 166 -1 0
261 78 -1 0
144 52 -1 0
19 172 -1 0
141 107 -1 0
17 211 -1 0
298 17 -1 0
283 49 -1 0
70 274 -1 0
32 70 -1 0
79 57 -1 0
171 101 -1 0
23 53 -1 0
378 105 -1 0
195 187 -1 0
390 274 -1 0
169 348 -1 0
99 132 -1 0
167 43 -1 0
24 71 -1 0
35 259 -1 0
75 94 -1 0
347 373 -1 0
368 316 -1 0
202 168 -1 0
87 13 -1 0
230 332 -1 0
378 118 -1 0
43 201 -1 0
329 290 -1 0
278 333 -1 0
228 9 -1 0
210 125 -1 0
167 197 -1 0
329 106 -1 0
218 52 -1 0
106 299 -1 0
214 299 -1 0
137 181 -1 0
59 398 -1 0
277 26 -1 0
78 116 -1 0
116 127 -1 0
80 338 -1 0
351 268 -1 0
226 267 -1 0
49 33 -1 0
203 170 -1 0
171 56 -1 0
37 211 -1 0
320 386 -1 0
145 256 -1 0
175 276 -1 0
243 35 -1 0
254 96 -1 0
200 46 -1 0
36 364 -1 0
132 182 -1 0
165 245 -1 0
248 232 -1 0
228 90 -1 0
52 311 -1 0
8 336 -1 0
349 74 -1 0
289 141 -1 0
277 261 -1 0
386 338 -1 0
273 371 -1 0
264 80 -1 0
276 36 -1 0
390 291 -1 0
277 201 -1 0
34 370 -1 0
13 234 -1 0
136 176 -1 0
305 289 -1 0
116 82 -1 0
114 141 -1 0
205 65 -1 0
153 380 -1 0
115 138 -1 0
298 8 -1 0
246 291 -1 0
353 48 -1 0
77 380 -1 0
244 364 -1 0
5 117 -1 0
156 212 -1 0
285 196 -1 0
293 287 -1 0
11 180 -1 0
370 202 -1 0
22 335 -1 0
298 68 -1 0
153 290 -1 0
121 280 -1 0
47 28 -1 0
218 282 -1 0
54 294 -1 0
118 264 -1 0
226 57 -1 0
29 193 -1 0
245 224 -1 0
356 253 -1 0
160 156 -1 0
348 183 -1 0
289 243 -1 0
215 368 -1 0
154 243 -1 0
260 22 -1 0
159 335 -1 0
1 25 -1 0
118 29 -1 0
298 312 -1 0
343 214 -1 0
304 71 -1 0
296 380 -1 0
81 87 -1 0
180 356 -1 0
219 73 -1 0
223 380 -1 0
394 284 -1 0
358 302 -1 0
58 344 -1 0
207 4 -1 0
220 196 -1 0
289 373 -1 0
237 200 -1 0
247 363 -1 0
331 113 -1 0
278 6 -1 0
361 206 -1 0
142 365 -1 0
5 241 -1 0
194 75 -1 0
12 164 -1 0
363 363 -1 0
266 222 -1 0
377 325 -1 0
149 52 -1 0
94 66 -1 0
77 31 -1 0
77 155 -1 0
349 60 -1 0
170 172 -1 0
36 226 -1 0
333 83 -1 0
326 391 -1 0
381 15 -1 0
335 66 -1 0
29 92 -1 0
150 277 -1 0
318 238 -1 0
210 246 -1 0
149 181 -1 0
37 341 -1 0
218 38 -1 0
76 17 -1 0
289 283 -1 0
38 83 -1 0
311 320 -1 0
137 202 -1 0
33 308 -1 0
51 251 -1 0
356 241 -1 0
348 92 -1 0
219 256 -1 0
378 211 -1 0
213 165 -1 0
8 122 -1 0
365 6 -1 0
258 134 -1 0
254 283 -1 0
199 184 -1 0
33 132 -1 0
123 39 -1 0
94 17 -1 0
16 292 -1 0
64 84 -1 0
212 294 -1 0
353 134 -1 0
94 306 -1 0
157 182 -1 0
97 362 -1 0
244 112 -1 0
39 219 -1 0
325 189 -1 0
242 343 -1 0
131 374 -1 0
312 376 -1 0
20 237 -1 0
275 73 -1 0
280 288 -1 0
347 52 -1 0
139 263 -1 0
64 395 -1 0
23 76 -1 0
172 353 -1 0
110 56 -1 0
100 272 -1 0
266 214 -1 0
181 126 -1 0
356 355 -1 0
285 234 -1 0
396 66 -1 0
1 214 -1 0
52 4 -1 0
130 47 -1 0
333 351 -1 0
45 249 -1 0
386 317 -1 0
26 171 -1 0
372 26 -1 0
214 143 -1 0
41 167 -1 0
200 269 -1 0
374 167 -1 0
343 85 -1 0
154 240 -1 0
374 200 -1 0
117 58 -1 0
196 38 -1 0
104 335 -1 0
136 8 -1 0
59 8 -1 0
361 318 -1 0
133 229 -1 0
63 363 -1 0
243 20 -1 0
316 3 -1 0
145 24 -1 0
204 274 -1 0
71 103 -1 0
165 351 -1 0
267 261 -1 0
304 95 -1 0
161 66 -1 0
9 42 -1 0
275 118 -1 0
23 383 -1 0
374 7 -1 0
139 66 -1 0
299 216 -1 0
114 386 -1 0
299 301 -1 0
130 39 -1 0
197 85 -1 0
53 21 -1 0
286 168 -1 0
229 386 -1 0
388 335 -1 0
397 206 -1 0
322 70 -1 0
277 161 -1 0
119 396 -1 0
339 204 -1 0
29 124 -1 0
63 159 -1 0
61 125 -1 0
375 319 -1 0
385 297 -1 0
16 271 -1 0
86 153 -1 0
321 154 -1 0
235 253 -1 0
251 226 -1 0
399 194 -1 0
176 65 -1 0
340 219 -1 0
95 30 -1 0
305 213 -1 0
274 253 -1 0
160 120 -1 0
66 14 -1 0
231 393 -1 0
126 377 -1 0
193 316 -1 0
180 229 -1 0
355 356 -1 0
339 361 -1 0
207 386 -1 0
362 169 -1 0
295 386 -1 0
262 90 -1 0
359 165 -1 0
284 399 -1 0
315 113 -1 0
154 84 -1 0
165 329 -1 0
342 266 -1 0
172 205 -1 0
115 142 -1 0
203 76 -1 0
4 121 -1 0
397 366 -1 0
347 150 -1 0
245 339 -1 0
294 287 -1 0
259 254 -1 0
377 127 -1 0
247 204 -1 0
17 41 -1 0
214 388 -1 0
124 3 -1 0
303 389 -1 0
263 298 -1 0
287 229 -1 0
231 254 -1 0
266 98 -1 0
253 272 -1 0
0 94 -1 0
118 131 -1 0
274 107 -1 0
77 289 -1 0
24 84 -1 0
309 319 -1 0
312 391 -1 0
52 135 -1 0
327 335 -1 0
31 189 -1 0
269 300 -1 0
283 58 -1 0
306 192 -1 0
157 371 -1 0
350 356 -1 0
337 93 -1 0
237 86 -1 0
179 57 -1 0
8 302 -1 0
283 108 -1 0
304 154 -1 0
259 115 -1 0
311 255 -1 0
377 394 -1 0
189 122 -1 0
116 73 -1 0
162 249 -1 0
323 150 -1 0
332 62 -1 0
325 379 -1 0
63 370 -1 0
251 39 -1 0
369 57 -1 0
42 383 -1 0
387 397 -1 0
361 80 -1 0
28 12 -1 0
88 283 -1 0
92 292 -1 0
398 209 -1 0
266 305 -1 0
238 137 -1 0
248 162 -1 0
312 257 -1 0
85 0 -1 0
342 231 -1 0
295 35 -1 0
34 54 -1 0
178 81 -1 0
18 160 -1 0
367 67 -1 0
296 232 -1 0
299 170 -1 0
247 198 -1 0
58 378 -1 0
148 380 -1 0
256 178 -1 0
217 218 -1 0
331 189 -1 0
298 125 -1 0
379 362 -1 0
142 199 -1 0
229 184 -1 0
103 267 -1 0
301 199 -1 0
366 153 -1 0
392 26 -1 0
25 45 -1 0
322 293 -1 0
353 391 -1 0
243 238 -1 0
15 256 -1 0
238 205 -1 0
393 376 -1 0
22 189 -1 0
9 366 -1 0
138 365 -1 0
315 287 -1 0
187 246 -1 0
14 31 -1 0
187 192 -1 0
350 210 -1 0
229 180 -1 0
294 377 -1 0
175 302 -1 0
379 13 -1 0
151 213 -1 0
277 176 -1 0
193 328 -1 0
150 334 -1 0
13 89 -1 0
164 306 -1 0
350 295 -1 0
211 329 -1 0
318 393 -1 0
76 124 -1 0
207 83 -1 0
391 390 -1 0
227 32 -1 0
10 164 -1 0
253 153 -1 0
130 19 -1 0
42 169 -1 0
17 299 -1 0
328 27 -1 0
357 241 -1 0
382 272 -1 0
241 219 -1 0
318 269 -1 0
200 245 -1 0
138 277 -1 0
398 122 -1 0
296 50 -1 0
87 364 -1 0
41 248 -1 0
107 58 -1 0
165 242 -1 0
213 168 -1 0
190 247 -1 0
355 106 -1 0
48 217 -1 0
170 127 -1 0
351 108 -1 0
171 93 -1 0
316 223 -1 0
334 386 -1 0
331 110 -1 0
360 41 -1 0
255 358 -1 0
307 259 -1 0
219 275 -1 0
271 171 -1 0
152 81 -1 0
247 299 -1 0
234 115 -1 0
235 77 -1 0
106 304 -1 0
18 348 -1 0
83 29 -1 0
8 348 -1 0
243 338 -1 0
325 257 -1 0
176 274 -1 0
348 374 -1 0
23 124 -1 0
257 275 -1 0
93 333 -1 0
318 392 -1 0
121 393 -1 0
246 300 -1 0
274 57 -1 0
226 158 -1 0
381 97 -1 0
183 310 -1 0
61 316 -1 0
30 158 -1 0
307 63 -1 0
254 25 -1 0
204 178 -1 0
28 63 -1 0
13 130 -1 0
239 281 -1 0
211 169 -1 0
309 155 -1 0
271 284 -1 0
248 369 -1 0
313 202 -1 0
128 166 -1 0
290 254 -1 0
224 115 -1 0
141 348 -1 0
327 153 -1 0
204 251 -1 0
399 13 -1 0
347 307 -1 0
380 31 -1 0
395 228 -1 0
8 293 -1 0
293 327 -1 0
184 205 -1 0
323 49 -1 0
125 11 -1 0
332 27 -1 0
382 32 -1 0
336 388 -1 0
11 23 -1 0
318 26 -1 0
388 142 -1 0
55 45 -1 0
171 70 -1 0
329 33 -1 0
19 50 -1 0
236 79 -1 0
142 109 -1 0
226 63 -1 0
3 328 -1 0
336 124 -1 0
122 327 -1 0
138 363 -1 0
129 271 -1 0
82 356 -1 0
299 63 -1 0
126 382 -1 0
356 98 -1 0
2 53 -1 0
118 48 -1 0
167 228 -1 0
381 381 -1 0
156 131 -1 0
340 21 -1 0
388 321 -1 0
215 331 -1 0
263 350 -1 0
201 6 -1 0
301 75 -1 0
277 116 -1 0
266 255 -1 0
393 22 -1 0
217 170 -1 0
110 46 -1 0
158 182 -1 0
261 38 -1 0
27 207 -1 0
281 365 -1 0
212 296 -1 0
271 139 -1 0
241 253 -1 0
228 40 -1 0
305 283 -1 0
198 167 -1 0
73 377 -1 0
385 127 -1 0
87 10 -1 0
97 153 -1 0
298 86 -1 0
369 315 -1 0
147 92 -1 0
100 317 -1 0
327 309 -1 0
385 153 -1 0
388 206 -1 0
182 214 -1 0
71 81 -1 0
5 112 -1 0
337 349 -1 0
39 293 -1 0
140 297 -1 0
379 83 -1 0
269 342 -1 0
19 204 -1 0
342 96 -1 0
193 210 -1 0
291 298 -1 0
116 135 -1 0
52 19 -1 0
378 342 -1 0
88 372 -1 0
220 156 -1 0
23 149 -1 0
61 333 -1 0
246 11 -1 0
5 299 -1 0
54 342 -1 0
209 324 -1 0
382 130 -1 0
339 171 -1 0
303 20 -1 0
249 181 -1 0
281 396 -1 0
202 240 -1 0
264 221 -1 0
164 120 -1 0
222 284 -1 0
1 362 -1 0
314 82 -1 0
55 173 -1 0
77 9 -1 0
130 373 -1 0
328 328 -1 0
160 368 -1 0
174 263 -1 0
244 110 -1 0
350 240 -1 0
209 88 -1 0
271 126 -1 0
10 78 -1 0
199 306 -1 0
332 93 -1 0
127 113 -1 0
70 310 -1 0
51 349 -1 0
44 184 -1 0
162 385 -1 0
232 242 -1 0
383 143 -1 0
175 238 -1 0
54 313 -1 0
218 200 -1 0
332 106 -1 0
241 36 -1 0
58 346 -1 0
383 244 -1 0
38 155 -1 0
366 236 -1 0
112 35 -1 0
214 83 -1 0
376 387 -1 0
287 26 -1 0
206 181 -1 0
316 263 -1 0
344 254 -1 0
291 133 -1 0
166 132 -1 0
219 147 -1 0
16 387 -1 0
384 58 -1 0
39 362 -1 0
43 323 -1 0
148 288 -1 0
397 2 -1 0
77 378 -1 0
225 172 -1 0
394 315 -1 0
298 126 -1 0
367 70 -1 0
224 316 -1 0
206 203 -1 0
63 95 -1 0
211 271 -1 0
361 108 -1 0
366 293 -1 0
51 308 -1 0
325 92 -1 0
46 317 -1 0
147 360 -1 0
149 378 -1 0
350 312 -1 0
358 329 -1 0
254 148 -1 0
207 339 -1 0
55 398 -1 0
202 195 -1 0
224 195 -1 0
120 269 -1 0
200 194 -1 0
51 116 -1 0
266 89 -1 0
40 388 -1 0
134 44 -1 0
189 159 -1 0
119 108 -1 0
199 247 -1 0
313 298 -1 0
265 60 -1 0
223 325 -1 0
170 17 -1 0
27 297 -1 0
111 387 -1 0
209 205 -1 0
189 70 -1 0
282 346 -1 0
135 21 -1 0
398 166 -1 0
317 383 -1 0
365 290 -1 0
345 39 -1 0
393 369 -1 0
334 59 -1 0
264 310 -1 0
326 45 -1 0
109 48 -1 0
167 239 -1 0
326 302 -1 0
16 210 -1 0
249 246 -1 0
95 37 -1 0
27 115 -1 0
321 211 -1 0
104 343 -1 0
326 339 -1 0
6 19 -1 0
225 203 -1 0
268 85 -1 0
109 27 -1 0
43 336 -1 0
154 93 -1 0
39 337 -1 0
235 244 -1 0
35 362 -1 0
317 147 -1 0
151 79 -1 0
202 60 -1 0
194 311 -1 0
281 163 -1 0
201 255 -1 0
355 312 -1 0
378 60 -1 0
3 32 -1 0
86 13 -1 0
112 96 -1 0
94 150 -1 0
170 252 -1 0
201 335 -1 0
249 151 -1 0
225 84 -1 0
341 366 -1 0
126 151 -1 0
137 199 -1 0
28 372 -1 0
354 8 -1 0
329 50 -1 0
297 103 -1 0
349 95 -1 0
249 44 -1 0
72 103 -1 0
356 238 -1 0
52 100 -1 0
137 254 -1 0
398 318 -1 0
285 210 -1 0
190 358 -1 0
281 79 -1 0
198 316 -1 0
143 72 -1 0
377 108 -1 0
232 89 -1 0
29 177 -1 0
358 151 -1 0
311 69 -1 0
162 65 -1 0
198 75 -1 0
126 49 -1 0
19 179 -1 0
345 155 -1 0
324 36 -1 0
325 381 -1 0
362 300 -1 0
296 32 -1 0
236 291 -1 0
266 390 -1 0
223 92 -1 0
371 26 -1 0
181 364 -1 0
211 91 -1 0
338 151 -1 0
238 395 -1 0
17 155 -1 0
18 62 -1 0
368 386 -1 0
218 50 -1 0
285 276 -1 0
362 294 -1 0
339 256 -1 0
40 205 -1 0
126 341 -1 0
341 295 -1 0
28 184 -1 0
237 164 -1 0
152 154 -1 0
167 222 -1 0
241 73 -1 0
24 65 -1 0
39 71 -1 0
28 89 -1 0
355 139 -1 0
207 394 -1 0
56 298 -1 0
162 127 -1 0
325 148 -1 0
335 52 -1 0
210 33 -1 0
353 305 -1 0
328 321 -1 0
120 291 -1 0
326 201 -1 0
327 354 -1 0
127 78 -1 0
254 78 -1 0
220 14 -1 0
132 349 -1 0
69 391 -1 0
350 136 -1 0
205 225 -1 0
331 225 -1 0
248 1 -1 0
109 271 -1 0
94 80 -1 0
228 333 -1 0
135 331 -1 0
288 294 -1 0
186 142 -1 0
364 228 -1 0
207 307 -1 0
30 242 -1 0
2 309 -1 0
376 308 -1 0
116 95 -1 0
116 280 -1 0
183 163 -1 0
72 388 -1 0
146 162 -1 0
5 2 -1 0
259 99 -1 0
47 221 -1 0
40 380 -1 0
353 128 -1 0
9 104 -1 0
213 378 -1 0
240 88 -1 0
128 158 -1 0
242 323 -1 0
75 393 -1 0
296 271 -1 0
308 112 -1 0
299 52 -1 0
257 306 -1 0
333 360 -1 0
348 363 -1 0
280 99 -1 0
256 385 -1 0
276 322 -1 0
396 84 -1 0
35 66 -1 0
213 295 -1 0
115 72 -1 0
395 268 -1 0
105 273 -1 0
74 1 -1 0
17 331 -1 0
150 22 -1 0
301 151 -1 0
88 305 -1 0
173 374 -1 0
202 251 -1 0
330 21 -1 0
54 298 -1 0
209 73 -1 0
85 84 -1 0
385 63 -1 0
61 81 -1 0
246 111 -1 0
386 244 -1 0
30 219 -1 0
204 391 -1 0
331 129 -1 0
50 163 -1 0
206 370 -1 0
141 251 -1 0
162 241 -1 0
237 326 -1 0
397 100 -1 0
9 299 -1 0
127 151 -1 0
117 48 -1 0
170 118 -1 0
160 60 -1 0
46 352 -1 0
262 44 -1 0
288 345 -1 0
332 267 -1 0
262 391 -1 0
63 307 -1 0
112 336 -1 0
351 25 -1 0
251 315 -1 0
55 74 -1 0
335 84 -1 0
184 285 -1 0
375 40 -1 0
270 389 -1 0
27 332 -1 0
56 257 -1 0
379 216 -1 0
334 398 -1 0
138 224 -1 0
312 171 -1 0
196 153 -1 0
350 189 -1 0
373 190 -1 0
217 179 -1 0
153 183 -1 0
358 229 -1 0
382 5 -1 0
229 284 -1 0
231 30 -1 0
9 397 -1 0
5 176 -1 0
80 135 -1 0
35 315 -1 0
198 195 -1 0
96 359 -1 0
208 330 -1 0
60 352 -1 0
133 167 -1 0
254 244 -1 0
314 180 -1 0
101 393 -1 0
7 249 -1 0
257 343 -1 0
367 8 -1 0
193 257 -1 0
49 251 -1 0
258 192 -1 0
215 137 -1 0
134 367 -1 0
99 22 -1 0
184 304 -1 0
124 211 -1 0
376 88 -1 0
136 356 -1 0
67 139 -1 0
56 341 -1 0
72 114 -1 0
18 281 -1 0
148 166 -1 0
176 5 -1 0
132 49 -1 0
301 137 -1 0
327 102 -1 0
72 69 -1 0
115 118 -1 0
336 65 -1 0
81 300 -1 0
320 359 -1 0
323 90 -1 0
350 287 -1 0
309 147 -1 0
166 129 -1 0
398 178 -1 0
78 87 -1 0
189 66 -1 0
192 68 -1 0
0 136 -1 0
6 128 -1 0
299 90 -1 0
141 104 -1 0
62 326 -1 0
241 166 -1 0
211 170 -1 0
274 77 -1 0
38 324 -1 0
36 41 -1 0
325 298 -1 0
200 230 -1 0
286 311 -1 0
226 90 -1 0
39 185 -1 0
195 159 -1 0
144 26 -1 0
74 56 -1 0
253 282 -1 0
188 329 -1 0
133 216 -1 0
165 283 -1 0
392 47 -1 0
81 397 -1 0
95 116 -1 0
252 93 -1 0
32 103 -1 0
272 146 -1 0
231 55 -1 0
115 319 -1 0
374 183 -1 0
311 313 -1 0
339 134 -1 0
38 300 -1 0
18 66 -1 0
53 332 -1 0
337 283 -1 0
358 63 -1 0
239 303 -1 0
79 291 -1 0
282 349 -1 0
111 71 -1 0
332 206 -1 0
276 123 -1 0
337 109 -1 0
397 148 -1 0
211 74 -1 0
234 106 -1 0
90 58 -1 0
165 319 -1 0
134 377 -1 0
242 37 -1 0
299 41 -1 0
53 222 -1 0
313 102 -1 0
14 293 -1 0
85 354 -1 0
278 84 -1 0
252 298 -1 0
303 42 -1 0
263 250 -1 0
2 141 -1 0
353 74 -1 0
348 145 -1 0
182 49 -1 0
344 131 -1 0
347 297 -1 0
352 237 -1 0
105 81 -1 0
136 208 -1 0
274 175 -1 0
35 189 -1 0
249 294 -1 0
84 17 -1 0
145 196 -1 0
112 139 -1 0
49 323 -1 0
269 251 -1 0
204 160 -1 0
188 238 -1 0
352 139 -1 0
279 282 -1 0
50 379 -1 0
227 367 -1 0
292 269 -1 0
114 310 -1 0
350 265 -1 0
303 164 -1 0
50 131 -1 0
307 113 -1 0
227 252 -1 0
183 307 -1 0
316 339 -1 0
330 72 -1 0
215 255 -1 0
12 174 -1 0
325 161 -1 0
236 357 -1 0
285 311 -1 0
334 298 -1 0
351 259 -1 0
117 288 -1 0
392 326 -1 0
6 319 -1 0
302 22 -1 0
149 287 -1 0
318 182 -1 0
275 106 -1 0
44 355 -1 0
127 191 -1 0
343 179 -1 0
213 6 -1 0
17 387 -1 0
367 237 -1 0
70 19 -1 0
335 243 -1 0
180 255 -1 0
107 399 -1 0
398 85 -1 0
296 90 -1 0
303 235 -1 0
287 293 -1 0
83 25 -1 0
8 384 -1 0
57 159 -1 0
227 364 -1 0
351 183 -1 0
193 199 -1 0
261 187 -1 0
138 37 -1 0
61 392 -1 0
187 104 -1 0
232 165 -1 0
101 370 -1 0
206 197 -1 0
350 11 -1 0
239 202 -1 0
302 207 -1 0
299 192 -1 0
366 233 -1 0
194 40 -1 0
16 327 -1 0
357 70 -1 0
292 304 -1 0
100 370 -1 0
265 286 -1 0
285 63 -1 0
170 357 -1 0
92 289 -1 0
193 306 -1 0
107 86 -1 0
286 321 -1 0
299 164 -1 0
64 61 -1 0
120 270 -1 0
291 65 -1 0
29 262 -1 0
12 70 -1 0
8 121 -1 0
135 246 -1 0
391 68 -1 0
288 159 -1 0
398 211 -1 0
215 399 -1 0
279 307 -1 0
342 122 -1 0
301 142 -1 0
147 337 -1 0
284 373 -1 0
129 248 -1 0
26 166 -1 0
257 153 -1 0
102 85 -1 0
141 181 -1 0
72 34 -1 0
133 42 -1 0
114 131 -1 0
60 48 -1 0
369 374 -1 0
387 249 -1 0
385 342 -1 0
249 261 -1 0
351 246 -1 0
218 342 -1 0
394 318 -1 0
121 197 -1 0
73 76 -1 0
163 317 -1 0
217 250 -1 0
12 265 -1 0
255 210 -1 0
173 98 -1 0
88 361 -1 0
203 137 -1 0
342 224 -1 0
32 56 -1 0
257 73 -1 0
4 56 -1 0
360 23 -1 0
385 368 -1 0
389 57 -1 0
46 134 -1 0
215 18 -1 0
172 222 -1 0
84 89 -1 0
136 15 -1 0
276 385 -1 0
263 345 -1 0
85 370 -1 0
331 266 -1 0
376 200 -1 0
308 144 -1 0
220 82 -1 0
286 325 -1 0
64 385 -1 0
276 106 -1 0
276 77 -1 0
246 341 -1 0
184 59 -1 0
395 118 -1 0
111 13 -1 0
300 32 -1 0
218 244 -1 0
47 332 -1 0
71 368 -1 0
37 73 -1 0
323 169 -1 0
137 290 -1 0
102 311 -1 0
307 224 -1 0
93 29 -1 0
45 290 -1 0
353 33 -1 0
26 43 -1 0
319 147 -1 0
228 73 -1 0
204 136 -1 0
270 105 -1 0
341 145 -1 0
196 342 -1 0
192 174 -1 0
231 174 -1 0
149 186 -1 0
151 305 -1 0
383 282 -1 0
131 166 -1 0
301 383 -1 0
150 81 -1 0
97 356 -1 0
133 381 -1 0
237 213 -1 0
206 146 -1 0
236 214 -1 0
137 113 -1 0
126 317 -1 0
125 365 -1 0
370 47 -1 0
316 250 -1 0
21 373 -1 0
267 136 -1 0
334 334 -1 0
257 247 -1 0
135 385 -1 0
374 47 -1 0
104 330 -1 0
169 212 -1 0
53 284 -1 0
56 48 -1 0
139 344 -1 0
361 270 -1 0
241 35 -1 0
193 75 -1 0
4 381 -1 0
297 74 -1 0
6 108 -1 0
11 200 -1 0
202 71 -1 0
263 315 -1 0
124 117 -1 0
20 109 -1 0
273 382 -1 0
3 65 -1 0
334 23 -1 0
161 390 -1 0
189 169 -1 0
105 316 -1 0
5 150 -1 0
74 284 -1 0
226 224 -1 0
352 345 -1 0
276 362 -1 0
57 26 -1 0
293 209 -1 0
236 289 -1 0
329 58 -1 0
283 370 -1 0
39 332 -1 0
315 1 -1 0
237 22 -1 0
303 106 -1 0
151 44 -1 0
61 361 -1 0
62 333 -1 0
227 304 -1 0
130 370 -1 0
178 117 -1 0
15 17 -1 0
325 146 -1 0
365 357 -1 0
376 203 -1 0
391 113 -1 0
183 214 -1 0
176 283 -1 0
337 76 -1 0
103 15 -1 0
227 265 -1 0
391 378 -1 0
193 184 -1 0
56 392 -1 0
204 139 -1 0
263 209 -1 0
93 77 -1 0
224 13 -1 0
264 137 -1 0
163 163 -1 0
208 50 -1 0
202 162 -1 0
367 135 -1 0
156 254 -1 0
340 350 -1 0
13 346 -1 0
45 391 -1 0
314 261 -1 0
195 231 -1 0
199 30 -1 0
246 92 -1 0
384 384 -1 0
295 156 -1 0
185 322 -1 0
340 84 -1 0
399 152 -1 0
33 75 -1 0
295 374 -1 0
221 199 -1 0
229 36 -1 0
66 70 -1 0
5 130 -1 0
261 190 -1 0
82 71 -1 0
287 227 -1 0
300 52 -1 0
229 170 -1 0
389 80 -1 0
330 399 -1 0
24 204 -1 0
382 379 -1 0
372 176 -1 0
345 230 -1 0
59 15 -1 0
209 51 -1 0
258 247 -1 0
213 315 -1 0
137 142 -1 0
369 42 -1 0
315 268 -1 0
26 251 -1 0
294 61 -1 0
130 230 -1 0
239 277 -1 0
220 164 -1 0
335 177 -1 0
3 197 -1 0
163 203 -1 0
18 372 -1 0
23 9 -1 0
385 24 -1 0
95 347 -1 0
356 292 -1 0
147 396 -1 0
269 283 -1 0
187 107 -1 0
14 26 -1 0
166 333 -1 0
237 83 -1 0
73 317 -1 0
342 349 -1 0
296 44 -1 0
264 48 -1 0
327 157 -1 0
115 48 -1 0
327 139 -1 0
71 370 -1 0
322 160 -1 0
313 360 -1 0
248 242 -1 0
181 396 -1 0
10 388 -1 0
30 256 -1 0
160 223 -1 0
154 92 -1 0
385 185 -1 0
247 196 -1 0
138 323 -1 0
114 147 -1 0
84 38 -1 0
131 44 -1 0
210 141 -1 0
132 230 -1 0
300 348 -1 0
201 380 -1 0
337 236 -1 0
307 368 -1 0
363 70 -1 0
277 338 -1 0
103 340 -1 0
63 316 -1 0
23 381 -1 0
396 28 -1 0
303 381 -1 0
393 90 -1 0
268 210 -1 0
85 81 -1 0
280 192 -1 0
242 56 -1 0
304 309 -1 0
14 165 -1 0
280 60 -1 0
182 270 -1 0
75 102 -1 0
10 22 -1 0
281 223 -1 0
199 338 -1 0
8 141 -1 0
190 390 -1 0
16 349 -1 0
292 349 -1 0
6 125 -1 0
315 370 -1 0
91 314 -1 0
367 224 -1 0
27 2 -1 0
322 172 -1 0
346 178 -1 0
308 76 -1 0
265 192 -1 0
213 90 -1 0
1 339 -1 0
38 57 -1 0
368 297 -1 0
345 126 -1 0
12 10 -1 0
191 31 -1 0
261 222 -1 0
75 362 -1 0
349 273 -1 0
244 370 -1 0
228 14 -1 0
343 246 -1 0
298 1 -1 0
381 386 -1 0
1 230 -1 0
76 365 -1 0
67 366 -1 0
116 39 -1 0
157 148 -1 0
67 337 -1 0
140 374 -1 0
25 264 -1 0
351 19 -1 0
23 392 -1 0
111 269 -1 0
219 39 -1 0
170 238 -1 0
245 68 -1 0
223 367 -1 0
351 383 -1 0
192 329 -1 0
12 206 -1 0
135 97 -1 0
354 208 -1 0
218 302 -1 0
217 303 -1 0
279 222 -1 0
121 398 -1 0
50 81 -1 0
115 343 -1 0
53 147 -1 0
33 383 -1 0
120 290 -1 0
254 194 -1 0
318 62 -1 0
238 115 -1 0
315 35 -1 0
318 208 -1 0
68 143 -1 0
267 26 -1 0
298 130 -1 0
308 383 -1 0
114 121 -1 0
342 139 -1 0
365 218 -1 0
209 132 -1 0
17 265 -1 0
53 110 -1 0
54 177 -1 0
43 145 -1 0
23 225 -1 0
177 383 -1 0
182 172 -1 0
186 102 -1 0
211 124 -1 0
74 309 -1 0
26 148 -1 0
55 293 -1 0
258 369 -1 0
83 320 -1 0
151 367 -1 0
145 143 -1 0
113 254 -1 0
115 397 -1 0
315 163 -1 0
173 167 -1 0
229 154 -1 0
177 268 -1 0
265 135 -1 0
201 229 -1 0
331 234 -1 0
298 11 -1 0
189 344 -1 0
359 318 -1 0
26 39 -1 0
103 388 -1 0
33 73 -1 0
11 82 -1 0
182 121 -1 0
170 263 -1 0
175 48 -1 0
381 180 -1 0
317 232 -1 0
205 317 -1 0
150 150 -1 0
193 321 -1 0
10 144 -1 0
274 378 -1 0
52 384 -1 0
248 109 -1 0
236 191 -1 0
150 208 -1 0
317 193 -1 0
135 123 -1 0
30 387 -1 0
3 320 -1 0
176 64 -1 0
94 397 -1 0
339 321 -1 0
121 363 -1 0
137 229 -1 0
271 32 -1 0
300 375 -1 0
124 180 -1 0
221 122 -1 0
232 23 -1 0
325 151 -1 0
175 79 -1 0
285 16 -1 0
291 168 -1 0
377 393 -1 0
77 54 -1 0
42 206 -1 0
268 278 -1 0
13 327 -1 0
50 39 -1 0
96 302 -1 0
30 381 -1 0
146 339 -1 0
143 75 -1 0
59 46 -1 0
48 154 -1 0
178 248 -1 0
189 176 -1 0
254 43 -1 0
98 19 -1 0
255 40 -1 0
336 301 -1 0
310 37 -1 0
204 281 -1 0
254 368 -1 0
91 12 -1 0
4 353 -1 0
0 320 -1 0
288 77 -1 0
189 158 -1 0
182 244 -1 0
211 368 -1 0
82 100 -1 0
206 129 -1 0
94 135 -1 0
320 205 -1 0
366 20 -1 0
180 92 -1 0
208 136 -1 0
44 130 -1 0
99 121 -1 0
91 68 -1 0
168 342 -1 0
114 262 -1 0
389 50 -1 0
176 29 -1 0
263 66 -1 0
35 204 -1 0
35 160 -1 0
242 39 -1 0
134 78 -1 0
386 156 -1 0
210 37 -1 0
230 354 -1 0
11 81 -1 0
84 10 -1 0
325 273 -1 0
393 113 -1 0
395 73 -1 0
147 178 -1 0
185 233 -1 0
345 182 -1 0
177 81 -1 0
282 128 -1 0
206 22 -1 0
30 183 -1 0
383 370 -1 0
390 334 -1 0
311 183 -1 0
12 331 -1 0
394 180 -1 0
391 35 -1 0
333 353 -1 0
298 334 -1 0
36 65 -1 0
163 311 -1 0
13 260 -1 0
264 309 -1 0
181 355 -1 0
384 238 -1 0
141 80 -1 0
229 3 -1 0
161 0 -1 0
61 137 -1 0
5 25 -1 0
183 336 -1 0
284 272 -1 0
36 257 -1 0
257 223 -1 0
158 172 -1 0
60 119 -1 0
205 61 -1 0
195 204 -1 0
30 50 -1 0
191 102 -1 0
209 302 -1 0
356 145 -1 0
289 59 -1 0
160 222 -1 0
378 131 -1 0
319 329 -1 0
121 39 -1 0
316 303 -1 0
357 97 -1 0
215 158 -1 0
74 109 -1 0
202 98 -1 0
176 248 -1 0
174 188 -1 0
341 140 -1 0
242 240 -1 0
130 369 -1 0
290 18 -1 0
169 208 -1 0
25 10 -1 0
210 178 -1 0
352 285 -1 0
193 140 -1 0
227 330 -1 0
151 145 -1 0
268 217 -1 0
114 299 -1 0
295 224 -1 0
178 2 -1 0
21 295 -1 0
154 95 -1 0
184 109 -1 0
111 375 -1 0
135 264 -1 0
232 182 -1 0
242 83 -1 0
228 247 -1 0
327 72 -1 0
49 174 -1 0
152 347 -1 0
302 378 -1 0
115 386 -1 0
290 377 -1 0
92 348 -1 0
216 69 -1 0
316 148 -1 0
178 364 -1 0
258 171 -1 0
0 68 -1 0
122 263 -1 0
363 390 -1 0
384 51 -1 0
62 340 -1 0
368 391 -1 0
253 281 -1 0
367 150 -1 0
60 23 -1 0
231 328 -1 0
256 16 -1 0
162 66 -1 0
184 61 -1 0
306 66 -1 0
289 127 -1 0
225 32 -1 0
235 304 -1 0
14 45 -1 0
55 381 -1 0
189 301 -1 0
117 261 -1 0
369 78 -1 0
119 251 -1 0
7 83 -1 0
356 155 -1 0
138 139 -1 0
39 117 -1 0
317 178 -1 0
170 287 -1 0
11 301 -1 0
52 212 -1 0
240 196 -1 0
124 76 -1 0
327 301 -1 0
388 123 -1 0
207 97 -1 0
187 234 -1 0
128 296 -1 0
160 215 -1 0
170 149 -1 0
231 160 -1 0
54 35 -1 0
183 16 -1 0
67 327 -1 0
180 174 -1 0
151 212 -1 0
316 218 -1 0
265 328 -1 0
271 101 -1 0
375 342 -1 0
273 24 -1 0
253 55 -1 0
392 9 -1 0
257 63 -1 0
254 129 -1 0
272 328 -1 0
296 299 -1 0
325 262 -1 0
32 128 -1 0
79 13 -1 0
176 37 -1 0
126 310 -1 0
58 339 -1 0
57 166 -1 0
357 32 -1 0
78 0 -1 0
354 85 -1 0
2 20 -1 0
135 199 -1 0
232 25 -1 0
49 399 -1 0
392 209 -1 0
8 398 -1 0
66 58 -1 0
189 123 -1 0
163 36 -1 0
323 363 -1 0
368 349 -1 0
207 226 -1 0
210 54 -1 0
128 101 -1 0
87 355 -1 0
39 84 -1 0
325 190 -1 0
169 63 -1 0
202 320 -1 0
226 287 -1 0
236 300 -1 0
51 89 -1 0
335 121 -1 0
219 149 -1 0
353 157 -1 0
284 371 -1 0
15 328 -1 0
80 360 -1 0
68 332 -1 0
325 274 -1 0
101 315 -1 0
271 122 -1 0
357 133 -1 0
8 306 -1 0
69 271 -1 0
292 139 -1 0
194 19 -1 0
229 79 -1 0
69 161 -1 0
156 67 -1 0
166 177 -1 0
217 112 -1 0
253 120 -1 0
177 121 -1 0
392 386 -1 0
323 44 -1 0
275 292 -1 0
294 275 -1 0
31 36 -1 0
64 40 -1 0
127 202 -1 0
16 12 -1 0
250 395 -1 0
3 9 -1 0
333 392 -1 0
189 0 -1 0
33 263 -1 0
288 318 -1 0
341 276 -1 0
334 111 -1 0
44 195 -1 0
139 92 -1 0
214 218 -1 0
293 197 -1 0
286 160 -1 0
9 59 -1 0
337 66 -1 0
302 396 -1 0
163 332 -1 0
120 286 -1 0
157 42 -1 0
228 173 -1 0
264 267 -1 0
302 84 -1 0
101 352 -1 0
27 184 -1 0
233 102 -1 0
220 94 -1 0
235 316 -1 0
11 235 -1 0
123 52 -1 0
233 372 -1 0
159 26 -1 0
252 254 -1 0
261 388 -1 0
317 109 -1 0
197 370 -1 0
233 349 -1 0
368 248 -1 0
17 152 -1 0
191 160 -1 0
3 10 -1 0
146 58 -1 0
175 375 -1 0
4 73 -1 0
240 108 -1 0
171 395 -1 0
277 172 -1 0
349 147 -1 0
291 43 -1 0
345 43 -1 0
190 242 -1 0
166 310 -1 0
78 282 -1 0
177 52 -1 0
365 88 -1 0
2 335 -1 0
367 50 -1 0
86 319 -1 0
190 174 -1 0
175 127 -1 0
340 14 -1 0
338 2 -1 0
306 138 -1 0
232 63 -1 0
35 227 -1 0
56 343 -1 0
88 110 -1 0
106 326 -1 0
112 265 -1 0
392 82 -1 0
238 108 -1 0
180 155 -1 0
184 137 -1 0
374 233 -1 0
292 177 -1 0
301 97 -1 0
317 115 -1 0
281 109 -1 0
53 255 -1 0
361 259 -1 0
7 243 -1 0
36 91 -1 0
90 282 -1 0
164 175 -1 0
356 251 -1 0
54 186 -1 0
363 39 -1 0
13 306 -1 0
168 88 -1 0
329 306 -1 0
333 394 -1 0
146 299 -1 0
370 7 -1 0
323 387 -1 0
336 371 -1 0
265 336 -1 0
341 119 -1 0
86 367 -1 0
325 378 -1 0
388 362 -1 0
306 152 -1 0
13 397 -1 0
286 323 -1 0
284 126 -1 0
70 325 -1 0
229 254 -1 0
135 169 -1 0
178 190 -1 0
40 284 -1 0
36 215 -1 0
294 341 -1 0
82 122 -1 0
178 124 -1 0
298 340 -1 0
86 338 -1 0
333 371 -1 0
371 66 -1 0
318 169 -1 0
205 137 -1 0
357 244 -1 0
359 381 -1 0
309 348 -1 0
265 282 -1 0
296 151 -1 0
302 212 -1 0
324 8 -1 0
34 215 -1 0
312 276 -1 0
124 168 -1 0
240 151 -1 0
319 203 -1 0
46 387 -1 0
81 289 -1 0
227 121 -1 0
130 24 -1 0
274 251 -1 0
289 116 -1 0
307 96 -1 0
263 299 -1 0
343 244 -1 0
39 397 -1 0
134 378 -1 0
242 308 -1 0
369 282 -1 0
338 215 -1 0
13 214 -1 0
101 381 -1 0
331 76 -1 0
67 298 -1 0
78 362 -1 0
295 363 -1 0
214 272 -1 0
199 396 -1 0
223 107 -1 0
171 106 -1 0
240 52 -1 0
166 307 -1 0
154 104 -1 0
143 347 -1 0
31 49 -1 0
126 65 -1 0
289 269 -1 0
128 363 -1 0
235 93 -1 0
350 301 -1 0
151 343 -1 0
156 373 -1 0
35 312 -1 0
247 61 -1 0
20 75 -1 0
113 322 -1 0
358 123 -1 0
212 353 -1 0
199 7 -1 0
294 115 -1 0
283 267 -1 0
0 295 -1 0
254 264 -1 0
327 49 -1 0
246 269 -1 0
108 123 -1 0
321 34 -1 0
297 330 -1 0
294 47 -1 0
40 98 -1 0
41 168 -1 0
399 178 -1 0
350 154 -1 0
62 281 -1 0
365 129 -1 0
325 152 -1 0
19 261 -1 0
362 71 -1 0
59 159 -1 0
156 125 -1 0
28 361 -1 0
6 292 -1 0
32 199 -1 0
323 235 -1 0
0 290 -1 0
295 56 -1 0
122 223 -1 0
93 356 -1 0
395 152 -1 0
242 149 -1 0
47 297 -1 0
273 295 -1 0
10 139 -1 0
6 288 -1 0
181 376 -1 0
29 137 -1 0
318 114 -1 0
154 65 -1 0
231 266 -1 0
344 301 -1 0
163 209 -1 0
359 173 -1 0
110 393 -1 0
166 105 -1 0
144 301 -1 0
57 300 -1 0
235 355 -1 0
375 109 -1 0
210 172 -1 0
334 391 -1 0
111 15 -1 0
51 233 -1 0
384 337 -1 0
67 391 -1 0
2 274 -1 0
169 34 -1 0
108 67 -1 0
221 220 -1 0
33 130 -1 0
288 206 -1 0
189 377 -1 0
305 246 -1 0
350 182 -1 0
261 27 -1 0
194 240 -1 0
345 265 -1 0
243 266 -1 0
391 114 -1 0
267 177 -1 0
399 289 -1 0
205 292 -1 0
52 157 -1 0
61 121 -1 0
187 261 -1 0
319 366 -1 0
58 58 -1 0
64 149 -1 0
291 193 -1 0
334 254 -1 0
343 315 -1 0
330 57 -1 0
250 165 -1 0
393 48 -1 0
302 319 -1 0
181 176 -1 0
365 150 -1 0
224 23 -1 0
92 350 -1 0
256 106 -1 0
217 106 -1 0
394 393 -1 0
24 219 -1 0
350 0 -1 0
40 303 -1 0
311 257 -1 0
15 109 -1 0
166 167 -1 0
135 209 -1 0
235 367 -1 0
389 79 -1 0
189 80 -1 0
389 330 -1 0
72 318 -1 0
12 257 -1 0
374 301 -1 0
215 20 -1 0
292 250 -1 0
270 265 -1 0
202 318 -1 0
272 21 -1 0
4 130 -1 0
265 370 -1 0
10 19 -1 0
30 222 -1 0
251 129 -1 0
263 275 -1 0
178 366 -1 0
217 331 -1 0
20 58 -1 0
208 335 -1 0
40 181 -1 0
332 140 -1 0
187 298 -1 0
24 327 -1 0
238 327 -1 0
53 54 -1 0
106 392 -1 0
287 335 -1 0
41 71 -1 0
360 266 -1 0
283 209 -1 0
123 208 -1 0
29 152 -1 0
231 385 -1 0
216 179 -1 0
99 27 -1 0
155 244 -1 0
201 364 -1 0
43 122 -1 0
252 0 -1 0
20 365 -1 0
261 59 -1 0
70 45 -1 0
147 144 -1 0
165 11 -1 0
364 348 -1 0
62 96 -1 0
174 62 -1 0
355 78 -1 0
155 381 -1 0
395 219 -1 0
205 141 -1 0
50 62 -1 0
289 55 -1 0
356 378 -1 0
293 333 -1 0
52 187 -1 0
384 33 -1 0
215 378 -1 0
127 69 -1 0
292 47 -1 0
252 136 -1 0
17 50 -1 0
104 137 -1 0
362 165 -1 0
158 330 -1 0
345 211 -1 0
154 149 -1 0
312 208 -1 0
218 173 -1 0
13 191 -1 0
80 107 -1 0
153 203 -1 0
298 124 -1 0
56 312 -1 0
67 1 -1 0
68 354 -1 0
92 28 -1 0
376 373 -1 0
353 13 -1 0
102 61 -1 0
199 112 -1 0
397 92 -1 0
213 126 -1 0
146 94 -1 0
140 290 -1 0
155 209 -1 0
32 211 -1 0
362 128 -1 0
266 300 -1 0
42 349 -1 0
48 229 -1 0
112 340 -1 0
376 50 -1 0
273 286 -1 0
318 350 -1 0
71 93 -1 0
149 70 -1 0
312 172 -1 0
142 23 -1 0
49 157 -1 0
372 262 -1 0
77 68 -1 0
282 248 -1 0
184 338 -1 0
226 67 -1 0
203 100 -1 0
95 146 -1 0
57 38 -1 0
390 292 -1 0
134 357 -1 0
197 88 -1 0
337 45 -1 0
81 155 -1 0
240 374 -1 0
161 242 -1 0
232 78 -1 0
160 16 -1 0
130 310 -1 0
184 11 -1 0
256 305 -1 0
70 42 -1 0
334 153 -1 0
87 334 -1 0
28 141 -1 0
19 339 -1 0
195 112 -1 0
391 297 -1 0
80 296 -1 0
144 206 -1 0
305 233 -1 0
199 142 -1 0
237 340 -1 0
213 40 -1 0
368 60 -1 0
330 174 -1 0
96 96 -1 0
36 31 -1 0
328 62 -1 0
359 204 -1 0
270 214 -1 0
393 152 -1 0
161 248 -1 0
81 299 -1 0
114 338 -1 0
61 327 -1 0
342 36 -1 0
359 161 -1 0
219 219 -1 0
203 84 -1 0
285 115 -1 0
236 374 -1 0
147 52 -1 0
348 155 -1 0
118 27 -1 0
313 235 -1 0
22 379 -1 0
345 134 -1 0
89 390 -1 0
34 247 -1 0
25 391 -1 0
397 39 -1 0
220 359 -1 0
213 310 -1 0
391 397 -1 0
257 114 -1 0
219 307 -1 0
340 118 -1 0
16 112 -1 0
188 51 -1 0
380 95 -1 0
382 88 -1 0
29 42 -1 0
289 352 -1 0
201 193 -1 0
226 272 -1 0
338 263 -1 0
13 93 -1 0
206 381 -1 0
60 34 -1 0
29 187 -1 0
224 398 -1 0
68 17 -1 0
257 48 -1 0
248 98 -1 0
9 175 -1 0
129 181 -1 0
274 21 -1 0
204 205 -1 0
371 185 -1 0
247 70 -1 0
299 387 -1 0
329 76 -1 0
249 185 -1 0
291 105 -1 0
282 130 -1 0
317 351 -1 0
342 233 -1 0
125 303 -1 0
140 183 -1 0
243 37 -1 0
140 75 -1 0
244 92 -1 0
138 293 -1 0
357 379 -1 0
2 9 -1 0
26 129 -1 0
311 17 -1 0
24 277 -1 0
9 117 -1 0
369 61 -1 0
130 126 -1 0
339 49 -1 0
81 309 -1 0
337 149 -1 0
359 137 -1 0
51 397 -1 0
211 128 -1 0
322 74 -1 0
293 25 -1 0
364 180 -1 0
213 197 -1 0
206 372 -1 0
14 230 -1 0
326 241 -1 0
350 3 -1 0
228 155 -1 0
108 146 -1 0
206 232 -1 0
18 228 -1 0
366 244 -1 0
144 132 -1 0
140 121 -1 0
340 252 -1 0
24 150 -1 0
309 253 -1 0
146 354 -1 0
394 370 -1 0
155 290 -1 0
387 322 -1 0
167 143 -1 0
231 392 -1 0
93 389 -1 0
396 79 -1 0
319 8 -1 0
266 175 -1 0
255 299 -1 0
250 164 -1 0
292 77 -1 0
93 1 -1 0
391 37 -1 0
351 196 -1 0
150 320 -1 0
150 344 -1 0
16 346 -1 0
351 282 -1 0
259 360 -1 0
399 312 -1 0
314 39 -1 0
230 170 -1 0
213 227 -1 0
28 378 -1 0
255 314 -1 0
386 210 -1 0
372 294 -1 0
36 264 -1 0
383 298 -1 0
305 33 -1 0
157 203 -1 0
33 157 -1 0
69 144 -1 0
110 261 -1 0
378 350 -1 0
249 260 -1 0
338 295 -1 0
228 351 -1 0
382 181 -1 0
131 130 -1 0
277 80 -1 0
288 92 -1 0
391 363 -1 0
387 390 -1 0
237 343 -1 0
308 366 -1 0
361 75 -1 0
63 276 -1 0
350 67 -1 0
380 100 -1 0
249 382 -1 0
324 136 -1 0
328 56 -1 0
236 181 -1 0
180 276 -1 0
348 60 -1 0
105 150 -1 0
38 266 -1 0
117 355 -1 0
247 310 -1 0
314 35 -1 0
100 374 -1 0
79 155 -1 0
160 163 -1 0
327 204 -1 0
143 136 -1 0
276 319 -1 0
151 13 -1 0
297 4 -1 0
187 375 -1 0
143 202 -1 0
189 368 -1 0
245 159 -1 0
394 56 -1 0
0 391 -1 0
350 289 -1 0
161 305 -1 0
335 101 -1 0
54 226 -1 0
77 307 -1 0
395 292 -1 0
220 210 -1 0
203 274 -1 0
338 302 -1 0
293 150 -1 0
33 207 -1 0
14 220 -1 0
193 70 -1 0
392 245 -1 0
377 249 -1 0
207 96 -1 0
41 336 -1 0
147 349 -1 0
115 339 -1 0
1 88 -1 0
183 59 -1 0
149 239 -1 0
301 19 -1 0
364 6 -1 0
83 72 -1 0
25 335 -1 0
205 388 -1 0
316 268 -1 0
284 130 -1 0
65 112 -1 0
96 50 -1 0
319 238 -1 0
354 171 -1 0
89 19 -1 0
183 291 -1 0
384 103 -1 0
157 69 -1 0
367 250 -1 0
378 62 -1 0
43 212 -1 0
379 157 -1 0
357 351 -1 0
268 34 -1 0
134 358 -1 0
355 228 -1 0
119 48 -1 0
291 147 -1 0
166 234 -1 0
134 231 -1 0
321 394 -1 0
8 220 -1 0
124 6 -1 0
232 368 -1 0
210 1 -1 0
341 100 -1 0
127 394 -1 0
74 46 -1 0
10 199 -1 0
76 319 -1 0
329 65 -1 0
369 22 -1 0
261 280 -1 0
236 271 -1 0
280 54 -1 0
148 312 -1 0
387 47 -1 0
373 89 -1 0
228 238 -1 0
124 56 -1 0
249 355 -1 0
106 47 -1 0
287 120 -1 0
97 331 -1 0
395 297 -1 0
305 114 -1 0
154 286 -1 0
237 338 -1 0
358 292 -1 0
2 267 -1 0
397 62 -1 0
45 284 -1 0
98 7 -1 0
368 145 -1 0
356 131 -1 0
394 296 -1 0
142 11 -1 0
379 344 -1 0
293 29 -1 0
103 330 -1 0
367 120 -1 0
22 257 -1 0
245 157 -1 0
317 202 -1 0
145 82 -1 0
341 112 -1 0
278 241 -1 0
2 43 -1 0
46 321 -1 0
307 217 -1 0
86 121 -1 0
211 56 -1 0
173 326 -1 0
140 296 -1 0
256 137 -1 0
98 30 -1 0
292 391 -1 0
38 363 -1 0
354 242 -1 0
199 385 -1 0
141 175 -1 0
322 221 -1 0
268 366 -1 0
241 94 -1 0
323 96 -1 0
338 110 -1 0
231 342 -1 0
307 395 -1 0
60 311 -1 0
110 358 -1 0
386 61 -1 0
320 176 -1 0
357 249 -1 0
372 210 -1 0
315 341 -1 0
347 106 -1 0
322 1 -1 0
37 193 -1 0
119 340 -1 0
250 278 -1 0
387 236 -1 0
340 87 -1 0
207 227 -1 0
334 33 -1 0
5 92 -1 0
320 184 -1 0
177 250 -1 0
319 285 -1 0
51 42 -1 0
189 58 -1 0
365 11 -1 0
322 327 -1 0
285 71 -1 0
44 372 -1 0
210 3 -1 0
82 34 -1 0
304 366 -1 0
332 7 -1 0
252 52 -1 0
196 121 -1 0
16 18 -1 0
6 243 -1 0
119 57 -1 0
350 72 -1 0
337 287 -1 0
356 345 -1 0
47 178 -1 0
235 193 -1 0
199 18 -1 0
6 188 -1 0
78 371 -1 0
8 94 -1 0
385 125 -1 0
78 300 -1 0
373 86 -1 0
385 126 -1 0
11 277 -1 0
260 345 -1 0
326 186 -1 0
17 365 -1 0
142 92 -1 0
165 240 -1 0
332 122 -1 0
92 87 -1 0
65 99 -1 0
198 209 -1 0
106 337 -1 0
27 181 -1 0
71 314 -1 0
144 219 -1 0
1 165 -1 0
89 156 -1 0
351 126 -1 0
56 11 -1 0
54 191 -1 0
276 104 -1 0
271 199 -1 0
127 42 -1 0
187 0 -1 0
370 61 -1 0
203 345 -1 0
1 158 -1 0
276 42 -1 0
187 110 -1 0
253 0 -1 0
282 57 -1 0
297 158 -1 0
331 87 -1 0
56 150 -1 0
279 191 -1 0
30 115 -1 0
41 389 -1 0
346 78 -1 0
11 173 -1 0
336 282 -1 0
353 358 -1 0
23 23 -1 0
27 313 -1 0
194 146 -1 0
122 257 -1 0
207 42 -1 0
241 398 -1 0
166 19 -1 0
40 18 -1 0
34 119 -1 0
359 317 -1 0
149 203 -1 0
209 100 -1 0
290 175 -1 0
396 391 -1 0
386 24 -1 0
372 228 -1 0
301 93 -1 0
210 19 -1 0
260 15 -1 0
354 111 -1 0
98 39 -1 0
210 298 -1 0
221 382 -1 0
107 374 -1 0
262 13 -1 0
87 53 -1 0
329 165 -1 0
397 372 -1 0
319 201 -1 0
358 313 -1 0
354 380 -1 0
213 121 -1 0
283 264 -1 0
136 163 -1 0
330 38 -1 0
291 121 -1 0
196 224 -1 0
94 65 -1 0
226 70 -1 0
249 182 -1 0
392 316 -1 0
299 101 -1 0
318 360 -1 0
197 272 -1 0
118 327 -1 0
171 97 -1 0
283 273 -1 0
281 236 -1 0
370 395 -1 0
347 378 -1 0
155 185 -1 0
386 344 -1 0
136 168 -1 0
6 257 -1 0
229 315 -1 0
348 234 -1 0
273 318 -1 0
202 95 -1 0
37 224 -1 0
42 23 -1 0
380 107 -1 0
234 0 -1 0
31 350 -1 0
102 132 -1 0
97 59 -1 0
243 67 -1 0
365 122 -1 0
90 114 -1 0
398 91 -1 0
233 342 -1 0
43 114 -1 0
213 9 -1 0
388 264 -1 0
227 250 -1 0
222 237 -1 0
75 82 -1 0
318 299 -1 0
366 391 -1 0
227 209 -1 0
256 116 -1 0
145 363 -1 0
172 356 -1 0
5 124 -1 0
296 223 -1 0
245 89 -1 0
103 147 -1 0
310 358 -1 0
64 132 -1 0
185 108 -1 0
247 390 -1 0
294 214 -1 0
230 197 -1 0
201 303 -1 0
279 383 -1 0
204 382 -1 0
54 355 -1 0
182 160 -1 0
183 173 -1 0
347 130 -1 0
240 352 -1 0
380 256 -1 0
10 384 -1 0
390 174 -1 0
23 115 -1 0
294 6 -1 0
41 221 -1 0
0 77 -1 0
305 133 -1 0
242 25 -1 0
168 31 -1 0
119 139 -1 0
110 39 -1 0
90 51 -1 0
70 131 -1 0
306 194 -1 0
273 83 -1 0
328 365 -1 0
138 194 -1 0
238 149 -1 0
394 22 -1 0
253 239 -1 0
390 296 -1 0
33 284 -1 0
41 343 -1 0
84 397 -1 0
72 71 -1 0
184 230 -1 0
201 45 -1 0
67 52 -1 0
291 211 -1 0
218 155 -1 0
188 312 -1 0
1 113 -1 0
259 258 -1 0
272 397 -1 0
205 211 -1 0
294 324 -1 0
184 162 -1 0
200 290 -1 0
223 173 -1 0
153 130 -1 0
11 274 -1 0
136 32 -1 0
315 275 -1 0
214 71 -1 0
87 347 -1 0
372 354 -1 0
343 218 -1 0
320 104 -1 0
273 43 -1 0
148 151 -1 0
33 173 -1 0
203 237 -1 0
191 287 -1 0
1 114 -1 0
17 361 -1 0
114 342 -1 0
67 314 -1 0
290 132 -1 0
122 207 -1 0
32 342 -1 0
123 158 -1 0
254 90 -1 0
47 97 -1 0
281 272 -1 0
244 246 -1 0
174 358 -1 0
302 283 -1 0
29 153 -1 0
231 306 -1 0
116 11 -1 0
39 210 -1 0
2 275 -1 0
120 100 -1 0
347 202 -1 0
338 379 -1 0
286 1 -1 0
327 170 -1 0
62 344 -1 0
47 89 -1 0
252 251 -1 0
346 38 -1 0
183 89 -1 0
48 363 -1 0
270 18 -1 0
255 145 -1 0
134 322 -1 0
28 150 -1 0
361 298 -1 0
28 299 -1 0
391 346 -1 0
39 3 -1 0
396 311 -1 0
288 266 -1 0
372 288 -1 0
315 307 -1 0
116 274 -1 0
84 372 -1 0
274 41 -1 0
301 140 -1 0
230 18 -1 0
182 380 -1 0
70 142 -1 0
0 21 -1 0
41 14 -1 0
375 90 -1 0
263 330 -1 0
51 171 -1 0
247 369 -1 0
205 101 -1 0
334 322 -1 0
292 214 -1 0
268 221 -1 0
266 84 -1 0
143 32 -1 0
293 263 -1 0
261 319 -1 0
97 28 -1 0
8 157 -1 0
117 92 -1 0
379 389 -1 0
37 124 -1 0
200 180 -1 0
361 344 -1 0
347 392 -1 0
279 350 -1 0
270 191 -1 0
149 384 -1 0
176 313 -1 0
399 199 -1 0
249 15 -1 0
246 113 -1 0
105 47 -1 0
319 1 -1 0
82 132 -1 0
136 258 -1 0
7 303 -1 0
42 387 -1 0
331 296 -1 0
120 330 -1 0
391 109 -1 0
306 58 -1 0
218 392 -1 0
370 40 -1 0
366 386 -1 0
39 159 -1 0
241 265 -1 0
304 383 -1 0
260 220 -1 0
290 263 -1 0
141 169 -1 0
260 325 -1 0
137 296 -1 0
249 199 -1 0
217 43 -1 0
122 28 -1 0
254 347 -1 0
246 178 -1 0
111 315 -1 0
179 252 -1 0
174 384 -1 0
263 108 -1 0
356 291 -1 0
126 203 -1 0
236 361 -1 0
124 264 -1 0
177 307 -1 0
271 392 -1 0
50 186 -1 0
130 352 -1 0
20 251 -1 0
90 323 -1 0
224 391 -1 0
62 289 -1 0
373 256 -1 0
32 208 -1 0
69 285 -1 0
396 64 -1 0
44 106 -1 0
251 158 -1 0
316 2 -1 0
332 226 -1 0
169 241 -1 0
141 54 -1 0
151 117 -1 0
244 160 -1 0
377 172 -1 0
209 280 -1 0
342 370 -1 0
257 245 -1 0
189 9 -1 0
369 98 -1 0
53 73 -1 0
318 120 -1 0
137 129 -1 0
104 3 -1 0
302 67 -1 0
176 149 -1 0
292 255 -1 0
361 254 -1 0
8 367 -1 0
357 397 -1 0
54 152 -1 0
149 8 -1 0
29 40 -1 0
40 204 -1 0
299 210 -1 0
223 340 -1 0
356 195 -1 0
176 234 -1 0
7 130 -1 0
269 146 -1 0
178 341 -1 0
349 45 -1 0
148 236 -1 0
171 116 -1 0
34 364 -1 0
133 165 -1 0
264 198 -1 0
81 141 -1 0
51 342 -1 0
382 279 -1 0
119 310 -1 0
298 210 -1 0
239 188 -1 0
164 126 -1 0
105 339 -1 0
179 372 -1 0
87 129 -1 0
114 353 -1 0
221 214 -1 0
314 300 -1 0
388 139 -1 0
257 293 -1 0
74 22 -1 0
153 248 -1 0
55 308 -1 0
73 320 -1 0
183 272 -1 0
130 155 -1 0
269 263 -1 0
48 222 -1 0
292 258 -1 0
392 342 -1 0
384 338 -1 0
326 337 -1 0
16 93 -1 0
266 102 -1 0
47 32 -1 0
124 5 -1 0
207 193 -1 0
9 293 -1 0
4 236 -1 0
12 397 -1 0
8 192 -1 0
91 74 -1 0
210 111 -1 0
212 73 -1 0
367 88 -1 0
171 256 -1 0
20 17 -1 0
36 376 -1 0
102 363 -1 0
84 93 -1 0
36 69 -1 0
395 116 -1 0
215 57 -1 0
313 367 -1 0
259 182 -1 0
162 187 -1 0
257 166 -1 0
297 15 -1 0
126 305 -1 0
367 335 -1 0
228 30 -1 0
196 125 -1 0
370 149 -1 0
314 338 -1 0
24 173 -1 0
343 197 -1 0
31 54 -1 0
209 264 -1 0
33 395 -1 0
7 323 -1 0
128 337 -1 0
228 76 -1 0
42 222 -1 0
302 382 -1 0
257 394 -1 0
152 368 -1 0
110 336 -1 0
264 159 -1 0
147 63 -1 0
246 288 -1 0
218 62 -1 0
211 181 -1 0
383 207 -1 0
327 305 -1 0
341 79 -1 0
201 274 -1 0
39 4 -1 0
174 127 -1 0
124 260 -1 0
172 370 -1 0
59 148 -1 0
206 304 -1 0
123 286 -1 0
11 55 -1 0
214 279 -1 0
87 311 -1 0
314 118 -1 0
236 162 -1 0
319 311 -1 0
305 173 -1 0
50 397 -1 0
106 29 -1 0
393 382 -1 0
186 197 -1 0
161 139 -1 0
180 200 -1 0
286 45 -1 0
343 271 -1 0
273 242 -1 0
186 91 -1 0
273 58 -1 0
313 287 -1 0
86 142 -1 0
265 158 -1 0
36 344 -1 0
255 286 -1 0
348 332 -1 0
382 167 -1 0
243 5 -1 0
307 361 -1 0
241 300 -1 0
168 25 -1 0
370 119 -1 0
23 296 -1 0
38 66 -1 0
383 190 -1 0
264 127 -1 0
235 226 -1 0
85 107 -1 0
266 29 -1 0
92 21 -1 0
353 330 -1 0
227 338 -1 0
282 348 -1 0
213 27 -1 0
150 21 -1 0
107 44 -1 0
368 15 -1 0
387 193 -1 0
279 146 -1 0
329 336 -1 0
198 205 -1 0
61 120 -1 0
387 93 -1 0
198 322 -1 0
279 102 -1 0
351 205 -1 0
40 297 -1 0
160 198 -1 0
299 341 -1 0
327 368 -1 0
6 49 -1 0
232 355 -1 0
182 223 -1 0
151 298 -1 0
296 325 -1 0
211 202 -1 0
157 384 -1 0
330 137 -1 0
286 208 -1 0
368 253 -1 0
121 210 -1 0
286 165 -1 0
110 75 -1 0
45 219 -1 0
387 130 -1 0
315 317 -1 0
49 94 -1 0
339 120 -1 0
329 249 -1 0
141 265 -1 0
253 236 -1 0
180 263 -1 0
128 218 -1 0
61 285 -1 0
309 237 -1 0
336 226 -1 0
40 134 -1 0
359 229 -1 0
160 36 -1 0
89 86 -1 0
215 56 -1 0
380 184 -1 0
187 186 -1 0
8 160 -1 0
62 114 -1 0
313 13 -1 0
269 368 -1 0
72 121 -1 0
34 243 -1 0
41 237 -1 0
259 379 -1 0
74 83 -1 0
391 337 -1 0
101 156 -1 0
261 58 -1 0
165 157 -1 0
77 388 -1 0
302 257 -1 0
80 153 -1 0
172 247 -1 0
59 317 -1 0
58 164 -1 0
397 248 -1 0
191 116 -1 0
282 35 -1 0
119 106 -1 0
76 379 -1 0
104 51 -1 0
386 388 -1 0
229 45 -1 0
177 49 -1 0
0 185 -1 0
62 366 -1 0
183 154 -1 0
388 280 -1 0
243 200 -1 0
175 179 -1 0
299 56 -1 0
149 60 -1 0
179 376 -1 0
322 170 -1 0
9 264 -1 0
177 98 -1 0
155 284 -1 0
363 213 -1 0
234 232 -1 0
21 160 -1 0
84 115 -1 0
269 215 -1 0
219 378 -1 0
371 94 -1 0
195 55 -1 0
239 172 -1 0
384 229 -1 0
208 350 -1 0
245 258 -1 0
120 97 -1 0
259 316 -1 0
210 216 -1 0
388 177 -1 0
354 238 -1 0
231 391 -1 0
364 143 -1 0
70 70 -1 0
149 311 -1 0
28 35 -1 0
368 141 -1 0
79 66 -1 0
148 157 -1 0
73 288 -1 0
49 178 -1 0
375 354 -1 0
317 83 -1 0
77 16 -1 0
269 1 -1 0
332 249 -1 0
337 26 -1 0
336 20 -1 0
12 201 -1 0
293 247 -1 0
176 303 -1 0
278 391 -1 0
25 207 -1 0
133 288 -1 0
93 38 -1 0
217 103 -1 0
9 6 -1 0
329 73 -1 0
111 20 -1 0
318 297 -1 0
359 327 -1 0
143 59 -1 0
261 173 -1 0
144 342 -1 0
359 32 -1 0
350 255 -1 0
373 218 -1 0
340 301 -1 0
11 215 -1 0
364 198 -1 0
228 283 -1 0
311 47 -1 0
198 43 -1 0
69 77 -1 0
384 176 -1 0
142 15 -1 0
265 172 -1 0
144 337 -1 0
163 330 -1 0
348 283 -1 0
193 340 -1 0
69 312 -1 0
394 45 -1 0
290 371 -1 0
73 387 -1 0
87 323 -1 0
202 272 -1 0
356 21 -1 0
267 93 -1 0
303 341 -1 0
34 110 -1 0
99 91 -1 0
114 385 -1 0
173 323 -1 0
296 391 -1 0
147 245 -1 0
206 330 -1 0
304 19 -1 0
319 59 -1 0
30 2 -1 0
37 2 -1 0
333 13 -1 0
299 364 -1 0
58 267 -1 0
207 110 -1 0
86 365 -1 0
229 5 -1 0
329 75 -1 0
36 326 -1 0
4 314 -1 0
276 343 -1 0
285 54 -1 0
296 175 -1 0
52 92 -1 0
31 94 -1 0
37 11 -1 0
73 347 -1 0
15 360 -1 0
106 277 -1 0
240 34 -1 0
11 253 -1 0
256 264 -1 0
93 52 -1 0
42 271 -1 0
67 9 -1 0
42 399 -1 0
54 271 -1 0
286 40 -1 0
214 16 -1 0
22 337 -1 0
207 314 -1 0
250 108 -1 0
300 278 -1 0
100 353 -1 0
360 16 -1 0
136 398 -1 0
230 149 -1 0
125 42 -1 0
228 217 -1 0
320 315 -1 0
129 299 -1 0
113 368 -1 0
7 204 -1 0
211 115 -1 0
250 4 -1 0
326 170 -1 0
273 120 -1 0
40 178 -1 0
152 387 -1 0
8 113 -1 0
354 165 -1 0
280 332 -1 0
144 293 -1 0
133 176 -1 0
245 36 -1 0
283 4 -1 0
178 217 -1 0
162 279 -1 0
156 12 -1 0
201 237 -1 0
14 187 -1 0
263 46 -1 0
388 46 -1 0
34 259 -1 0
333 352 -1 0
139 342 -1 0
279 103 -1 0
136 45 -1 0
254 162 -1 0
352 380 -1 0
301 340 -1 0
219 291 -1 0
348 1 -1 0
181 394 -1 0
203 265 -1 0
16 144 -1 0
221 53 -1 0
268 187 -1 0
202 248 -1 0
199 315 -1 0
33 138 -1 0
59 375 -1 0
39 380 -1 0
166 221 -1 0
144 67 -1 0
55 296 -1 0
384 48 -1 0
286 146 -1 0
52 299 -1 0
352 168 -1 0
147 222 -1 0
66 375 -1 0
6 33 -1 0
226 56 -1 0
323 384 -1 0
131 60 -1 0
325 119 -1 0
143 120 -1 0
307 211 -1 0
162 139 -1 0
100 321 -1 0
222 103 -1 0
19 258 -1 0
297 308 -1 0
256 329 -1 0
298 360 -1 0
179 299 -1 0
286 127 -1 0
202 296 -1 0
232 273 -1 0
290 79 -1 0
109 313 -1 0
265 369 -1 0
180 160 -1 0
342 295 -1 0
11 268 -1 0
291 191 -1 0
230 33 -1 0
383 292 -1 0
332 44 -1 0
297 317 -1 0
335 45 -1 0
147 340 -1 0
147 373 -1 0
106 53 -1 0
279 242 -1 0
96 90 -1 0
231 193 -1 0
45 205 -1 0
339 322 -1 0
51 369 -1 0
132 309 -1 0
193 295 -1 0
196 207 -1 0
347 276 -1 0
268 181 -1 0
43 186 -1 0
175 230 -1 0
2 3 -1 0
365 226 -1 0
208 49 -1 0
233 65 -1 0
87 64 -1 0
32 250 -1 0
218 206 -1 0
157 36 -1 0
80 19 -1 0
194 238 -1 0
102 293 -1 0
8 97 -1 0
200 34 -1 0
39 379 -1 0
195 373 -1 0
126 321 -1 0
197 398 -1 0
214 316 -1 0
136 172 -1 0
13 240 -1 0
297 155 -1 0
215 323 -1 0
346 64 -1 0
17 384 -1 0
180 384 -1 0
247 52 -1 0
352 293 -1 0
107 375 -1 0
305 207 -1 0
142 32 -1 0
133 234 -1 0
308 294 -1 0
284 252 -1 0
167 36 -1 0
373 258 -1 0
177 249 -1 0
254 381 -1 0
236 50 -1 0
313 368 -1 0
195 346 -1 0
281 198 -1 0
379 282 -1 0
324 241 -1 0
207 77 -1 0
184 13 -1 0
124 298 -1 0
272 67 -1 0
144 110 -1 0
301 27 -1 0
230 257 -1 0
137 310 -1 0
36 212 -1 0
232 221 -1 0
378 324 -1 0
202 77 -1 0
383 265 -1 0
155 192 -1 0
348 341 -1 0
298 384 -1 0
191 213 -1 0
132 179 -1 0
308 125 -1 0
360 311 -1 0
227 188 -1 0
16 344 -1 0
341 367 -1 0
236 273 -1 0
124 380 -1 0
206 320 -1 0
287 113 -1 0
75 90 -1 0
212 279 -1 0
26 70 -1 0
143 145 -1 0
134 167 -1 0
180 125 -1 0
61 299 -1 0
141 140 -1 0
231 199 -1 0
313 140 -1 0
228 129 -1 0
37 89 -1 0
356 244 -1 0
322 159 -1 0
102 63 -1 0
47 187 -1 0
40 167 -1 0
217 53 -1 0
167 23 -1 0
32 102 -1 0
279 95 -1 0
210 260 -1 0
292 279 -1 0
212 147 -1 0
107 317 -1 0
163 180 -1 0
103 336 -1 0
163 345 -1 0
131 387 -1 0
303 203 -1 0
312 123 -1 0
311 213 -1 0
137 333 -1 0
220 51 -1 0
4 300 -1 0
127 315 -1 0
167 250 -1 0
310 261 -1 0
99 211 -1 1
99 230 -1 1
85 185 -1 1
81 210 -1 1
81 182 -1 1
88 220 -1 1
103 215 -1 1
100 216 -1 1
89 256 -1 1
102 179 -1 1
73 230 -1 1
75 196 -1 1
84 210 -1 1
83 189 -1 1
75 208 -1 1
100 222 -1 1
75 220 -1 1
77 213 -1 1
73 229 -1 1
94 189 -1 1
81 211 -1 1
83 213 -1 1
101 232 -1 1
81 180 -1 1
83 243 -1 1
83 198 -1 1
104 230 -1 1
88 249 -1 1
84 217 -1 1
104 212 -1 1
93 184 -1 1
94 216 -1 1
97 177 -1 1
83 255 -1 1
78 193 -1 1
89 217 -1 1
86 197 -1 1
98 232 -1 1
76 240 -1 1
83 196 -1 1
74 228 -1 1
83 227 -1 1
101 195 -1 1
96 195 -1 1
89 178 -1 1
74 212 -1 1
82 189 -1 1
93 222 -1 1
70 202 -1 1
87 187 -1 1
94 191 -1 1
81 221 -1 1
76 237 -1 1
79 199 -1 1
83 232 -1 1
93 207 -1 1
98 193 -1 1
74 237 -1 1
89 242 -1 1
73 224 -1 1
84 243 -1 1
84 257 -1 1
78 223 -1 1
102 185 -1 1
72 227 -1 1
74 232 -1 1
79 188 -1 1
80 191 -1 1
68 216 -1 1
93 189 -1 1
91 182 -1 1
80 247 -1 1
89 187 -1 1
103 180 -1 1
98 196 -1 1
87 186 -1 1
90 184 -1 1
88 248 -1 1
72 222 -1 1
70 214 -1 1
96 197 -1 1
101 231 -1 1
101 186 -1 1
81 198 -1 1
102 189 -1 1
82 187 -1 1
85 189 -1 1
76 213 -1 1
102 238 -1 1
104 181 -1 1
77 206 -1 1
80 188 -1 1
71 216 -1 1
81 229 -1 1
82 234 -1 1
94 212 -1 1
97 212 -1 1
88 231 -1 1
95 230 -1 1
78 235 -1 1
98 231 -1 1
78 210 -1 1
85 209 -1 1
99 225 -1 1
72 228 -1 1
89 180 -1 1
91 183 -1 1
87 207 -1 1
78 239 -1 1
92 201 -1 1
90 202 -1 1
102 224 -1 1
83 181 -1 1
88 176 -1 1
90 213 -1 1
77 187 -1 1
80 206 -1 1
79 207 -1 1
70 201 -1 1
82 226 -1 1
101 223 -1 1
96 179 -1 1
96 225 -1 1
74 231 -1 1
104 220 -1 1
89 226 -1 1
79 223 -1 1
86 178 -1 1
103 209 -1 1
99 196 -1 1
96 234 -1 1
83 239 -1 1
77 252 -1 1
69 213 -1 1
77 250 -1 1
96 181 -1 1
96 186 -1 1
84 174 -1 1
92 207 -1 1
83 190 -1 1
85 176 -1 1
104 183 -1 1
86 207 -1 1
100 201 -1 1
83 188 -1 1
90 198 -1 1
86 209 -1 1
85 210 -1 1
82 177 -1 1
94 249 -1 1
78 253 -1 1
75 232 -1 1
92 177 -1 1
96 222 -1 1
98 227 -1 1
97 222 -1 1
102 213 -1 1
75 207 -1 1
87 237 -1 1
91 223 -1 1
91 251 -1 1
86 227 -1 1
69 217 -1 1
75 219 -1 1
70 211 -1 1
76 209 -1 1
70 229 -1 1
93 201 -1 1
87 226 -1 1
70 210 -1 1
102 219 -1 1
79 206 -1 1
76 208 -1 1
100 198 -1 1
89 219 -1 1
78 176 -1 1
82 232 -1 1
81 219 -1 1
101 182 -1 1
97 227 -1 1
73 232 -1 1
72 209 -1 1
96 219 -1 1
78 211 -1 1
97 216 -1 1
92 206 -1 1
106 228 -1 1
99 182 -1 1
77 201 -1 1
95 214 -1 1
80 210 -1 1
87 210 -1 1
72 229 -1 1
99 240 -1 1
77 182 -1 1
104 223 -1 1
71 222 -1 1
86 208 -1 1
77 208 -1 1
92 248 -1 1
79 202 -1 1
88 214 -1 1
92 219 -1 1
76 182 -1 1
87 252 -1 1
94 234 -1 1
92 236 -1 1
97 199 -1 1
85 232 -1 1
106 184 -1 1
106 181 -1 1
94 198 -1 1
99 187 -1 1
94 224 -1 1
84 204 -1 1
89 181 -1 1
103 201 -1 1
95 231 -1 1
85 260 -1 1
70 228 -1 1
77 227 -1 1
91 235 -1 1
70 200 -1 1
77 220 -1 1
74 202 -1 1
95 203 -1 1
78 220 -1 1
74 204 -1 1
97 196 -1 1
77 192 -1 1
99 241 -1 1
98 233 -1 1
105 184 -1 1
85 263 -1 1
85 223 -1 1
99 231 -1 1
85 228 -1 1
104 188 -1 1
96 233 -1 1
73 213 -1 1
85 245 -1 1
92 188 -1 1
90 181 -1 1
90 234 -1 1
81 224 -1 1
94 199 -1 1
104 222 -1 1
98 223 -1 1
98 242 -1 1
86 216 -1 1
100 217 -1 1
92 243 -1 1
74 225 -1 1
95 213 -1 1
83 199 -1 1
93 239 -1 1
79 182 -1 1
74 216 -1 1
73 210 -1 1
88 234 -1 1
85 234 -1 1
77 209 -1 1
102 202 -1 1
79 225 -1 1
102 229 -1 1
88 222 -1 1
91 210 -1 1
101 233 -1 1
99 185 -1 1
76 193 -1 1
84 237 -1 1
88 195 -1 1
91 212 -1 1
86 205 -1 1
73 244 -1 1
92 220 -1 1
86 201 -1 1
89 183 -1 1
97 207 -1 1
71 234 -1 1
92 196 -1 1
81 256 -1 1
72 196 -1 1
96 249 -1 1
94 204 -1 1
91 209 -1 1
79 242 -1 1
94 236 -1 1
82 248 -1 1
81 203 -1 1
101 191 -1 1
97 234 -1 1
87 206 -1 1
86 229 -1 1
100 227 -1 1
78 251 -1 1
88 210 -1 1
85 220 -1 1
104 207 -1 1
94 225 -1 1
