4800 400 400
293 365 -1 0
112 118 -1 0
90 232 -1 0
394 63 -1 0
160 164 -1 0
255 377 -1 0
101 17 -1 0
345 138 -1 0
24 347 -1 0
247 392 -1 0
0 51 -1 0
178 92 -1 0
6 326 -1 0
284 125 -1 0
88 393 -1 0
283 161 -1 0
0 0 -1 0
275 187 -1 0
12 117 -1 0
252 188 -1 0
153 317 -1 0
235 4 -1 0
28 122 -1 0
248 139 -1 0
11 53 -1 0
267 307 -1 0
244 64 -1 0
311 218 -1 0
95 355 -1 0
126 373 -1 0
22 13 -1 0
39 6 -1 0
357 194 -1 0
55 267 -1 0
92 190 -1 0
67 243 -1 0
309 232 -1 0
211 234 -1 0
82 199 -1 0
255 239 -1 0
150 94 -1 0
239 325 -1 0
152 369 -1 0
307 352 -1 0
134 18 -1 0
329 356 -1 0
24 375 -1 0
354 55 -1 0
291 160 -1 0
151 356 -1 0
4 108 -1 0
66 237 -1 0
252 303 -1 0
99 136 -1 0
346 317 -1 0
65 209 -1 0
184 147 -1 0
164 60 -1 0
41 130 -1 0
253 79 -1 0
395 386 -1 0
80 203 -1 0
130 357 -1 0
366 83 -1 0
305 7 -1 0
393 53 -1 0
132 133 -1 0
179 328 -1 0
159 117 -1 0
61 86 -1 0
279 272 -1 0
326 35 -1 0
29 94 -1 0
87 44 -1 0
238 341 -1 0
158 155 -1 0
270 263 -1 0
102 171 -1 0
288 344 -1 0
315 244 -1 0
145 307 -1 0
43 197 -1 0
316 20 -1 0
263 365 -1 0
248 252 -1 0
352 366 -1 0
336 224 -1 0
297 19 -1 0
252 331 -1 0
251 102 -1 0
59 279 -1 0
289 325 -1 0
57 184 -1 0
262 370 -1 0
45 304 -1 0
344 263 -1 0
344 237 -1 0
217 12 -1 0
104 73 -1 0
244 184 -1 0
316 261 -1 0
61 322 -1 0
380 292 -1 0
160 78 -1 0
348 244 -1 0
300 204 -1 0
344 385 -1 0
135 193 -1 0
336 247 -1 0
379 345 -1 0
300 363 -1 0
251 360 -1 0
237 376 -1 0
345 18 -1 0
112 71 -1 0
364 148 -1 0
122 69 -1 0
359 373 -1 0
193 352 -1 0
104 229 -1 0
287 360 -1 0
15 41 -1 0
258 213 -1 0
399 315 -1 0
207 315 -1 0
53 304 -1 0
190 328 -1 0
385 141 -1 0
211 335 -1 0
333 320 -1 0
293 13 -1 0
115 125 -1 0
257 83 -1 0
65 39 -1 0
244 368 -1 0
389 86 -1 0
318 383 -1 0
34 187 -1 0
146 141 -1 0
165 368 -1 0
6 359 -1 0
115 138 -1 0
193 59 -1 0
196 71 -1 0
74 139 -1 0
386 52 -1 0
155 308 -1 0
263 18 -1 0
146 122 -1 0
155 136 -1 0
30 98 -1 0
204 192 -1 0
12 137 -1 0
244 282 -1 0
109 13 -1 0
322 338 -1 0
352 328 -1 0
117 165 -1 0
87 284 -1 0
167 125 -1 0
240 109 -1 0
247 221 -1 0
255 374 -1 0
231 222 -1 0
303 140 -1 0
97 325 -1 0
365 351 -1 0
134 287 -1 0
221 5 -1 0
125 394 -1 0
196 67 -1 0
388 221 -1 0
283 147 -1 0
196 33 -1 0
247 122 -1 0
44 262 -1 0
355 205 -1 0
56 342 -1 0
187 380 -1 0
152 195 -1 0
358 389 -1 0
77 101 -1 0
300 38 -1 0
195 37 -1 0
155 306 -1 0
103 228 -1 0
125 9 -1 0
54 199 -1 0
190 369 -1 0
345 236 -1 0
86 398 -1 0
206 311 -1 0
305 105 -1 0
275 244 -1 0
45 70 -1 0
66 281 -1 0
100 235 -1 0
397 251 -1 0
371 127 -1 0
350 218 -1 0
274 297 -1 0
357 217 -1 0
346 333 -1 0
317 149 -1 0
244 178 -1 0
73 18 -1 0
210 21 -1 0
367 212 -1 0
116 329 -1 0
146 178 -1 0
71 125 -1 0
353 199 -1 0
348 267 -1 0
0 75 -1 0
148 2 -1 0
172 59 -1 0
284 184 -1 0
172 388 -1 0
331 140 -1 0
119 297 -1 0
106 397 -1 0
393 161 -1 0
366 152 -1 0
106 255 -1 0
244 70 -1 0
378 219 -1 0
375 21 -1 0
149 373 -1 0
237 70 -1 0
317 270 -1 0
125 360 -1 0
200 119 -1 0
228 173 -1 0
164 390 -1 0
237 344 -1 0
218 280 -1 0
109 349 -1 0
269 325 -1 0
365 21 -1 0
376 297 -1 0
55 97 -1 0
33 240 -1 0
108 332 -1 0
81 268 -1 0
240 20 -1 0
173 25 -1 0
120 39 -1 0
339 283 -1 0
385 362 -1 0
165 352 -1 0
314 56 -1 0
371 35 -1 0
112 329 -1 0
137 301 -1 0
81 295 -1 0
152 73 -1 0
171 36 -1 0
361 45 -1 0
143 300 -1 0
398 363 -1 0
31 334 -1 0
389 24 -1 0
310 50 -1 0
231 195 -1 0
312 380 -1 0
295 87 -1 0
186 144 -1 0
307 39 -1 0
69 129 -1 0
226 180 -1 0
62 359 -1 0
89 199 -1 0
0 73 -1 0
218 154 -1 0
51 185 -1 0
8 380 -1 0
227 355 -1 0
302 263 -1 0
384 199 -1 0
88 364 -1 0
11 198 -1 0
102 122 -1 0
98 342 -1 0
102 110 -1 0
43 293 -1 0
209 206 -1 0
111 195 -1 0
267 91 -1 0
181 75 -1 0
187 317 -1 0
213 144 -1 0
256 349 -1 0
181 173 -1 0
61 296 -1 0
102 268 -1 0
189 312 -1 0
36 82 -1 0
27 224 -1 0
37 231 -1 0
86 206 -1 0
379 144 -1 0
378 45 -1 0
339 186 -1 0
103 70 -1 0
384 146 -1 0
207 95 -1 0
327 378 -1 0
109 386 -1 0
32 73 -1 0
247 223 -1 0
204 113 -1 0
21 4 -1 0
293 208 -1 0
76 133 -1 0
325 331 -1 0
245 297 -1 0
110 127 -1 0
54 222 -1 0
273 333 -1 0
258 26 -1 0
219 39 -1 0
12 294 -1 0
162 124 -1 0
257 16 -1 0
380 99 -1 0
325 384 -1 0
294 65 -1 0
84 300 -1 0
230 109 -1 0
208 17 -1 0
39 42 -1 0
78 3 -1 0
308 212 -1 0
339 55 -1 0
381 161 -1 0
36 88 -1 0
112 36 -1 0
40 333 -1 0
162 377 -1 0
127 269 -1 0
251 167 -1 0
246 49 -1 0
255 393 -1 0
318 226 -1 0
247 78 -1 0
72 342 -1 0
305 317 -1 0
244 55 -1 0
37 15 -1 0
156 135 -1 0
204 339 -1 0
15 93 -1 0
333 301 -1 0
120 113 -1 0
249 270 -1 0
98 121 -1 0
294 158 -1 0
394 395 -1 0
90 98 -1 0
163 193 -1 0
304 129 -1 0
388 135 -1 0
298 22 -1 0
103 155 -1 0
266 325 -1 0
268 97 -1 0
155 396 -1 0
220 265 -1 0
195 359 -1 0
17 256 -1 0
243 41 -1 0
206 347 -1 0
178 36 -1 0
397 396 -1 0
311 107 -1 0
78 19 -1 0
116 369 -1 0
357 326 -1 0
209 213 -1 0
276 55 -1 0
307 148 -1 0
263 385 -1 0
255 348 -1 0
292 185 -1 0
157 10 -1 0
147 181 -1 0
241 347 -1 0
345 313 -1 0
297 105 -1 0
52 158 -1 0
330 302 -1 0
237 203 -1 0
196 174 -1 0
29 87 -1 0
117 288 -1 0
174 335 -1 0
362 201 -1 0
353 20 -1 0
124 348 -1 0
325 8 -1 0
244 111 -1 0
397 32 -1 0
382 27 -1 0
295 328 -1 0
355 275 -1 0
306 338 -1 0
96 386 -1 0
254 24 -1 0
229 0 -1 0
92 283 -1 0
383 2 -1 0
352 106 -1 0
251 370 -1 0
57 285 -1 0
326 191 -1 0
261 25 -1 0
81 271 -1 0
79 63 -1 0
214 120 -1 0
262 25 -1 0
279 250 -1 0
270 211 -1 0
243 206 -1 0
54 137 -1 0
257 327 -1 0
368 340 -1 0
46 78 -1 0
299 267 -1 0
229 35 -1 0
388 158 -1 0
366 288 -1 0
170 51 -1 0
373 113 -1 0
218 325 -1 0
399 115 -1 0
322 139 -1 0
233 57 -1 0
54 217 -1 0
222 327 -1 0
324 184 -1 0
22 156 -1 0
64 214 -1 0
163 49 -1 0
210 73 -1 0
157 45 -1 0
220 77 -1 0
398 122 -1 0
274 384 -1 0
192 147 -1 0
203 97 -1 0
295 108 -1 0
317 29 -1 0
115 293 -1 0
269 149 -1 0
344 9 -1 0
343 24 -1 0
172 372 -1 0
38 12 -1 0
200 331 -1 0
370 359 -1 0
25 233 -1 0
82 184 -1 0
310 324 -1 0
113 301 -1 0
223 37 -1 0
313 64 -1 0
385 101 -1 0
281 106 -1 0
355 54 -1 0
280 130 -1 0
238 300 -1 0
30 67 -1 0
48 1 -1 0
317 142 -1 0
229 145 -1 0
91 29 -1 0
226 325 -1 0
36 388 -1 0
57 234 -1 0
52 352 -1 0
81 241 -1 0
65 225 -1 0
273 108 -1 0
20 160 -1 0
242 208 -1 0
269 193 -1 0
269 310 -1 0
206 120 -1 0
119 34 -1 0
363 161 -1 0
234 342 -1 0
175 180 -1 0
55 89 -1 0
37 175 -1 0
120 78 -1 0
44 298 -1 0
99 116 -1 0
5 371 -1 0
237 385 -1 0
33 286 -1 0
200 373 -1 0
321 1 -1 0
209 352 -1 0
11 16 -1 0
321 233 -1 0
287 285 -1 0
14 27 -1 0
269 14 -1 0
362 269 -1 0
24 111 -1 0
21 229 -1 0
87 114 -1 0
279 79 -1 0
372 230 -1 0
33 220 -1 0
129 276 -1 0
99 61 -1 0
269 379 -1 0
25 72 -1 0
215 108 -1 0
58 102 -1 0
74 74 -1 0
367 30 -1 0
231 301 -1 0
357 277 -1 0
194 348 -1 0
296 183 -1 0
300 34 -1 0
333 268 -1 0
354 75 -1 0
360 114 -1 0
130 274 -1 0
322 274 -1 0
357 125 -1 0
334 351 -1 0
341 69 -1 0
249 7 -1 0
20 156 -1 0
143 181 -1 0
243 248 -1 0
270 295 -1 0
96 338 -1 0
335 57 -1 0
126 80 -1 0
344 276 -1 0
0 207 -1 0
312 36 -1 0
211 13 -1 0
264 16 -1 0
197 341 -1 0
346 194 -1 0
247 331 -1 0
1 222 -1 0
141 297 -1 0
298 165 -1 0
358 231 -1 0
351 362 -1 0
234 239 -1 0
186 225 -1 0
251 341 -1 0
210 328 -1 0
230 283 -1 0
30 30 -1 0
224 188 -1 0
29 11 -1 0
35 296 -1 0
309 274 -1 0
3 47 -1 0
79 11 -1 0
205 209 -1 0
325 164 -1 0
185 34 -1 0
1 7 -1 0
104 170 -1 0
29 316 -1 0
101 385 -1 0
30 200 -1 0
394 271 -1 0
248 386 -1 0
157 159 -1 0
342 277 -1 0
324 21 -1 0
247 130 -1 0
226 313 -1 0
186 357 -1 0
282 356 -1 0
263 45 -1 0
362 193 -1 0
85 111 -1 0
267 377 -1 0
275 98 -1 0
261 220 -1 0
270 107 -1 0
299 140 -1 0
101 6 -1 0
365 304 -1 0
130 389 -1 0
139 198 -1 0
227 269 -1 0
125 128 -1 0
330 90 -1 0
81 144 -1 0
208 122 -1 0
288 238 -1 0
60 114 -1 0
120 97 -1 0
66 271 -1 0
70 73 -1 0
358 69 -1 0
153 143 -1 0
85 256 -1 0
230 94 -1 0
383 201 -1 0
21 137 -1 0
83 174 -1 0
210 22 -1 0
98 329 -1 0
121 110 -1 0
265 173 -1 0
236 199 -1 0
309 341 -1 0
345 136 -1 0
212 367 -1 0
384 118 -1 0
312 334 -1 0
283 50 -1 0
157 181 -1 0
137 344 -1 0
183 149 -1 0
373 294 -1 0
390 348 -1 0
278 371 -1 0
272 315 -1 0
375 34 -1 0
252 165 -1 0
6 252 -1 0
22 221 -1 0
391 125 -1 0
42 38 -1 0
68 251 -1 0
116 43 -1 0
160 14 -1 0
87 222 -1 0
382 24 -1 0
11 232 -1 0
110 275 -1 0
200 177 -1 0
236 397 -1 0
383 337 -1 0
243 352 -1 0
23 205 -1 0
251 70 -1 0
145 114 -1 0
265 154 -1 0
11 290 -1 0
61 168 -1 0
378 264 -1 0
399 131 -1 0
96 121 -1 0
387 116 -1 0
390 127 -1 0
356 370 -1 0
327 251 -1 0
245 398 -1 0
183 219 -1 0
151 42 -1 0
241 352 -1 0
247 32 -1 0
17 361 -1 0
226 361 -1 0
276 304 -1 0
117 179 -1 0
238 95 -1 0
22 343 -1 0
355 116 -1 0
101 169 -1 0
317 301 -1 0
143 390 -1 0
358 282 -1 0
285 38 -1 0
374 278 -1 0
38 58 -1 0
30 175 -1 0
217 164 -1 0
204 182 -1 0
98 281 -1 0
380 123 -1 0
334 220 -1 0
333 44 -1 0
67 120 -1 0
356 96 -1 0
53 69 -1 0
74 96 -1 0
140 351 -1 0
45 97 -1 0
35 367 -1 0
256 148 -1 0
47 44 -1 0
362 140 -1 0
296 255 -1 0
381 25 -1 0
49 96 -1 0
251 109 -1 0
174 190 -1 0
68 189 -1 0
41 25 -1 0
221 4 -1 0
30 322 -1 0
63 67 -1 0
229 225 -1 0
99 391 -1 0
351 21 -1 0
300 96 -1 0
310 282 -1 0
201 142 -1 0
210 210 -1 0
135 131 -1 0
330 42 -1 0
104 368 -1 0
149 364 -1 0
291 61 -1 0
381 97 -1 0
277 117 -1 0
104 219 -1 0
313 112 -1 0
390 322 -1 0
121 84 -1 0
81 63 -1 0
61 208 -1 0
302 195 -1 0
110 363 -1 0
335 52 -1 0
292 61 -1 0
158 330 -1 0
303 216 -1 0
215 378 -1 0
297 184 -1 0
173 310 -1 0
328 2 -1 0
143 379 -1 0
350 258 -1 0
186 95 -1 0
244 377 -1 0
51 325 -1 0
292 179 -1 0
294 153 -1 0
100 205 -1 0
115 211 -1 0
198 230 -1 0
350 130 -1 0
37 303 -1 0
181 56 -1 0
193 18 -1 0
377 186 -1 0
105 139 -1 0
286 95 -1 0
379 173 -1 0
144 155 -1 0
129 19 -1 0
355 186 -1 0
265 291 -1 0
366 121 -1 0
374 298 -1 0
170 158 -1 0
280 359 -1 0
58 351 -1 0
3 339 -1 0
219 100 -1 0
339 68 -1 0
329 345 -1 0
382 17 -1 0
45 158 -1 0
27 335 -1 0
30 146 -1 0
389 379 -1 0
258 98 -1 0
26 172 -1 0
286 166 -1 0
29 254 -1 0
317 15 -1 0
230 335 -1 0
23 154 -1 0
336 382 -1 0
254 102 -1 0
327 296 -1 0
164 36 -1 0
183 129 -1 0
189 337 -1 0
85 193 -1 0
306 227 -1 0
156 317 -1 0
17 316 -1 0
46 291 -1 0
269 304 -1 0
282 258 -1 0
285 12 -1 0
253 49 -1 0
311 252 -1 0
353 102 -1 0
279 34 -1 0
201 13 -1 0
261 304 -1 0
293 165 -1 0
251 388 -1 0
251 363 -1 0
38 35 -1 0
136 183 -1 0
178 364 -1 0
129 25 -1 0
303 114 -1 0
70 302 -1 0
301 318 -1 0
350 279 -1 0
351 393 -1 0
131 45 -1 0
239 161 -1 0
74 63 -1 0
366 351 -1 0
75 178 -1 0
343 332 -1 0
267 288 -1 0
140 302 -1 0
120 25 -1 0
92 306 -1 0
160 12 -1 0
19 117 -1 0
1 366 -1 0
352 197 -1 0
391 315 -1 0
244 187 -1 0
284 16 -1 0
94 364 -1 0
271 130 -1 0
166 387 -1 0
223 226 -1 0
381 298 -1 0
185 108 -1 0
83 75 -1 0
31 84 -1 0
151 9 -1 0
290 228 -1 0
156 33 -1 0
268 121 -1 0
10 122 -1 0
59 127 -1 0
61 126 -1 0
202 383 -1 0
229 399 -1 0
251 155 -1 0
359 140 -1 0
118 358 -1 0
320 71 -1 0
381 399 -1 0
384 103 -1 0
41 131 -1 0
84 12 -1 0
235 325 -1 0
374 101 -1 0
362 124 -1 0
164 89 -1 0
74 300 -1 0
114 40 -1 0
142 370 -1 0
289 14 -1 0
130 96 -1 0
187 98 -1 0
34 229 -1 0
399 363 -1 0
134 27 -1 0
102 5 -1 0
160 129 -1 0
328 232 -1 0
103 167 -1 0
87 66 -1 0
264 309 -1 0
190 198 -1 0
383 325 -1 0
94 193 -1 0
239 41 -1 0
246 60 -1 0
25 196 -1 0
50 127 -1 0
352 181 -1 0
113 388 -1 0
243 266 -1 0
300 279 -1 0
318 154 -1 0
70 278 -1 0
88 56 -1 0
331 229 -1 0
96 84 -1 0
197 367 -1 0
70 356 -1 0
48 319 -1 0
173 110 -1 0
268 48 -1 0
19 128 -1 0
365 294 -1 0
213 263 -1 0
308 88 -1 0
133 373 -1 0
55 46 -1 0
188 206 -1 0
49 184 -1 0
19 211 -1 0
204 14 -1 0
98 292 -1 0
224 127 -1 0
314 159 -1 0
332 353 -1 0
247 15 -1 0
242 79 -1 0
385 98 -1 0
387 397 -1 0
101 399 -1 0
68 336 -1 0
246 37 -1 0
205 134 -1 0
238 251 -1 0
274 173 -1 0
141 171 -1 0
72 281 -1 0
394 112 -1 0
355 129 -1 0
47 149 -1 0
102 132 -1 0
234 188 -1 0
39 98 -1 0
309 138 -1 0
325 261 -1 0
303 188 -1 0
205 67 -1 0
60 172 -1 0
73 264 -1 0
51 280 -1 0
215 74 -1 0
215 210 -1 0
361 145 -1 0
55 150 -1 0
227 11 -1 0
153 74 -1 0
92 112 -1 0
298 276 -1 0
176 69 -1 0
176 84 -1 0
149 382 -1 0
120 358 -1 0
252 197 -1 0
234 122 -1 0
75 145 -1 0
394 339 -1 0
124 337 -1 0
396 153 -1 0
31 104 -1 0
0 48 -1 0
371 166 -1 0
329 60 -1 0
333 338 -1 0
253 285 -1 0
359 187 -1 0
317 346 -1 0
157 96 -1 0
182 381 -1 0
164 380 -1 0
127 386 -1 0
44 187 -1 0
245 287 -1 0
55 365 -1 0
48 3 -1 0
313 157 -1 0
82 204 -1 0
312 33 -1 0
31 17 -1 0
294 187 -1 0
202 312 -1 0
0 99 -1 0
295 385 -1 0
346 370 -1 0
261 285 -1 0
105 19 -1 0
112 77 -1 0
305 48 -1 0
374 6 -1 0
350 176 -1 0
168 108 -1 0
15 383 -1 0
142 56 -1 0
286 178 -1 0
69 1 -1 0
259 120 -1 0
352 190 -1 0
248 332 -1 0
132 38 -1 0
222 168 -1 0
397 28 -1 0
18 6 -1 0
320 70 -1 0
257 386 -1 0
89 34 -1 0
107 125 -1 0
164 314 -1 0
265 54 -1 0
292 199 -1 0
381 203 -1 0
121 376 -1 0
300 165 -1 0
205 136 -1 0
310 15 -1 0
295 290 -1 0
79 384 -1 0
393 384 -1 0
356 364 -1 0
163 100 -1 0
389 241 -1 0
360 186 -1 0
57 312 -1 0
363 304 -1 0
42 106 -1 0
197 355 -1 0
156 302 -1 0
27 92 -1 0
3 398 -1 0
328 383 -1 0
118 8 -1 0
378 120 -1 0
342 369 -1 0
185 329 -1 0
117 310 -1 0
78 36 -1 0
146 37 -1 0
44 291 -1 0
385 156 -1 0
15 337 -1 0
192 128 -1 0
110 299 -1 0
375 191 -1 0
334 391 -1 0
53 8 -1 0
0 54 -1 0
32 224 -1 0
196 76 -1 0
260 197 -1 0
121 334 -1 0
315 140 -1 0
73 2 -1 0
271 320 -1 0
364 302 -1 0
337 146 -1 0
252 120 -1 0
50 170 -1 0
53 125 -1 0
209 92 -1 0
211 168 -1 0
53 5 -1 0
8 154 -1 0
197 40 -1 0
317 300 -1 0
384 250 -1 0
197 122 -1 0
107 139 -1 0
33 114 -1 0
311 233 -1 0
5 267 -1 0
376 11 -1 0
262 158 -1 0
85 104 -1 0
79 100 -1 0
197 194 -1 0
381 201 -1 0
169 154 -1 0
63 269 -1 0
154 164 -1 0
102 78 -1 0
39 52 -1 0
189 169 -1 0
325 106 -1 0
78 202 -1 0
262 17 -1 0
183 49 -1 0
17 268 -1 0
291 69 -1 0
363 56 -1 0
367 100 -1 0
316 52 -1 0
165 105 -1 0
144 182 -1 0
392 268 -1 0
256 348 -1 0
233 131 -1 0
79 43 -1 0
281 70 -1 0
325 250 -1 0
285 93 -1 0
382 373 -1 0
118 317 -1 0
156 166 -1 0
60 13 -1 0
349 332 -1 0
138 118 -1 0
344 193 -1 0
82 288 -1 0
394 333 -1 0
209 9 -1 0
358 124 -1 0
265 190 -1 0
114 106 -1 0
113 52 -1 0
100 298 -1 0
265 298 -1 0
74 177 -1 0
305 154 -1 0
223 26 -1 0
244 115 -1 0
260 126 -1 0
187 338 -1 0
358 261 -1 0
102 260 -1 0
382 32 -1 0
36 168 -1 0
57 56 -1 0
98 202 -1 0
329 386 -1 0
284 247 -1 0
292 270 -1 0
171 35 -1 0
59 96 -1 0
107 46 -1 0
92 364 -1 0
5 178 -1 0
345 235 -1 0
264 222 -1 0
46 90 -1 0
214 311 -1 0
120 336 -1 0
198 74 -1 0
4 141 -1 0
284 253 -1 0
92 339 -1 0
313 371 -1 0
102 80 -1 0
202 36 -1 0
280 289 -1 0
113 194 -1 0
78 370 -1 0
35 224 -1 0
394 172 -1 0
388 286 -1 0
350 81 -1 0
230 140 -1 0
73 65 -1 0
176 380 -1 0
236 137 -1 0
280 8 -1 0
68 289 -1 0
254 48 -1 0
100 380 -1 0
298 364 -1 0
170 116 -1 0
263 395 -1 0
48 190 -1 0
233 284 -1 0
76 176 -1 0
140 195 -1 0
136 335 -1 0
159 68 -1 0
307 287 -1 0
121 275 -1 0
390 27 -1 0
46 278 -1 0
75 292 -1 0
254 256 -1 0
110 57 -1 0
52 187 -1 0
275 214 -1 0
399 244 -1 0
245 155 -1 0
156 179 -1 0
34 234 -1 0
262 368 -1 0
300 233 -1 0
214 22 -1 0
272 335 -1 0
351 24 -1 0
59 29 -1 0
57 313 -1 0
242 205 -1 0
159 71 -1 0
318 380 -1 0
305 86 -1 0
251 356 -1 0
71 73 -1 0
246 380 -1 0
42 281 -1 0
215 302 -1 0
154 344 -1 0
198 4 -1 0
383 189 -1 0
81 394 -1 0
139 193 -1 0
304 363 -1 0
102 113 -1 0
264 6 -1 0
266 198 -1 0
195 365 -1 0
105 231 -1 0
43 75 -1 0
253 162 -1 0
19 364 -1 0
320 212 -1 0
110 326 -1 0
44 52 -1 0
361 65 -1 0
15 31 -1 0
165 154 -1 0
226 60 -1 0
279 169 -1 0
57 216 -1 0
164 83 -1 0
326 391 -1 0
349 15 -1 0
200 66 -1 0
244 91 -1 0
329 271 -1 0
392 228 -1 0
8 237 -1 0
87 177 -1 0
139 341 -1 0
140 38 -1 0
41 17 -1 0
265 279 -1 0
271 82 -1 0
54 321 -1 0
309 194 -1 0
92 308 -1 0
282 393 -1 0
71 232 -1 0
161 92 -1 0
358 247 -1 0
395 202 -1 0
344 163 -1 0
163 121 -1 0
351 6 -1 0
387 133 -1 0
231 279 -1 0
343 179 -1 0
167 131 -1 0
44 39 -1 0
60 17 -1 0
307 289 -1 0
294 83 -1 0
300 292 -1 0
82 134 -1 0
79 306 -1 0
30 178 -1 0
157 362 -1 0
18 112 -1 0
223 209 -1 0
144 184 -1 0
339 343 -1 0
166 374 -1 0
342 376 -1 0
69 227 -1 0
127 73 -1 0
292 285 -1 0
241 52 -1 0
233 255 -1 0
147 320 -1 0
270 75 -1 0
249 353 -1 0
397 55 -1 0
314 265 -1 0
166 205 -1 0
326 125 -1 0
29 356 -1 0
316 224 -1 0
262 66 -1 0
335 204 -1 0
44 4 -1 0
35 47 -1 0
14 352 -1 0
362 239 -1 0
135 318 -1 0
259 168 -1 0
318 26 -1 0
325 142 -1 0
113 165 -1 0
259 262 -1 0
388 165 -1 0
170 85 -1 0
255 230 -1 0
275 193 -1 0
0 58 -1 0
119 38 -1 0
218 335 -1 0
119 8 -1 0
43 8 -1 0
108 319 -1 0
76 219 -1 0
121 363 -1 0
202 20 -1 0
308 3 -1 0
96 24 -1 0
126 268 -1 0
264 102 -1 0
247 351 -1 0
275 253 -1 0
112 95 -1 0
28 66 -1 0
324 41 -1 0
37 118 -1 0
41 383 -1 0
358 7 -1 0
6 66 -1 0
97 207 -1 0
126 386 -1 0
57 301 -1 0
51 39 -1 0
25 85 -1 0
11 21 -1 0
240 166 -1 0
240 386 -1 0
100 336 -1 0
302 198 -1 0
180 70 -1 0
225 160 -1 0
198 47 -1 0
378 196 -1 0
180 123 -1 0
129 396 -1 0
210 124 -1 0
119 320 -1 0
322 296 -1 0
208 264 -1 0
42 399 -1 0
10 154 -1 0
279 244 -1 0
268 216 -1 0
292 188 -1 0
45 65 -1 0
54 210 -1 0
34 30 -1 0
240 204 -1 0
317 244 -1 0
318 119 -1 0
37 14 -1 0
194 100 -1 0
155 377 -1 0
345 316 -1 0
189 219 -1 0
26 357 -1 0
0 362 -1 0
218 386 -1 0
257 167 -1 0
306 386 -1 0
80 90 -1 0
89 164 -1 0
98 369 -1 0
86 113 -1 0
385 83 -1 0
291 329 -1 0
254 259 -1 0
146 197 -1 0
229 141 -1 0
50 76 -1 0
161 120 -1 0
48 367 -1 0
44 150 -1 0
351 339 -1 0
234 284 -1 0
335 245 -1 0
120 127 -1 0
287 196 -1 0
334 40 -1 0
221 388 -1 0
117 3 -1 0
308 389 -1 0
259 297 -1 0
296 219 -1 0
306 245 -1 0
68 98 -1 0
67 266 -1 0
211 93 -1 0
254 130 -1 0
58 107 -1 0
89 286 -1 0
255 83 -1 0
55 320 -1 0
313 391 -1 0
180 134 -1 0
40 336 -1 0
315 183 -1 0
375 299 -1 0
165 58 -1 0
330 186 -1 0
199 371 -1 0
21 357 -1 0
148 93 -1 0
63 86 -1 0
63 57 -1 0
218 301 -1 0
65 108 -1 0
393 153 -1 0
26 115 -1 0
17 247 -1 0
259 147 -1 0
343 121 -1 0
369 72 -1 0
24 240 -1 0
20 150 -1 0
206 62 -1 0
350 379 -1 0
107 370 -1 0
172 39 -1 0
252 57 -1 0
61 383 -1 0
76 214 -1 0
199 80 -1 0
3 12 -1 0
391 278 -1 0
383 289 -1 0
111 201 -1 0
253 305 -1 0
362 136 -1 0
144 161 -1 0
41 399 -1 0
84 0 -1 0
354 221 -1 0
224 35 -1 0
325 53 -1 0
137 395 -1 0
56 159 -1 0
230 67 -1 0
313 222 -1 0
133 168 -1 0
280 191 -1 0
87 378 -1 0
172 380 -1 0
386 174 -1 0
358 208 -1 0
151 184 -1 0
45 125 -1 0
38 363 -1 0
111 192 -1 0
372 179 -1 0
380 259 -1 0
269 192 -1 0
57 153 -1 0
338 26 -1 0
335 44 -1 0
345 291 -1 0
354 391 -1 0
319 228 -1 0
203 247 -1 0
212 197 -1 0
24 377 -1 0
306 183 -1 0
62 366 -1 0
192 365 -1 0
256 284 -1 0
385 236 -1 0
352 30 -1 0
212 186 -1 0
13 202 -1 0
231 176 -1 0
324 377 -1 0
385 301 -1 0
351 13 -1 0
57 204 -1 0
134 173 -1 0
322 328 -1 0
267 334 -1 0
235 88 -1 0
150 306 -1 0
102 294 -1 0
338 329 -1 0
318 393 -1 0
227 123 -1 0
40 83 -1 0
394 390 -1 0
161 32 -1 0
252 162 -1 0
345 152 -1 0
91 19 -1 0
397 166 -1 0
12 298 -1 0
272 27 -1 0
72 232 -1 0
277 266 -1 0
356 209 -1 0
378 262 -1 0
380 235 -1 0
318 271 -1 0
151 122 -1 0
194 50 -1 0
143 364 -1 0
338 238 -1 0
390 57 -1 0
297 232 -1 0
168 166 -1 0
9 238 -1 0
140 106 -1 0
287 207 -1 0
314 126 -1 0
132 108 -1 0
383 92 -1 0
356 213 -1 0
346 386 -1 0
108 110 -1 0
276 41 -1 0
323 358 -1 0
236 251 -1 0
279 269 -1 0
43 169 -1 0
160 394 -1 0
299 298 -1 0
2 115 -1 0
79 77 -1 0
9 304 -1 0
107 348 -1 0
24 29 -1 0
97 348 -1 0
351 338 -1 0
98 249 -1 0
100 268 -1 0
383 374 -1 0
174 123 -1 0
317 269 -1 0
212 333 -1 0
251 317 -1 0
121 393 -1 0
353 299 -1 0
158 57 -1 0
293 157 -1 0
185 97 -1 0
330 310 -1 0
215 316 -1 0
113 157 -1 0
179 63 -1 0
202 25 -1 0
334 174 -1 0
302 62 -1 0
152 129 -1 0
393 276 -1 0
106 167 -1 0
396 154 -1 0
321 280 -1 0
294 369 -1 0
84 195 -1 0
202 164 -1 0
366 245 -1 0
393 114 -1 0
230 348 -1 0
18 153 -1 0
114 242 -1 0
371 13 -1 0
8 308 -1 0
316 31 -1 0
4 219 -1 0
366 290 -1 0
23 328 -1 0
158 197 -1 0
223 49 -1 0
102 11 -1 0
276 27 -1 0
316 32 -1 0
343 388 -1 0
365 22 -1 0
265 26 -1 0
101 142 -1 0
365 44 -1 0
30 70 -1 0
262 33 -1 0
273 396 -1 0
76 79 -1 0
322 108 -1 0
99 63 -1 0
133 328 -1 0
85 124 -1 0
253 327 -1 0
197 363 -1 0
292 264 -1 0
156 356 -1 0
171 63 -1 0
147 382 -1 0
158 98 -1 0
296 52 -1 0
234 393 -1 0
178 218 -1 0
3 382 -1 0
292 130 -1 0
296 21 -1 0
130 322 -1 0
337 331 -1 0
347 350 -1 0
188 6 -1 0
149 75 -1 0
43 116 -1 0
373 246 -1 0
347 22 -1 0
51 168 -1 0
17 46 -1 0
32 178 -1 0
183 38 -1 0
333 198 -1 0
336 365 -1 0
262 399 -1 0
391 138 -1 0
286 244 -1 0
147 40 -1 0
283 279 -1 0
213 165 -1 0
105 377 -1 0
128 127 -1 0
66 10 -1 0
189 152 -1 0
124 86 -1 0
123 316 -1 0
362 91 -1 0
252 317 -1 0
49 310 -1 0
76 153 -1 0
295 198 -1 0
49 205 -1 0
308 80 -1 0
180 111 -1 0
24 350 -1 0
397 290 -1 0
17 296 -1 0
211 83 -1 0
370 342 -1 0
124 196 -1 0
148 96 -1 0
257 201 -1 0
288 297 -1 0
245 134 -1 0
13 19 -1 0
78 343 -1 0
129 372 -1 0
306 155 -1 0
124 148 -1 0
181 333 -1 0
222 11 -1 0
1 298 -1 0
156 342 -1 0
346 324 -1 0
119 130 -1 0
111 169 -1 0
262 20 -1 0
188 177 -1 0
169 185 -1 0
304 230 -1 0
336 211 -1 0
323 119 -1 0
274 280 -1 0
63 362 -1 0
148 82 -1 0
163 170 -1 0
59 9 -1 0
169 373 -1 0
56 329 -1 0
209 368 -1 0
269 255 -1 0
23 110 -1 0
52 231 -1 0
31 88 -1 0
17 126 -1 0
253 77 -1 0
225 306 -1 0
143 93 -1 0
299 112 -1 0
217 310 -1 0
139 349 -1 0
252 179 -1 0
177 385 -1 0
364 232 -1 0
94 143 -1 0
251 228 -1 0
214 313 -1 0
121 193 -1 0
117 106 -1 0
168 36 -1 0
151 346 -1 0
224 235 -1 0
127 154 -1 0
16 227 -1 0
42 35 -1 0
46 83 -1 0
386 387 -1 0
233 26 -1 0
144 177 -1 0
9 256 -1 0
20 246 -1 0
23 133 -1 0
301 131 -1 0
323 146 -1 0
28 387 -1 0
266 58 -1 0
101 362 -1 0
183 323 -1 0
88 285 -1 0
391 2 -1 0
107 378 -1 0
335 169 -1 0
148 316 -1 0
44 126 -1 0
224 70 -1 0
309 399 -1 0
312 195 -1 0
272 94 -1 0
373 264 -1 0
142 108 -1 0
390 291 -1 0
112 308 -1 0
139 92 -1 0
198 317 -1 0
213 360 -1 0
178 378 -1 0
110 313 -1 0
85 330 -1 0
356 147 -1 0
314 339 -1 0
195 220 -1 0
32 189 -1 0
54 189 -1 0
97 262 -1 0
95 188 -1 0
218 115 -1 0
86 89 -1 0
50 388 -1 0
45 44 -1 0
229 158 -1 0
302 107 -1 0
18 238 -1 0
310 297 -1 0
144 60 -1 0
358 325 -1 0
135 17 -1 0
305 295 -1 0
123 387 -1 0
183 197 -1 0
48 70 -1 0
375 346 -1 0
92 21 -1 0
72 165 -1 0
335 383 -1 0
120 288 -1 0
265 39 -1 0
39 370 -1 0
214 59 -1 0
11 311 -1 0
234 45 -1 0
12 48 -1 0
256 229 -1 0
136 302 -1 0
130 201 -1 0
48 237 -1 0
20 37 -1 0
197 114 -1 0
340 202 -1 0
204 343 -1 0
33 340 -1 0
368 18 -1 0
331 195 -1 0
96 85 -1 0
55 27 -1 0
157 336 -1 0
367 92 -1 0
151 337 -1 0
399 234 -1 0
98 362 -1 0
21 147 -1 0
392 78 -1 0
81 60 -1 0
357 311 -1 0
124 162 -1 0
309 246 -1 0
116 313 -1 0
255 60 -1 0
339 31 -1 0
59 13 -1 0
319 95 -1 0
193 149 -1 0
108 243 -1 0
317 335 -1 0
345 150 -1 0
56 84 -1 0
394 366 -1 0
223 150 -1 0
286 395 -1 0
71 372 -1 0
336 8 -1 0
228 50 -1 0
90 103 -1 0
157 95 -1 0
160 44 -1 0
265 102 -1 0
31 229 -1 0
251 99 -1 0
214 245 -1 0
146 319 -1 0
349 201 -1 0
260 358 -1 0
122 79 -1 0
352 316 -1 0
398 71 -1 0
159 108 -1 0
52 89 -1 0
287 173 -1 0
53 151 -1 0
171 69 -1 0
31 65 -1 0
47 75 -1 0
27 49 -1 0
149 175 -1 0
32 155 -1 0
250 36 -1 0
348 381 -1 0
69 300 -1 0
231 32 -1 0
60 289 -1 0
271 390 -1 0
38 92 -1 0
317 26 -1 0
239 364 -1 0
28 91 -1 0
34 151 -1 0
43 253 -1 0
107 154 -1 0
294 61 -1 0
380 386 -1 0
117 50 -1 0
5 271 -1 0
51 293 -1 0
78 248 -1 0
80 197 -1 0
230 341 -1 0
95 294 -1 0
236 179 -1 0
24 163 -1 0
243 153 -1 0
222 212 -1 0
94 73 -1 0
294 64 -1 0
296 70 -1 0
250 88 -1 0
75 139 -1 0
207 394 -1 0
394 296 -1 0
306 126 -1 0
27 148 -1 0
229 52 -1 0
143 33 -1 0
342 305 -1 0
72 322 -1 0
345 288 -1 0
164 194 -1 0
5 355 -1 0
371 77 -1 0
96 78 -1 0
191 14 -1 0
220 349 -1 0
74 391 -1 0
75 136 -1 0
229 215 -1 0
354 215 -1 0
245 1 -1 0
273 264 -1 0
333 79 -1 0
348 333 -1 0
259 331 -1 0
377 292 -1 0
300 141 -1 0
375 218 -1 0
270 307 -1 0
222 232 -1 0
97 309 -1 0
71 309 -1 0
325 94 -1 0
119 275 -1 0
27 162 -1 0
82 388 -1 0
44 161 -1 0
1 2 -1 0
60 99 -1 0
189 211 -1 0
67 380 -1 0
95 128 -1 0
201 103 -1 0
243 378 -1 0
63 88 -1 0
196 157 -1 0
382 323 -1 0
76 393 -1 0
59 265 -1 0
82 112 -1 0
263 394 -1 0
283 306 -1 0
399 360 -1 0
7 364 -1 0
81 99 -1 0
272 385 -1 0
17 323 -1 0
226 84 -1 0
303 65 -1 0
367 293 -1 0
370 71 -1 0
5 262 -1 0
375 266 -1 0
72 1 -1 0
142 331 -1 0
105 22 -1 0
398 150 -1 0
36 305 -1 0
212 374 -1 0
113 242 -1 0
287 21 -1 0
393 296 -1 0
62 73 -1 0
316 83 -1 0
257 63 -1 0
299 80 -1 0
23 111 -1 0
227 235 -1 0
216 209 -1 0
208 391 -1 0
72 129 -1 0
347 161 -1 0
252 370 -1 0
53 242 -1 0
279 231 -1 0
371 326 -1 0
195 100 -1 0
6 298 -1 0
224 150 -1 0
21 48 -1 0
333 117 -1 0
39 60 -1 0
129 352 -1 0
173 44 -1 0
383 345 -1 0
293 260 -1 0
265 391 -1 0
89 307 -1 0
227 336 -1 0
300 25 -1 0
7 316 -1 0
307 73 -1 0
165 84 -1 0
310 281 -1 0
293 40 -1 0
278 389 -1 0
151 332 -1 0
278 248 -1 0
219 207 -1 0
110 304 -1 0
112 214 -1 0
85 169 -1 0
288 152 -1 0
171 184 -1 0
129 185 -1 0
285 175 -1 0
363 178 -1 0
368 219 -1 0
370 5 -1 0
281 280 -1 0
170 30 -1 0
385 302 -1 0
326 172 -1 0
209 134 -1 0
193 315 -1 0
29 189 -1 0
165 359 -1 0
334 330 -1 0
143 352 -1 0
150 165 -1 0
19 235 -1 0
317 176 -1 0
102 393 -1 0
327 239 -1 0
357 343 -1 0
349 8 -1 0
368 248 -1 0
14 242 -1 0
283 186 -1 0
339 136 -1 0
187 367 -1 0
55 22 -1 0
89 304 -1 0
122 202 -1 0
198 88 -1 0
211 356 -1 0
189 138 -1 0
161 341 -1 0
244 113 -1 0
97 276 -1 0
223 164 -1 0
165 5 -1 0
33 49 -1 0
25 137 -1 0
121 102 -1 0
333 68 -1 0
278 117 -1 0
204 65 -1 0
135 299 -1 0
388 359 -1 0
141 90 -1 0
293 284 -1 0
13 147 -1 0
307 128 -1 0
129 175 -1 0
304 86 -1 0
56 66 -1 0
55 68 -1 0
128 135 -1 0
150 127 -1 0
117 90 -1 0
332 103 -1 0
197 326 -1 0
315 164 -1 0
46 168 -1 0
118 77 -1 0
178 324 -1 0
354 40 -1 0
323 297 -1 0
212 220 -1 0
51 312 -1 0
44 90 -1 0
183 180 -1 0
235 158 -1 0
92 26 -1 0
361 55 -1 0
83 278 -1 0
317 329 -1 0
334 206 -1 0
69 279 -1 0
296 47 -1 0
180 143 -1 0
262 115 -1 0
65 93 -1 0
226 102 -1 0
240 398 -1 0
120 55 -1 0
265 319 -1 0
183 179 -1 0
71 314 -1 0
70 134 -1 0
92 299 -1 0
286 65 -1 0
177 332 -1 0
316 279 -1 0
230 63 -1 0
99 303 -1 0
306 288 -1 0
371 349 -1 0
369 70 -1 0
240 198 -1 0
29 123 -1 0
117 109 -1 0
99 148 -1 0
62 74 -1 0
21 106 -1 0
373 57 -1 0
314 319 -1 0
168 377 -1 0
167 37 -1 0
216 41 -1 0
270 398 -1 0
107 102 -1 0
374 290 -1 0
165 354 -1 0
108 84 -1 0
251 297 -1 0
217 42 -1 0
229 241 -1 0
120 140 -1 0
203 74 -1 0
56 145 -1 0
84 49 -1 0
80 131 -1 0
287 296 -1 0
16 228 -1 0
342 80 -1 0
310 199 -1 0
196 172 -1 0
321 183 -1 0
340 292 -1 0
49 17 -1 0
310 189 -1 0
234 138 -1 0
190 323 -1 0
262 242 -1 0
203 159 -1 0
265 228 -1 0
73 139 -1 0
109 278 -1 0
80 379 -1 0
279 367 -1 0
97 396 -1 0
263 310 -1 0
218 258 -1 0
91 163 -1 0
187 130 -1 0
79 113 -1 0
245 243 -1 0
247 307 -1 0
24 340 -1 0
184 72 -1 0
324 246 -1 0
59 171 -1 0
274 160 -1 0
309 357 -1 0
50 312 -1 0
333 297 -1 0
283 251 -1 0
59 285 -1 0
126 327 -1 0
156 319 -1 0
256 22 -1 0
20 284 -1 0
193 178 -1 0
62 106 -1 0
122 355 -1 0
219 185 -1 0
10 176 -1 0
200 6 -1 0
31 387 -1 0
31 228 -1 0
31 19 -1 0
83 234 -1 0
289 246 -1 0
76 285 -1 0
226 85 -1 0
114 90 -1 0
345 225 -1 0
313 291 -1 0
33 25 -1 0
28 384 -1 0
124 158 -1 0
286 364 -1 0
160 179 -1 0
164 192 -1 0
213 182 -1 0
63 37 -1 0
65 392 -1 0
378 103 -1 0
365 163 -1 0
149 370 -1 0
306 190 -1 0
326 11 -1 0
12 195 -1 0
144 199 -1 0
324 186 -1 0
392 223 -1 0
113 40 -1 0
150 327 -1 0
215 70 -1 0
242 304 -1 0
148 370 -1 0
63 283 -1 0
158 63 -1 0
243 357 -1 0
106 286 -1 0
221 306 -1 0
335 85 -1 0
31 322 -1 0
87 163 -1 0
341 60 -1 0
233 263 -1 0
159 65 -1 0
39 254 -1 0
272 69 -1 0
166 120 -1 0
336 236 -1 0
253 68 -1 0
328 158 -1 0
17 203 -1 0
170 46 -1 0
343 307 -1 0
97 122 -1 0
16 142 -1 0
261 337 -1 0
325 373 -1 0
372 238 -1 0
158 164 -1 0
350 152 -1 0
332 84 -1 0
81 177 -1 0
4 34 -1 0
48 42 -1 0
252 130 -1 0
363 47 -1 0
8 375 -1 0
330 240 -1 0
87 343 -1 0
260 253 -1 0
230 237 -1 0
321 342 -1 0
145 319 -1 0
221 190 -1 0
321 75 -1 0
316 317 -1 0
104 241 -1 0
236 257 -1 0
320 201 -1 0
377 97 -1 0
154 361 -1 0
329 136 -1 0
374 214 -1 0
320 55 -1 0
110 73 -1 0
292 55 -1 0
312 23 -1 0
36 369 -1 0
273 57 -1 0
179 133 -1 0
178 18 -1 0
228 212 -1 0
306 88 -1 0
105 15 -1 0
293 385 -1 0
360 345 -1 0
134 370 -1 0
246 259 -1 0
280 193 -1 0
19 144 -1 0
55 82 -1 0
24 326 -1 0
82 385 -1 0
63 106 -1 0
121 77 -1 0
351 341 -1 0
144 397 -1 0
157 118 -1 0
84 13 -1 0
234 32 -1 0
384 234 -1 0
171 332 -1 0
123 368 -1 0
291 72 -1 0
219 167 -1 0
295 287 -1 0
268 311 -1 0
340 214 -1 0
34 29 -1 0
131 287 -1 0
285 33 -1 0
340 42 -1 0
24 147 -1 0
81 73 -1 0
331 135 -1 0
59 105 -1 0
50 145 -1 0
300 342 -1 0
178 171 -1 0
216 171 -1 0
166 181 -1 0
99 305 -1 0
290 278 -1 0
206 164 -1 0
323 383 -1 0
388 80 -1 0
173 356 -1 0
159 381 -1 0
175 204 -1 0
313 145 -1 0
104 205 -1 0
311 112 -1 0
280 317 -1 0
183 365 -1 0
275 47 -1 0
283 241 -1 0
63 373 -1 0
394 135 -1 0
53 335 -1 0
78 238 -1 0
153 385 -1 0
278 47 -1 0
232 330 -1 0
120 203 -1 0
32 280 -1 0
360 47 -1 0
239 344 -1 0
74 264 -1 0
170 35 -1 0
42 75 -1 0
31 381 -1 0
148 74 -1 0
190 107 -1 0
381 192 -1 0
60 71 -1 0
20 316 -1 0
290 116 -1 0
203 108 -1 0
297 382 -1 0
273 64 -1 0
286 23 -1 0
170 390 -1 0
86 167 -1 0
262 316 -1 0
105 149 -1 0
54 280 -1 0
259 214 -1 0
49 346 -1 0
339 362 -1 0
5 26 -1 0
9 201 -1 0
323 286 -1 0
212 58 -1 0
331 370 -1 0
164 332 -1 0
311 1 -1 0
192 22 -1 0
90 106 -1 0
63 44 -1 0
127 361 -1 0
185 333 -1 0
133 304 -1 0
178 370 -1 0
344 116 -1 0
381 16 -1 0
32 146 -1 0
38 358 -1 0
83 196 -1 0
163 113 -1 0
52 205 -1 0
82 279 -1 0
184 76 -1 0
73 15 -1 0
12 258 -1 0
22 379 -1 0
339 179 -1 0
61 392 -1 0
325 138 -1 0
379 200 -1 0
339 76 -1 0
197 13 -1 0
390 136 -1 0
8 162 -1 0
107 50 -1 0
101 161 -1 0
96 135 -1 0
235 245 -1 0
28 351 -1 0
110 346 -1 0
52 391 -1 0
325 253 -1 0
210 221 -1 0
138 30 -1 0
61 92 -1 0
3 385 -1 0
382 155 -1 0
329 322 -1 0
171 84 -1 0
94 152 -1 0
283 74 -1 0
335 374 -1 0
192 192 -1 0
156 36 -1 0
326 69 -1 0
221 396 -1 0
19 185 -1 0
340 70 -1 0
302 217 -1 0
194 52 -1 0
65 168 -1 0
228 80 -1 0
364 368 -1 0
131 196 -1 0
12 380 -1 0
231 173 -1 0
357 220 -1 0
29 15 -1 0
106 51 -1 0
80 238 -1 0
371 315 -1 0
253 141 -1 0
283 42 -1 0
327 261 -1 0
392 241 -1 0
171 61 -1 0
75 220 -1 0
22 272 -1 0
9 163 -1 0
131 174 -1 0
168 190 -1 0
271 195 -1 0
63 372 -1 0
4 9 -1 0
335 24 -1 0
190 347 -1 0
318 290 -1 0
89 114 -1 0
250 279 -1 0
372 106 -1 0
362 25 -1 0
288 333 -1 0
70 83 -1 0
228 317 -1 0
32 350 -1 0
207 44 -1 0
167 48 -1 0
12 157 -1 0
18 48 -1 0
48 139 -1 0
120 370 -1 0
321 159 -1 0
381 360 -1 0
382 232 -1 0
99 290 -1 0
24 388 -1 0
221 247 -1 0
203 213 -1 0
369 91 -1 0
65 181 -1 0
13 190 -1 0
281 323 -1 0
220 146 -1 0
8 38 -1 0
42 44 -1 0
328 140 -1 0
77 220 -1 0
392 348 -1 0
230 380 -1 0
390 226 -1 0
359 368 -1 0
222 70 -1 0
389 338 -1 0
211 340 -1 0
220 316 -1 0
51 381 -1 0
338 28 -1 0
329 381 -1 0
211 90 -1 0
334 201 -1 0
323 80 -1 0
307 186 -1 0
129 56 -1 0
30 310 -1 0
202 163 -1 0
159 60 -1 0
296 263 -1 0
271 101 -1 0
366 21 -1 0
324 213 -1 0
311 338 -1 0
126 140 -1 0
199 390 -1 0
107 349 -1 0
382 349 -1 0
157 124 -1 0
363 370 -1 0
252 314 -1 0
0 215 -1 0
23 2 -1 0
33 170 -1 0
77 175 -1 0
155 76 -1 0
291 186 -1 0
33 90 -1 0
113 339 -1 0
325 56 -1 0
309 296 -1 0
92 126 -1 0
392 9 -1 0
128 31 -1 0
318 212 -1 0
140 362 -1 0
300 267 -1 0
292 370 -1 0
199 14 -1 0
223 237 -1 0
295 1 -1 0
397 386 -1 0
13 220 -1 0
135 365 -1 0
124 366 -1 0
38 39 -1 0
261 147 -1 0
182 337 -1 0
181 374 -1 0
205 256 -1 0
311 19 -1 0
29 392 -1 0
91 262 -1 0
140 39 -1 0
248 228 -1 0
109 68 -1 0
278 367 -1 0
373 383 -1 0
322 329 -1 0
388 197 -1 0
341 96 -1 0
129 200 -1 0
32 302 -1 0
79 303 -1 0
336 212 -1 0
161 312 -1 0
288 80 -1 0
219 343 -1 0
160 146 -1 0
57 383 -1 0
278 287 -1 0
151 188 -1 0
193 62 -1 0
8 115 -1 0
244 35 -1 0
93 200 -1 0
182 142 -1 0
214 26 -1 0
37 130 -1 0
331 383 -1 0
272 120 -1 0
63 139 -1 0
108 209 -1 0
345 131 -1 0
241 257 -1 0
234 109 -1 0
313 173 -1 0
154 144 -1 0
56 215 -1 0
200 383 -1 0
294 169 -1 0
382 101 -1 0
363 123 -1 0
202 309 -1 0
131 147 -1 0
17 291 -1 0
309 369 -1 0
232 320 -1 0
206 367 -1 0
259 142 -1 0
110 245 -1 0
27 320 -1 0
160 162 -1 0
190 165 -1 0
321 153 -1 0
106 261 -1 0
395 134 -1 0
214 219 -1 0
366 224 -1 0
274 11 -1 0
290 344 -1 0
111 319 -1 0
349 38 -1 0
116 388 -1 0
287 72 -1 0
248 81 -1 0
340 120 -1 0
267 255 -1 0
78 48 -1 0
386 176 -1 0
338 222 -1 0
360 317 -1 0
250 149 -1 0
339 321 -1 0
123 143 -1 0
307 378 -1 0
74 384 -1 0
30 109 -1 0
329 185 -1 0
326 199 -1 0
278 187 -1 0
289 122 -1 0
46 387 -1 0
153 320 -1 0
48 64 -1 0
269 397 -1 0
85 322 -1 0
184 363 -1 0
83 219 -1 0
205 32 -1 0
339 375 -1 0
130 176 -1 0
377 121 -1 0
185 23 -1 0
22 151 -1 0
17 79 -1 0
251 16 -1 0
249 166 -1 0
379 393 -1 0
369 53 -1 0
17 198 -1 0
120 273 -1 0
149 327 -1 0
372 38 -1 0
310 301 -1 0
58 381 -1 0
257 339 -1 0
393 74 -1 0
367 45 -1 0
141 153 -1 0
22 239 -1 0
49 173 -1 0
167 43 -1 0
59 19 -1 0
174 40 -1 0
99 301 -1 0
234 37 -1 0
361 276 -1 0
307 368 -1 0
67 12 -1 0
89 353 -1 0
150 320 -1 0
133 77 -1 0
258 157 -1 0
349 234 -1 0
264 368 -1 0
283 99 -1 0
348 128 -1 0
224 134 -1 0
296 197 -1 0
324 20 -1 0
395 91 -1 0
336 135 -1 0
185 129 -1 0
258 120 -1 0
355 67 -1 0
273 342 -1 0
84 254 -1 0
287 50 -1 0
117 29 -1 0
131 66 -1 0
143 196 -1 0
75 159 -1 0
163 39 -1 0
378 77 -1 0
73 156 -1 0
136 37 -1 0
312 354 -1 0
249 80 -1 0
64 10 -1 0
278 267 -1 0
166 113 -1 0
247 73 -1 0
281 174 -1 0
213 223 -1 0
221 178 -1 0
14 81 -1 0
26 128 -1 0
161 22 -1 0
305 178 -1 0
31 371 -1 0
110 335 -1 0
122 179 -1 0
140 331 -1 0
398 176 -1 0
320 35 -1 0
16 354 -1 0
19 335 -1 0
306 64 -1 0
330 311 -1 0
346 251 -1 0
391 309 -1 0
261 355 -1 0
62 229 -1 0
381 79 -1 0
222 3 -1 0
160 0 -1 0
188 136 -1 0
355 24 -1 0
300 336 -1 0
102 266 -1 0
260 248 -1 0
301 213 -1 0
270 169 -1 0
223 118 -1 0
82 61 -1 0
238 196 -1 0
330 49 -1 0
386 101 -1 0
23 302 -1 0
65 145 -1 0
170 59 -1 0
217 212 -1 0
115 131 -1 0
49 330 -1 0
43 39 -1 0
225 303 -1 0
162 97 -1 0
284 157 -1 0
256 108 -1 0
6 98 -1 0
20 239 -1 0
63 183 -1 0
61 140 -1 0
347 230 -1 0
183 369 -1 0
253 18 -1 0
345 199 -1 0
5 10 -1 0
343 174 -1 0
79 282 -1 0
313 139 -1 0
356 330 -1 0
261 144 -1 0
39 208 -1 0
114 298 -1 0
329 214 -1 0
173 2 -1 0
114 293 -1 0
364 94 -1 0
366 108 -1 0
152 375 -1 0
276 256 -1 0
108 178 -1 0
76 83 -1 0
51 238 -1 0
182 72 -1 0
97 171 -1 0
248 347 -1 0
335 378 -1 0
133 386 -1 0
325 377 -1 0
186 348 -1 0
77 69 -1 0
20 148 -1 0
240 364 -1 0
33 169 -1 0
265 67 -1 0
221 255 -1 0
372 390 -1 0
281 51 -1 0
172 340 -1 0
375 391 -1 0
11 277 -1 0
66 150 -1 0
13 23 -1 0
364 328 -1 0
222 16 -1 0
30 66 -1 0
61 61 -1 0
173 66 -1 0
261 399 -1 0
160 32 -1 0
143 304 -1 0
324 44 -1 0
84 381 -1 0
354 300 -1 0
46 253 -1 0
211 78 -1 0
34 242 -1 0
241 82 -1 0
45 155 -1 0
260 138 -1 0
206 116 -1 0
50 175 -1 0
42 284 -1 0
122 300 -1 0
73 203 -1 0
6 190 -1 0
372 75 -1 0
91 301 -1 0
141 123 -1 0
12 97 -1 0
223 224 -1 0
349 294 -1 0
394 205 -1 0
272 148 -1 0
231 159 -1 0
384 34 -1 0
150 16 -1 0
203 327 -1 0
167 171 -1 0
104 203 -1 0
60 209 -1 0
398 328 -1 0
68 101 -1 0
80 343 -1 0
224 24 -1 0
143 55 -1 0
372 9 -1 0
130 63 -1 0
396 128 -1 0
5 329 -1 0
353 298 -1 0
379 254 -1 0
177 127 -1 0
52 13 -1 0
101 37 -1 0
278 310 -1 0
170 339 -1 0
190 164 -1 0
291 32 -1 0
78 0 -1 0
183 85 -1 0
362 19 -1 0
107 192 -1 0
181 25 -1 0
308 105 -1 0
108 201 -1 0
24 116 -1 0
351 57 -1 0
343 122 -1 0
90 36 -1 0
387 363 -1 0
59 350 -1 0
229 216 -1 0
101 54 -1 0
326 100 -1 0
168 355 -1 0
272 83 -1 0
84 185 -1 0
43 63 -1 0
351 320 -1 0
98 284 -1 0
347 299 -1 0
274 88 -1 0
92 121 -1 0
321 148 -1 0
39 157 -1 0
332 371 -1 0
150 328 -1 0
151 360 -1 0
194 332 -1 0
334 268 -1 0
261 315 -1 0
27 122 -1 0
91 133 -1 0
0 306 -1 0
265 264 -1 0
14 139 -1 0
155 19 -1 0
70 79 -1 0
68 160 -1 0
22 67 -1 0
364 173 -1 0
393 111 -1 0
13 120 -1 0
336 120 -1 0
10 387 -1 0
234 44 -1 0
238 290 -1 0
359 269 -1 0
359 35 -1 0
384 39 -1 0
302 194 -1 0
392 11 -1 0
250 395 -1 0
385 8 -1 0
339 392 -1 0
188 0 -1 0
87 255 -1 0
41 319 -1 0
64 271 -1 0
112 111 -1 0
340 188 -1 0
355 91 -1 0
359 208 -1 0
394 190 -1 0
285 159 -1 0
291 58 -1 0
204 66 -1 0
61 219 -1 0
289 332 -1 0
321 282 -1 0
72 42 -1 0
278 170 -1 0
228 260 -1 0
133 84 -1 0
187 352 -1 0
238 179 -1 0
29 102 -1 0
31 94 -1 0
393 316 -1 0
46 225 -1 0
19 52 -1 0
280 372 -1 0
106 26 -1 0
332 245 -1 0
276 388 -1 0
99 109 -1 0
248 370 -1 0
325 349 -1 0
291 239 -1 0
114 151 -1 0
192 159 -1 0
383 9 -1 0
30 58 -1 0
216 375 -1 0
258 72 -1 0
24 108 -1 0
172 395 -1 0
389 169 -1 0
55 147 -1 0
204 43 -1 0
258 43 -1 0
326 232 -1 0
319 310 -1 0
312 277 -1 0
73 52 -1 0
188 88 -1 0
123 335 -1 0
265 50 -1 0
238 319 -1 0
177 171 -1 0
322 126 -1 0
310 14 -1 0
332 2 -1 0
30 138 -1 0
106 63 -1 0
56 217 -1 0
161 343 -1 0
269 109 -1 0
245 326 -1 0
299 257 -1 0
227 82 -1 0
22 108 -1 0
271 154 -1 0
311 136 -1 0
2 224 -1 0
89 174 -1 0
107 97 -1 0
87 115 -1 0
63 109 -1 0
214 246 -1 0
295 251 -1 0
218 233 -1 0
255 90 -1 0
324 277 -1 0
89 172 -1 0
351 242 -1 0
136 181 -1 0
284 39 -1 0
5 306 -1 0
392 87 -1 0
360 306 -1 0
335 394 -1 0
147 298 -1 0
355 7 -1 0
340 387 -1 0
384 371 -1 0
383 336 -1 0
102 119 -1 0
143 367 -1 0
360 378 -1 0
54 363 -1 0
3 152 -1 0
13 397 -1 0
30 324 -1 0
32 126 -1 0
211 325 -1 0
309 245 -1 0
34 167 -1 0
337 184 -1 0
22 280 -1 0
339 205 -1 0
2 342 -1 0
239 121 -1 0
331 123 -1 0
8 341 -1 0
201 338 -1 0
381 371 -1 0
238 66 -1 0
216 167 -1 0
332 136 -1 0
201 235 -1 0
388 381 -1 0
3 349 -1 0
99 278 -1 0
394 150 -1 0
282 203 -1 0
306 8 -1 0
337 205 -1 0
35 271 -1 0
83 166 -1 0
339 150 -1 0
28 196 -1 0
166 398 -1 0
98 286 -1 0
385 120 -1 0
81 24 -1 0
270 242 -1 0
57 116 -1 0
115 96 -1 0
321 298 -1 0
110 235 -1 0
228 222 -1 0
170 378 -1 0
342 308 -1 0
278 278 -1 0
210 206 -1 0
352 204 -1 0
131 381 -1 0
178 76 -1 0
9 297 -1 0
146 362 -1 0
360 363 -1 0
33 266 -1 0
199 396 -1 0
9 107 -1 0
359 105 -1 0
136 52 -1 0
234 307 -1 0
347 103 -1 0
240 347 -1 0
333 48 -1 0
397 64 -1 0
353 262 -1 0
193 363 -1 0
49 93 -1 0
114 301 -1 0
256 343 -1 0
202 373 -1 0
203 312 -1 0
125 61 -1 0
271 74 -1 0
260 322 -1 0
112 123 -1 0
297 353 -1 0
185 7 -1 0
64 115 -1 0
248 260 -1 0
93 293 -1 0
395 256 -1 0
228 49 -1 0
311 262 -1 0
263 122 -1 0
252 34 -1 0
27 331 -1 0
199 47 -1 0
245 97 -1 0
59 166 -1 0
132 175 -1 0
43 154 -1 0
222 276 -1 0
106 129 -1 0
22 152 -1 0
391 252 -1 0
220 71 -1 0
128 158 -1 0
307 124 -1 0
98 361 -1 0
303 289 -1 0
68 192 -1 0
367 225 -1 0
180 396 -1 0
182 56 -1 0
112 213 -1 0
172 356 -1 0
91 152 -1 0
345 148 -1 0
331 295 -1 0
31 294 -1 0
134 138 -1 0
352 284 -1 0
221 376 -1 0
157 136 -1 0
90 114 -1 0
24 65 -1 0
64 259 -1 0
108 301 -1 0
282 200 -1 0
8 171 -1 0
116 393 -1 0
357 104 -1 0
310 300 -1 0
114 299 -1 0
316 355 -1 0
157 109 -1 0
323 169 -1 0
343 391 -1 0
80 15 -1 0
72 223 -1 0
100 338 -1 0
77 391 -1 0
356 267 -1 0
101 34 -1 0
375 66 -1 0
318 210 -1 0
175 129 -1 0
199 198 -1 0
227 377 -1 0
109 237 -1 0
227 178 -1 0
206 27 -1 0
300 230 -1 0
216 258 -1 0
76 259 -1 0
163 114 -1 0
64 174 -1 0
89 287 -1 0
101 290 -1 0
140 156 -1 0
220 120 -1 0
117 253 -1 0
378 366 -1 0
343 57 -1 0
168 148 -1 0
253 187 -1 0
15 246 -1 0
103 316 -1 0
215 57 -1 0
384 163 -1 0
296 48 -1 0
54 320 -1 0
43 173 -1 0
65 150 -1 0
177 23 -1 0
184 350 -1 0
44 106 -1 0
6 106 -1 0
399 393 -1 0
213 209 -1 0
348 0 -1 0
304 302 -1 0
89 249 -1 0
199 108 -1 0
185 165 -1 0
254 200 -1 0
292 367 -1 0
230 79 -1 0
29 80 -1 0
119 331 -1 0
228 318 -1 0
238 248 -1 0
139 301 -1 0
175 20 -1 0
261 241 -1 0
58 258 -1 0
357 318 -1 0
228 21 -1 0
146 129 -1 0
316 370 -1 0
372 18 -1 0
105 212 -1 0
393 128 -1 0
329 269 -1 0
238 366 -1 0
346 331 -1 0
304 57 -1 0
330 335 -1 0
46 177 -1 0
53 140 -1 0
130 297 -1 0
162 327 -1 0
375 327 -1 0
345 53 -1 0
115 392 -1 0
8 336 -1 0
300 70 -1 0
278 259 -1 0
1 201 -1 0
301 199 -1 0
127 151 -1 0
253 385 -1 0
286 175 -1 0
45 27 -1 0
323 234 -1 0
265 364 -1 0
200 121 -1 0
317 397 -1 0
83 365 -1 0
142 59 -1 0
380 44 -1 0
260 143 -1 0
143 11 -1 0
58 349 -1 0
271 95 -1 0
50 62 -1 0
199 78 -1 0
185 381 -1 0
114 210 -1 0
324 140 -1 0
327 61 -1 0
178 55 -1 0
392 378 -1 0
18 334 -1 0
69 182 -1 0
317 33 -1 0
251 378 -1 0
389 68 -1 0
197 47 -1 0
381 135 -1 0
318 49 -1 0
232 136 -1 0
97 164 -1 0
289 330 -1 0
368 202 -1 0
257 148 -1 0
89 200 -1 0
269 170 -1 0
173 185 -1 0
268 106 -1 0
264 195 -1 0
51 124 -1 0
224 312 -1 0
65 1 -1 0
152 354 -1 0
35 28 -1 0
21 374 -1 0
325 13 -1 0
380 60 -1 0
375 111 -1 0
212 92 -1 0
362 125 -1 0
359 93 -1 0
301 287 -1 0
274 200 -1 0
99 202 -1 0
106 128 -1 0
379 299 -1 0
137 349 -1 0
62 219 -1 0
224 340 -1 0
275 50 -1 0
75 283 -1 0
10 351 -1 0
286 92 -1 0
9 70 -1 0
25 170 -1 0
96 23 -1 0
138 156 -1 0
28 255 -1 0
342 67 -1 0
206 239 -1 0
300 338 -1 0
91 67 -1 0
4 100 -1 0
205 145 -1 0
382 37 -1 0
354 290 -1 0
212 357 -1 0
22 88 -1 0
246 45 -1 0
173 154 -1 0
284 374 -1 0
298 232 -1 0
76 78 -1 0
127 16 -1 0
284 310 -1 0
161 11 -1 0
250 305 -1 0
386 41 -1 0
29 153 -1 0
211 334 -1 0
148 140 -1 0
134 339 -1 0
372 111 -1 0
335 296 -1 0
302 294 -1 0
56 198 -1 0
335 223 -1 0
317 141 -1 0
349 340 -1 0
133 40 -1 0
247 60 -1 0
318 171 -1 0
305 95 -1 0
374 30 -1 0
203 62 -1 0
3 197 -1 0
175 205 -1 0
89 152 -1 0
7 239 -1 0
83 298 -1 0
231 338 -1 0
199 327 -1 0
269 36 -1 0
311 160 -1 0
339 209 -1 0
35 84 -1 0
55 115 -1 0
280 374 -1 0
43 52 -1 0
39 155 -1 0
64 27 -1 0
358 225 -1 0
58 379 -1 0
78 134 -1 0
102 390 -1 0
316 237 -1 0
37 391 -1 0
318 39 -1 0
294 359 -1 0
367 310 -1 0
124 350 -1 0
30 114 -1 0
288 307 -1 0
104 118 -1 0
194 111 -1 0
86 51 -1 0
190 95 -1 0
205 88 -1 0
346 41 -1 0
376 352 -1 0
165 187 -1 0
46 266 -1 0
37 256 -1 0
228 92 -1 0
237 381 -1 0
392 33 -1 0
47 182 -1 0
224 398 -1 0
34 17 -1 0
161 48 -1 0
53 98 -1 0
396 171 -1 0
72 177 -1 0
231 21 -1 0
182 197 -1 0
54 181 -1 0
107 70 -1 0
317 387 -1 0
177 76 -1 0
333 180 -1 0
81 105 -1 0
23 130 -1 0
7 352 -1 0
371 223 -1 0
390 302 -1 0
353 178 -1 0
168 37 -1 0
390 74 -1 0
60 92 -1 0
102 291 -1 0
391 379 -1 0
384 8 -1 0
170 128 -1 0
276 17 -1 0
227 271 -1 0
177 116 -1 0
246 61 -1 0
279 125 -1 0
240 49 -1 0
211 309 -1 0
40 149 -1 0
85 137 -1 0
51 397 -1 0
356 127 -1 0
173 74 -1 0
242 25 -1 0
370 176 -1 0
316 190 -1 0
254 372 -1 0
28 220 -1 0
47 232 -1 0
342 3 -1 0
320 154 -1 0
217 145 -1 0
229 222 -1 0
35 218 -1 0
212 235 -1 0
282 131 -1 0
300 120 -1 0
362 243 -1 0
127 149 -1 0
359 244 -1 0
231 354 -1 0
46 371 -1 0
316 287 -1 0
134 323 -1 0
283 142 -1 0
240 392 -1 0
109 389 -1 0
237 79 -1 0
302 8 -1 0
191 172 -1 0
314 298 -1 0
41 163 -1 0
138 77 -1 0
91 1 -1 0
315 37 -1 0
119 190 -1 0
302 320 -1 0
254 344 -1 0
117 346 -1 0
262 278 -1 0
332 360 -1 0
166 313 -1 0
236 39 -1 0
68 168 -1 0
231 217 -1 0
66 378 -1 0
18 315 -1 0
53 202 -1 0
67 293 -1 0
218 256 -1 0
386 297 -1 0
238 33 -1 0
268 195 -1 0
122 156 -1 0
183 143 -1 0
41 253 -1 0
70 351 -1 0
223 252 -1 0
97 294 -1 0
319 351 -1 0
324 177 -1 0
273 129 -1 0
117 80 -1 0
104 92 -1 0
57 364 -1 0
399 390 -1 0
344 343 -1 0
369 366 -1 0
210 75 -1 0
209 270 -1 0
216 67 -1 0
180 100 -1 0
278 382 -1 0
52 136 -1 0
216 56 -1 0
179 177 -1 0
306 270 -1 0
227 60 -1 0
208 149 -1 0
309 258 -1 0
200 355 -1 0
1 311 -1 0
243 35 -1 0
146 374 -1 0
171 154 -1 0
7 162 -1 0
372 196 -1 0
273 135 -1 0
30 320 -1 0
125 13 -1 0
288 4 -1 0
230 375 -1 0
320 194 -1 0
247 368 -1 0
288 158 -1 0
281 56 -1 0
12 391 -1 0
41 287 -1 0
114 305 -1 0
134 101 -1 0
82 216 -1 0
108 307 -1 0
360 290 -1 0
288 201 -1 0
328 398 -1 0
154 302 -1 0
394 149 -1 0
344 198 -1 0
181 210 -1 0
54 70 -1 0
256 236 -1 0
323 240 -1 0
15 96 -1 0
163 336 -1 0
242 349 -1 0
230 339 -1 0
226 87 -1 0
65 59 -1 0
243 229 -1 0
262 19 -1 0
350 6 -1 0
340 71 -1 0
148 335 -1 0
223 388 -1 0
332 261 -1 0
25 130 -1 0
243 111 -1 0
396 49 -1 0
0 229 -1 0
130 169 -1 0
51 19 -1 0
14 289 -1 0
178 103 -1 0
20 69 -1 0
337 241 -1 0
253 62 -1 0
66 203 -1 0
66 157 -1 0
47 352 -1 0
199 34 -1 0
212 358 -1 0
370 218 -1 0
23 48 -1 0
398 146 -1 0
204 224 -1 0
82 221 -1 0
326 394 -1 0
175 210 -1 0
111 6 -1 0
289 368 -1 0
207 1 -1 0
141 100 -1 0
133 394 -1 0
382 45 -1 0
47 192 -1 0
231 319 -1 0
198 65 -1 0
323 22 -1 0
347 275 -1 0
5 265 -1 0
172 54 -1 0
317 312 -1 0
292 47 -1 0
195 89 -1 0
309 228 -1 0
12 56 -1 0
332 355 -1 0
12 47 -1 0
48 120 -1 0
228 331 -1 0
340 296 -1 0
78 114 -1 0
357 282 -1 0
353 338 -1 0
323 290 -1 0
321 259 -1 0
272 62 -1 0
29 280 -1 0
83 7 -1 0
79 145 -1 0
95 131 -1 0
279 295 -1 0
120 11 -1 0
83 345 -1 0
234 29 -1 0
236 330 -1 0
127 120 -1 0
250 248 -1 0
333 156 -1 0
93 195 -1 0
382 81 -1 0
117 112 -1 0
0 232 -1 0
317 42 -1 0
197 321 -1 0
80 208 -1 0
246 120 -1 0
99 56 -1 0
314 326 -1 0
363 294 -1 0
384 136 -1 0
38 30 -1 0
303 391 -1 0
106 363 -1 0
91 233 -1 0
223 385 -1 0
67 172 -1 0
399 211 -1 0
329 366 -1 0
54 94 -1 0
131 96 -1 0
119 110 -1 0
340 342 -1 0
311 395 -1 0
231 311 -1 0
188 358 -1 0
263 61 -1 0
182 173 -1 0
304 240 -1 0
40 202 -1 0
25 342 -1 0
135 106 -1 0
318 1 -1 0
65 187 -1 0
233 340 -1 0
106 273 -1 0
43 227 -1 0
166 87 -1 0
226 217 -1 0
267 33 -1 0
223 91 -1 0
68 180 -1 0
69 241 -1 0
49 282 -1 0
367 41 -1 0
74 58 -1 0
341 11 -1 0
60 328 -1 0
143 71 -1 0
95 372 -1 0
203 3 -1 0
14 34 -1 0
365 366 -1 0
316 7 -1 0
148 52 -1 0
355 120 -1 0
380 17 -1 0
219 233 -1 0
5 57 -1 0
206 72 -1 0
286 284 -1 0
58 346 -1 0
245 174 -1 0
199 187 -1 0
162 18 -1 0
360 182 -1 0
131 371 -1 0
222 93 -1 0
136 125 -1 0
137 299 -1 0
201 86 -1 0
133 126 -1 0
214 271 -1 0
363 345 -1 0
345 181 -1 0
81 365 -1 0
359 91 -1 0
273 230 -1 0
89 122 -1 0
319 86 -1 0
269 98 -1 0
318 200 -1 0
225 337 -1 0
34 177 -1 0
236 314 -1 0
265 209 -1 0
192 163 -1 0
180 155 -1 0
100 126 -1 0
34 11 -1 0
214 185 -1 0
69 104 -1 0
245 192 -1 0
43 42 -1 0
186 0 -1 0
248 61 -1 0
306 345 -1 0
88 157 -1 0
192 42 -1 0
369 109 -1 0
251 0 -1 0
168 57 -1 0
368 157 -1 0
157 87 -1 0
159 149 -1 0
374 185 -1 0
202 114 -1 0
59 389 -1 0
190 78 -1 0
124 170 -1 0
247 278 -1 0
30 359 -1 0
378 22 -1 0
194 313 -1 0
304 145 -1 0
302 248 -1 0
122 42 -1 0
290 341 -1 0
127 19 -1 0
5 18 -1 0
198 118 -1 0
117 318 -1 0
261 195 -1 0
10 100 -1 0
216 172 -1 0
7 392 -1 0
337 24 -1 0
387 218 -1 0
116 93 -1 0
171 19 -1 0
229 15 -1 0
132 111 -1 0
20 39 -1 0
214 297 -1 0
251 382 -1 0
153 374 -1 0
235 13 -1 0
381 52 -1 0
64 164 -1 0
46 373 -1 0
161 194 -1 0
124 314 -1 0
388 380 -1 0
373 120 -1 0
27 257 -1 0
383 161 -1 0
254 38 -1 0
50 121 -1 0
233 214 -1 0
365 64 -1 0
86 70 -1 0
128 178 -1 0
152 317 -1 0
98 101 -1 0
391 360 -1 0
19 266 -1 0
258 327 -1 0
378 96 -1 0
239 267 -1 0
338 226 -1 0
374 395 -1 0
384 378 -1 0
240 180 -1 0
91 345 -1 0
97 166 -1 0
235 248 -1 0
392 315 -1 0
386 224 -1 0
30 319 -1 0
14 95 -1 0
83 214 -1 0
396 22 -1 0
166 107 -1 0
232 0 -1 0
125 350 -1 0
241 131 -1 0
380 58 -1 0
109 67 -1 0
122 122 -1 0
264 113 -1 0
216 91 -1 0
343 342 -1 0
217 113 -1 0
194 9 -1 0
216 257 -1 0
198 241 -1 0
291 227 -1 0
312 81 -1 0
379 298 -1 0
378 391 -1 0
346 200 -1 0
25 116 -1 0
213 363 -1 0
254 356 -1 0
159 123 -1 0
342 213 -1 0
68 89 -1 0
212 146 -1 0
388 358 -1 0
202 131 -1 0
371 107 -1 0
261 390 -1 0
200 205 -1 0
334 190 -1 0
67 303 -1 0
308 383 -1 0
234 382 -1 0
139 355 -1 0
267 399 -1 0
234 170 -1 0
88 130 -1 0
330 352 -1 0
209 248 -1 0
38 384 -1 0
378 171 -1 0
196 114 -1 0
281 6 -1 0
188 211 -1 0
248 76 -1 0
41 133 -1 0
192 25 -1 0
106 31 -1 0
243 138 -1 0
32 39 -1 0
389 50 -1 0
211 130 -1 0
206 188 -1 0
107 83 -1 0
392 365 -1 0
38 188 -1 0
342 148 -1 0
349 22 -1 0
348 229 -1 0
276 295 -1 0
17 280 -1 0
150 343 -1 0
86 397 -1 0
332 70 -1 0
200 220 -1 0
111 45 -1 0
364 51 -1 0
316 202 -1 0
310 154 -1 0
357 312 -1 0
177 112 -1 0
74 250 -1 0
273 397 -1 0
230 202 -1 0
39 325 -1 0
85 161 -1 0
363 287 -1 0
274 170 -1 0
295 129 -1 0
367 267 -1 0
72 32 -1 0
383 269 -1 0
72 71 -1 0
188 347 -1 0
57 355 -1 0
89 209 -1 0
113 104 -1 0
187 43 -1 0
249 150 -1 0
147 170 -1 0
213 399 -1 0
67 284 -1 0
176 113 -1 0
90 361 -1 0
225 342 -1 0
233 314 -1 0
28 132 -1 0
368 198 -1 0
143 342 -1 0
195 157 -1 0
75 90 -1 0
255 96 -1 0
103 266 -1 0
50 237 -1 0
253 358 -1 0
287 279 -1 0
126 152 -1 0
265 306 -1 0
94 11 -1 0
175 201 -1 0
14 269 -1 0
321 99 -1 0
124 195 -1 0
375 379 -1 0
283 1 -1 0
199 399 -1 0
169 344 -1 0
271 88 -1 0
250 242 -1 0
269 38 -1 0
6 89 -1 0
118 363 -1 0
233 18 -1 0
367 144 -1 0
284 322 -1 0
131 149 -1 0
365 297 -1 0
32 298 -1 0
93 347 -1 0
33 3 -1 0
166 312 -1 0
209 259 -1 0
393 285 -1 0
385 307 -1 0
48 268 -1 0
136 372 -1 0
192 41 -1 0
23 140 -1 0
194 18 -1 0
217 380 -1 0
189 141 -1 0
359 20 -1 0
13 14 -1 0
195 90 -1 0
397 330 -1 0
289 168 -1 0
304 369 -1 0
5 101 -1 0
83 323 -1 0
198 205 -1 0
346 211 -1 0
99 84 -1 0
79 32 -1 0
394 255 -1 0
16 320 -1 0
41 28 -1 0
98 156 -1 0
334 91 -1 0
396 389 -1 0
192 123 -1 0
209 176 -1 0
66 345 -1 0
358 392 -1 0
373 350 -1 0
365 185 -1 0
176 384 -1 0
344 313 -1 0
373 192 -1 0
218 15 -1 0
21 113 -1 0
11 47 -1 0
315 1 -1 0
221 131 -1 0
352 249 -1 0
274 302 -1 0
64 387 -1 0
218 295 -1 0
255 330 -1 0
174 109 -1 0
190 58 -1 0
229 392 -1 0
289 40 -1 0
389 386 -1 0
109 158 -1 0
31 258 -1 0
333 383 -1 0
359 210 -1 0
391 255 -1 0
42 167 -1 0
4 326 -1 0
362 294 -1 0
224 192 -1 0
131 43 -1 0
66 28 -1 0
354 347 -1 0
381 174 -1 0
276 315 -1 0
203 243 -1 0
202 384 -1 0
49 108 -1 0
256 289 -1 0
238 195 -1 0
309 361 -1 0
269 256 -1 0
248 307 -1 0
283 392 -1 0
134 181 -1 0
222 352 -1 0
391 241 -1 0
239 323 -1 0
238 391 -1 0
83 286 -1 0
202 248 -1 0
277 199 -1 0
127 281 -1 0
267 64 -1 0
234 105 -1 0
323 157 -1 0
311 2 -1 0
356 216 -1 0
293 231 -1 0
33 54 -1 0
320 116 -1 0
246 159 -1 0
91 170 -1 0
297 275 -1 0
397 370 -1 0
45 236 -1 0
171 9 -1 0
173 98 -1 0
309 72 -1 0
80 120 -1 0
281 128 -1 0
98 3 -1 0
168 67 -1 0
281 148 -1 0
6 247 -1 0
43 246 -1 0
70 367 -1 0
358 397 -1 0
154 151 -1 0
133 8 -1 0
350 39 -1 0
151 196 -1 0
252 398 -1 0
338 340 -1 0
191 189 -1 0
216 224 -1 0
150 129 -1 0
379 145 -1 0
291 341 -1 0
258 45 -1 0
207 226 -1 0
341 115 -1 0
102 364 -1 0
270 163 -1 0
304 191 -1 0
202 140 -1 0
163 342 -1 0
392 274 -1 0
275 310 -1 0
368 201 -1 0
130 183 -1 0
314 125 -1 0
223 339 -1 0
231 372 -1 0
232 128 -1 0
203 353 -1 0
94 205 -1 0
29 300 -1 0
112 139 -1 0
289 291 -1 0
30 22 -1 0
1 239 -1 0
125 308 -1 0
228 320 -1 0
6 266 -1 0
223 154 -1 0
370 255 -1 0
178 212 -1 0
109 250 -1 0
102 343 -1 0
102 339 -1 0
46 338 -1 0
232 92 -1 0
63 102 -1 0
384 31 -1 0
113 5 -1 0
172 187 -1 0
376 290 -1 0
51 226 -1 0
15 397 -1 0
104 186 -1 0
344 73 -1 0
390 110 -1 0
67 73 -1 0
191 88 -1 0
318 247 -1 0
386 16 -1 0
81 376 -1 0
172 363 -1 0
300 92 -1 0
300 68 -1 0
164 116 -1 0
102 57 -1 0
374 367 -1 0
138 178 -1 0
118 182 -1 0
336 164 -1 0
266 15 -1 0
81 305 -1 0
91 336 -1 0
168 30 -1 0
349 124 -1 0
74 149 -1 0
33 339 -1 0
138 170 -1 0
47 191 -1 0
324 53 -1 0
354 256 -1 0
40 395 -1 0
157 323 -1 0
249 337 -1 0
76 76 -1 0
172 212 -1 0
333 382 -1 0
265 394 -1 0
212 368 -1 0
234 336 -1 0
309 158 -1 0
22 63 -1 0
269 285 -1 0
94 62 -1 0
155 177 -1 0
229 199 -1 0
324 305 -1 0
183 79 -1 0
214 268 -1 0
30 4 -1 0
323 126 -1 0
17 252 -1 0
228 370 -1 0
166 147 -1 0
119 304 -1 0
328 282 -1 0
302 54 -1 0
363 399 -1 0
260 311 -1 0
79 118 -1 0
138 161 -1 0
91 312 -1 0
357 170 -1 0
54 397 -1 0
48 29 -1 0
25 383 -1 0
290 190 -1 0
286 138 -1 0
90 193 -1 0
196 45 -1 0
113 265 -1 0
12 233 -1 0
5 91 -1 0
158 58 -1 0
263 284 -1 0
206 141 -1 0
337 157 -1 0
144 344 -1 0
60 283 -1 0
79 333 -1 0
2 166 -1 0
232 5 -1 0
380 361 -1 0
357 299 -1 0
118 25 -1 0
133 119 -1 0
249 294 -1 0
307 65 -1 0
144 185 -1 0
12 127 -1 0
260 216 -1 0
274 106 -1 0
208 29 -1 0
50 21 -1 0
87 331 -1 0
346 338 -1 0
381 348 -1 0
158 27 -1 0
108 21 -1 0
19 44 -1 0
336 15 -1 0
352 187 -1 0
390 145 -1 0
51 337 -1 0
178 197 -1 0
224 119 -1 0
202 93 -1 0
349 322 -1 0
77 102 -1 0
330 197 -1 0
327 295 -1 0
200 191 -1 0
12 342 -1 0
386 368 -1 0
309 48 -1 0
317 355 -1 0
230 213 -1 0
98 297 -1 0
40 326 -1 0
389 194 -1 0
186 384 -1 0
58 137 -1 0
65 200 -1 0
20 245 -1 0
192 201 -1 0
23 164 -1 0
361 74 -1 0
237 209 -1 0
129 130 -1 0
75 318 -1 0
263 93 -1 0
101 120 -1 0
279 240 -1 0
332 257 -1 0
311 226 -1 0
282 255 -1 0
276 208 -1 0
119 281 -1 0
380 227 -1 0
360 216 -1 0
175 133 -1 0
375 219 -1 0
88 36 -1 0
318 85 -1 0
103 56 -1 0
129 180 -1 0
208 181 -1 0
52 159 -1 0
237 113 -1 0
285 13 -1 0
329 368 -1 0
233 120 -1 0
248 233 -1 0
98 227 -1 0
297 379 -1 0
310 82 -1 0
111 338 -1 0
193 155 -1 0
145 58 -1 0
254 156 -1 0
99 388 -1 0
84 249 -1 0
178 152 -1 0
399 237 -1 0
221 317 -1 0
305 162 -1 0
323 239 -1 0
361 115 -1 0
212 35 -1 0
310 105 -1 0
116 379 -1 0
3 51 -1 0
6 389 -1 0
139 45 -1 0
79 49 -1 0
149 180 -1 0
127 366 -1 0
278 153 -1 0
75 276 -1 0
152 193 -1 0
248 175 -1 0
187 56 -1 0
30 60 -1 0
224 376 -1 0
161 168 -1 0
110 256 -1 0
382 97 -1 0
216 280 -1 0
306 204 -1 0
259 222 -1 0
65 159 -1 0
257 114 -1 0
107 206 -1 0
260 378 -1 0
184 94 -1 0
85 55 -1 0
354 169 -1 0
0 220 -1 0
304 350 -1 0
62 250 -1 0
328 96 -1 0
22 317 -1 0
17 207 -1 0
187 174 -1 0
37 229 -1 0
246 391 -1 0
81 143 -1 0
332 69 -1 0
323 311 -1 0
359 34 -1 0
88 141 -1 0
349 65 -1 0
238 156 -1 0
23 285 -1 0
248 174 -1 0
62 355 -1 0
152 83 -1 0
45 16 -1 0
266 1 -1 0
281 240 -1 0
284 26 -1 0
295 20 -1 0
321 193 -1 0
199 238 -1 0
44 303 -1 0
292 391 -1 0
338 198 -1 0
83 285 -1 0
18 38 -1 0
13 103 -1 0
397 5 -1 0
184 73 -1 0
71 20 -1 0
266 296 -1 0
100 328 -1 0
26 59 -1 0
313 170 -1 0
256 342 -1 0
294 32 -1 0
65 247 -1 0
166 209 -1 0
110 301 -1 0
318 205 -1 0
3 192 -1 0
215 279 -1 0
217 47 -1 0
113 43 -1 0
317 76 -1 0
247 173 -1 0
112 15 -1 0
380 169 -1 0
266 337 -1 0
299 330 -1 0
335 279 -1 0
309 340 -1 0
241 312 -1 0
304 45 -1 0
345 371 -1 0
97 387 -1 0
237 323 -1 0
25 266 -1 0
313 21 -1 0
82 93 -1 0
16 342 -1 0
217 109 -1 0
319 90 -1 0
142 385 -1 0
323 323 -1 0
311 391 -1 0
336 235 -1 0
342 330 -1 0
265 19 -1 0
201 59 -1 0
26 2 -1 0
33 2 -1 0
306 13 -1 0
367 364 -1 0
379 259 -1 0
390 109 -1 0
153 365 -1 0
218 5 -1 0
179 75 -1 0
180 326 -1 0
172 314 -1 0
386 343 -1 0
177 54 -1 0
223 172 -1 0
271 91 -1 0
246 93 -1 0
15 11 -1 0
176 347 -1 0
92 360 -1 0
296 271 -1 0
172 34 -1 0
35 244 -1 0
2 257 -1 0
390 51 -1 0
243 264 -1 0
49 9 -1 0
43 399 -1 0
255 264 -1 0
206 40 -1 0
181 16 -1 0
145 337 -1 0
375 314 -1 0
36 108 -1 0
236 273 -1 0
191 353 -1 0
326 16 -1 0
138 398 -1 0
336 148 -1 0
42 42 -1 0
4 208 -1 0
85 316 -1 0
135 298 -1 0
174 368 -1 0
119 196 -1 0
384 114 -1 0
241 4 -1 0
166 168 -1 0
35 120 -1 0
239 174 -1 0
176 387 -1 0
185 112 -1 0
91 164 -1 0
12 333 -1 0
111 291 -1 0
398 172 -1 0
172 36 -1 0
273 4 -1 0
355 207 -1 0
97 274 -1 0
131 12 -1 0
273 227 -1 0
34 182 -1 0
171 46 -1 0
295 46 -1 0
335 250 -1 0
25 353 -1 0
252 342 -1 0
75 103 -1 0
47 45 -1 0
156 161 -1 0
389 380 -1 0
17 341 -1 0
53 289 -1 0
344 1 -1 0
191 394 -1 0
394 257 -1 0
132 143 -1 0
115 53 -1 0
225 182 -1 0
51 239 -1 0
365 315 -1 0
161 137 -1 0
107 375 -1 0
77 380 -1 0
246 211 -1 0
12 67 -1 0
282 294 -1 0
288 48 -1 0
397 145 -1 0
58 298 -1 0
313 166 -1 0
209 212 -1 0
115 375 -1 0
341 32 -1 0
115 56 -1 0
352 384 -1 0
12 60 -1 0
89 119 -1 0
306 119 -1 0
332 202 -1 0
287 138 -1 0
255 321 -1 0
18 103 -1 0
283 249 -1 0
2 309 -1 0
393 329 -1 0
374 360 -1 0
242 298 -1 0
35 127 -1 0
28 295 -1 0
110 267 -1 0
133 79 -1 0
279 313 -1 0
324 369 -1 0
184 159 -1 0
105 294 -1 0
380 260 -1 0
388 185 -1 0
164 33 -1 0
352 290 -1 0
244 44 -1 0
59 318 -1 0
245 45 -1 0
264 340 -1 0
199 373 -1 0
1 53 -1 0
19 233 -1 0
318 89 -1 0
197 187 -1 0
91 197 -1 0
91 323 -1 0
111 369 -1 0
266 309 -1 0
356 293 -1 0
44 199 -1 0
74 271 -1 0
213 177 -1 0
129 181 -1 0
194 220 -1 0
396 2 -1 0
390 216 -1 0
111 49 -1 0
104 65 -1 0
360 63 -1 0
381 240 -1 0
132 198 -1 0
85 36 -1 0
42 19 -1 0
278 228 -1 0
69 291 -1 0
217 96 -1 0
132 34 -1 0
79 379 -1 0
247 373 -1 0
281 321 -1 0
199 398 -1 0
378 316 -1 0
253 169 -1 0
109 230 -1 0
390 154 -1 0
365 323 -1 0
219 64 -1 0
48 384 -1 0
210 384 -1 0
143 52 -1 0
386 291 -1 0
155 375 -1 0
152 199 -1 0
78 32 -1 0
101 224 -1 0
7 293 -1 0
309 243 -1 0
95 36 -1 0
274 250 -1 0
48 240 -1 0
290 381 -1 0
136 50 -1 0
374 368 -1 0
300 346 -1 0
322 191 -1 0
293 278 -1 0
48 232 -1 0
54 77 -1 0
157 13 -1 0
72 297 -1 0
139 67 -1 0
327 109 -1 0
247 27 -1 0
13 249 -1 0
295 310 -1 0
61 203 -1 0
312 211 -1 0
125 325 -1 0
49 77 -1 0
258 258 -1 0
188 186 -1 0
62 342 -1 0
327 384 -1 0
106 204 -1 0
205 175 -1 0
61 125 -1 0
133 312 -1 0
119 183 -1 0
126 344 -1 0
4 368 -1 0
114 267 -1 0
162 380 -1 0
362 320 -1 0
63 113 -1 0
297 89 -1 0
225 274 -1 0
288 69 -1 0
256 144 -1 0
156 165 -1 0
333 124 -1 0
68 298 -1 0
265 139 -1 0
208 192 -1 0
36 140 -1 0
373 128 -1 0
261 88 -1 0
206 235 -1 0
367 158 -1 0
377 62 -1 0
67 182 -1 0
119 165 -1 0
112 53 -1 0
121 23 -1 0
231 101 -1 0
91 95 -1 0
104 252 -1 0
304 274 -1 0
322 146 -1 0
269 317 -1 0
173 176 -1 0
229 336 -1 0
270 345 -1 0
156 387 -1 0
16 196 -1 0
69 123 -1 0
255 204 -1 0
268 333 -1 0
119 51 -1 0
66 299 -1 0
294 315 -1 0
62 241 -1 0
328 253 -1 0
170 254 -1 1
161 272 -1 1
147 230 -1 1
174 252 -1 1
163 226 -1 1
160 262 -1 1
152 258 -1 1
144 259 -1 1
151 226 -1 1
138 224 -1 1
171 271 -1 1
175 240 -1 1
145 253 -1 1
186 294 -1 1
147 251 -1 1
162 264 -1 1
168 262 -1 1
168 255 -1 1
148 271 -1 1
172 234 -1 1
143 254 -1 1
167 255 -1 1
187 273 -1 1
151 224 -1 1
174 283 -1 1
173 242 -1 1
175 272 -1 1
170 288 -1 1
170 259 -1 1
151 255 -1 1
158 229 -1 1
181 258 -1 1
145 221 -1 1
161 243 -1 1
145 238 -1 1
156 259 -1 1
172 241 -1 1
175 274 -1 1
166 281 -1 1
136 241 -1 1
190 269 -1 1
153 269 -1 1
159 240 -1 1
152 240 -1 1
138 222 -1 1
154 254 -1 1
150 234 -1 1
154 264 -1 1
168 245 -1 1
162 232 -1 1
167 236 -1 1
157 263 -1 1
167 277 -1 1
153 243 -1 1
178 273 -1 1
182 250 -1 1
169 238 -1 1
192 277 -1 1
158 283 -1 1
152 266 -1 1
172 283 -1 1
149 235 -1 1
167 265 -1 1
134 231 -1 1
164 268 -1 1
192 272 -1 1
149 233 -1 1
145 236 -1 1
160 258 -1 1
162 234 -1 1
143 227 -1 1
175 286 -1 1
156 232 -1 1
145 225 -1 1
146 241 -1 1
153 231 -1 1
149 229 -1 1
173 288 -1 1
173 263 -1 1
174 256 -1 1
146 242 -1 1
186 272 -1 1
183 294 -1 1
159 242 -1 1
142 235 -1 1
155 232 -1 1
160 234 -1 1
153 255 -1 1
159 280 -1 1
149 226 -1 1
159 249 -1 1
150 233 -1 1
156 258 -1 1
152 271 -1 1
178 275 -1 1
147 255 -1 1
181 254 -1 1
180 272 -1 1
156 272 -1 1
185 275 -1 1
160 273 -1 1
140 253 -1 1
153 252 -1 1
186 267 -1 1
173 291 -1 1
157 224 -1 1
185 294 -1 1
171 250 -1 1
162 280 -1 1
160 245 -1 1
162 246 -1 1
181 266 -1 1
158 225 -1 1
151 219 -1 1
170 255 -1 1
144 232 -1 1
161 249 -1 1
167 250 -1 1
135 245 -1 1
183 267 -1 1
171 265 -1 1
158 223 -1 1
153 267 -1 1
176 272 -1 1
144 263 -1 1
179 267 -1 1
160 265 -1 1
137 222 -1 1
163 252 -1 1
159 241 -1 1
186 295 -1 1
184 280 -1 1
169 290 -1 1
156 255 -1 1
142 259 -1 1
145 226 -1 1
131 232 -1 1
138 217 -1 1
184 250 -1 1
156 235 -1 1
149 219 -1 1
164 228 -1 1
169 250 -1 1
171 245 -1 1
180 296 -1 1
138 243 -1 1
146 252 -1 1
141 253 -1 1
151 220 -1 1
178 289 -1 1
165 238 -1 1
164 273 -1 1
138 221 -1 1
187 264 -1 1
151 269 -1 1
183 264 -1 1
184 255 -1 1
147 250 -1 1
186 278 -1 1
159 265 -1 1
195 289 -1 1
166 269 -1 1
178 293 -1 1
142 261 -1 1
184 253 -1 1
147 252 -1 1
153 270 -1 1
166 245 -1 1
188 267 -1 1
169 252 -1 1
170 261 -1 1
175 249 -1 1
146 251 -1 1
179 295 -1 1
153 261 -1 1
140 219 -1 1
184 273 -1 1
163 261 -1 1
153 227 -1 1
191 268 -1 1
174 273 -1 1
174 251 -1 1
166 261 -1 1
171 253 -1 1
189 258 -1 1
142 250 -1 1
188 270 -1 1
150 227 -1 1
154 245 -1 1
155 257 -1 1
172 252 -1 1
178 292 -1 1
154 270 -1 1
186 280 -1 1
157 226 -1 1
184 265 -1 1
182 263 -1 1
183 295 -1 1
145 251 -1 1
165 288 -1 1
149 246 -1 1
144 257 -1 1
191 261 -1 1
160 226 -1 1
166 255 -1 1
184 275 -1 1
179 277 -1 1
141 244 -1 1
154 274 -1 1
134 230 -1 1
156 226 -1 1
136 243 -1 1
133 233 -1 1
182 266 -1 1
143 248 -1 1
136 226 -1 1
137 246 -1 1
183 272 -1 1
175 267 -1 1
148 270 -1 1
146 269 -1 1
161 276 -1 1
143 244 -1 1
188 261 -1 1
146 246 -1 1
149 247 -1 1
163 262 -1 1
175 247 -1 1
154 241 -1 1
146 237 -1 1
167 282 -1 1
176 275 -1 1
135 230 -1 1
148 219 -1 1
157 265 -1 1
177 273 -1 1
176 269 -1 1
135 234 -1 1
177 274 -1 1
158 255 -1 1
174 285 -1 1
171 233 -1 1
132 226 -1 1
157 276 -1 1
179 265 -1 1
174 243 -1 1
193 288 -1 1
180 265 -1 1
163 284 -1 1
175 258 -1 1
169 259 -1 1
181 284 -1 1
168 266 -1 1
179 255 -1 1
172 243 -1 1
193 279 -1 1
161 226 -1 1
140 258 -1 1
137 253 -1 1
174 275 -1 1
154 275 -1 1
149 252 -1 1
160 246 -1 1
172 266 -1 1
149 271 -1 1
164 264 -1 1
143 253 -1 1
164 275 -1 1
131 231 -1 1
140 238 -1 1
161 278 -1 1
154 240 -1 1
157 255 -1 1
134 249 -1 1
189 284 -1 1
154 262 -1 1
149 245 -1 1
144 228 -1 1
140 251 -1 1
168 275 -1 1
143 241 -1 1
181 293 -1 1
166 240 -1 1
196 288 -1 1
141 248 -1 1
165 252 -1 1
161 283 -1 1
159 278 -1 1
186 287 -1 1
181 246 -1 1
137 237 -1 1
154 276 -1 1
169 249 -1 1
150 271 -1 1
178 269 -1 1
175 290 -1 1
185 252 -1 1
185 262 -1 1
175 250 -1 1
164 267 -1 1
