4800 400 400
270 365 -1 0
234 118 -1 0
150 228 -1 0
60 64 -1 0
329 164 -1 0
244 377 -1 0
118 17 -1 0
89 139 -1 0
375 345 -1 0
285 195 -1 0
52 51 -1 0
273 92 -1 0
138 320 -1 0
14 126 -1 0
306 192 -1 0
50 162 -1 0
0 0 -1 0
69 188 -1 0
133 117 -1 0
47 189 -1 0
387 309 -1 0
239 4 -1 0
154 122 -1 0
392 139 -1 0
65 53 -1 0
173 393 -1 0
311 64 -1 0
111 217 -1 0
353 354 -1 0
110 373 -1 0
36 13 -1 0
46 6 -1 0
158 195 -1 0
191 258 -1 0
288 190 -1 0
122 237 -1 0
294 228 -1 0
44 230 -1 0
288 199 -1 0
102 234 -1 0
248 94 -1 0
370 319 -1 0
132 369 -1 0
79 352 -1 0
153 18 -1 0
237 356 -1 0
10 375 -1 0
12 56 -1 0
57 161 -1 0
36 356 -1 0
115 108 -1 0
145 232 -1 0
67 294 -1 0
239 136 -1 0
181 310 -1 0
19 209 -1 0
336 147 -1 0
227 60 -1 0
175 130 -1 0
335 79 -1 0
393 386 -1 0
240 203 -1 0
39 357 -1 0
53 84 -1 0
313 7 -1 0
49 54 -1 0
270 133 -1 0
123 323 -1 0
280 117 -1 0
150 86 -1 0
277 263 -1 0
363 35 -1 0
126 94 -1 0
133 44 -1 0
150 339 -1 0
319 155 -1 0
90 255 -1 0
279 171 -1 0
71 343 -1 0
42 392 -1 0
105 298 -1 0
246 197 -1 0
337 20 -1 0
239 365 -1 0
127 245 -1 0
329 366 -1 0
119 222 -1 0
317 19 -1 0
86 327 -1 0
357 102 -1 0
352 269 -1 0
21 320 -1 0
247 184 -1 0
243 370 -1 0
327 294 -1 0
164 255 -1 0
344 232 -1 0
230 12 -1 0
180 73 -1 0
35 185 -1 0
200 253 -1 0
311 315 -1 0
91 283 -1 0
241 78 -1 0
290 238 -1 0
68 399 -1 0
340 385 -1 0
334 193 -1 0
90 241 -1 0
282 344 -1 0
274 363 -1 0
216 360 -1 0
224 376 -1 0
365 18 -1 0
185 71 -1 0
118 149 -1 0
194 69 -1 0
343 373 -1 0
365 351 -1 0
389 225 -1 0
258 360 -1 0
57 41 -1 0
367 212 -1 0
96 308 -1 0
304 307 -1 0
335 294 -1 0
135 323 -1 0
131 142 -1 0
16 332 -1 0
44 314 -1 0
307 13 -1 0
244 125 -1 0
343 83 -1 0
106 39 -1 0
222 368 -1 0
78 87 -1 0
159 394 -1 0
227 187 -1 0
292 141 -1 0
195 399 -1 0
355 358 -1 0
257 138 -1 0
255 59 -1 0
270 71 -1 0
145 393 -1 0
41 53 -1 0
145 299 -1 0
283 18 -1 0
273 122 -1 0
146 396 -1 0
131 98 -1 0
3 193 -1 0
153 137 -1 0
24 273 -1 0
122 13 -1 0
20 336 -1 0
366 323 -1 0
287 165 -1 0
317 274 -1 0
296 125 -1 0
353 109 -1 0
245 219 -1 0
240 374 -1 0
157 220 -1 0
48 141 -1 0
158 319 -1 0
317 390 -1 0
335 277 -1 0
227 5 -1 0
140 82 -1 0
265 67 -1 0
387 219 -1 0
36 148 -1 0
231 33 -1 0
373 122 -1 0
379 253 -1 0
27 206 -1 0
38 340 -1 0
178 380 -1 0
353 195 -1 0
34 327 -1 0
182 101 -1 0
340 38 -1 0
234 37 -1 0
86 297 -1 0
63 225 -1 0
134 9 -1 0
259 199 -1 0
169 369 -1 0
24 232 -1 0
193 306 -1 0
360 302 -1 0
14 106 -1 0
192 238 -1 0
117 70 -1 0
332 271 -1 0
333 230 -1 0
360 244 -1 0
103 128 -1 0
151 217 -1 0
1 288 -1 0
223 216 -1 0
2 330 -1 0
71 150 -1 0
28 179 -1 0
92 18 -1 0
232 21 -1 0
131 212 -1 0
132 324 -1 0
330 178 -1 0
200 125 -1 0
159 200 -1 0
58 259 -1 0
77 75 -1 0
150 2 -1 0
234 59 -1 0
74 185 -1 0
171 388 -1 0
76 141 -1 0
306 287 -1 0
347 250 -1 0
160 162 -1 0
123 153 -1 0
343 247 -1 0
316 70 -1 0
112 218 -1 0
398 21 -1 0
133 373 -1 0
310 70 -1 0
357 261 -1 0
89 360 -1 0
323 119 -1 0
7 174 -1 0
317 217 -1 0
20 343 -1 0
22 271 -1 0
139 348 -1 0
1 320 -1 0
342 394 -1 0
103 288 -1 0
155 97 -1 0
291 234 -1 0
15 328 -1 0
192 259 -1 0
261 20 -1 0
199 25 -1 0
160 39 -1 0
107 274 -1 0
357 362 -1 0
336 351 -1 0
373 56 -1 0
8 36 -1 0
127 324 -1 0
366 291 -1 0
194 285 -1 0
228 73 -1 0
208 399 -1 0
8 46 -1 0
358 290 -1 0
367 390 -1 0
87 330 -1 0
15 25 -1 0
362 50 -1 0
33 196 -1 0
303 380 -1 0
386 87 -1 0
334 144 -1 0
348 39 -1 0
202 129 -1 0
12 181 -1 0
11 359 -1 0
294 199 -1 0
75 73 -1 0
378 154 -1 0
242 185 -1 0
398 379 -1 0
85 355 -1 0
122 255 -1 0
190 200 -1 0
62 364 -1 0
215 198 -1 0
228 122 -1 0
80 340 -1 0
216 110 -1 0
154 283 -1 0
243 206 -1 0
312 195 -1 0
362 91 -1 0
259 75 -1 0
21 310 -1 0
362 144 -1 0
323 348 -1 0
360 173 -1 0
176 286 -1 0
212 259 -1 0
12 304 -1 0
121 82 -1 0
281 221 -1 0
172 227 -1 0
158 206 -1 0
128 145 -1 0
26 46 -1 0
131 187 -1 0
175 70 -1 0
135 147 -1 0
305 95 -1 0
316 378 -1 0
106 386 -1 0
107 73 -1 0
102 221 -1 0
320 113 -1 0
25 4 -1 0
247 208 -1 0
213 133 -1 0
159 327 -1 0
371 287 -1 0
241 127 -1 0
52 220 -1 0
328 329 -1 0
286 26 -1 0
259 39 -1 0
123 284 -1 0
290 124 -1 0
274 16 -1 0
83 100 -1 0
320 384 -1 0
362 65 -1 0
299 290 -1 0
343 109 -1 0
226 17 -1 0
82 42 -1 0
81 3 -1 0
72 212 -1 0
397 55 -1 0
148 162 -1 0
126 88 -1 0
150 36 -1 0
22 329 -1 0
149 377 -1 0
212 260 -1 0
23 168 -1 0
297 49 -1 0
221 213 -1 0
353 223 -1 0
327 78 -1 0
53 340 -1 0
139 310 -1 0
301 55 -1 0
53 15 -1 0
295 135 -1 0
374 336 -1 0
111 93 -1 0
110 292 -1 0
237 113 -1 0
288 261 -1 0
223 121 -1 0
57 159 -1 0
353 171 -1 0
191 98 -1 0
362 193 -1 0
37 130 -1 0
128 136 -1 0
321 22 -1 0
263 155 -1 0
397 319 -1 0
368 97 -1 0
71 291 -1 0
382 256 -1 0
144 359 -1 0
169 248 -1 0
286 41 -1 0
157 346 -1 0
216 36 -1 0
255 177 -1 0
22 108 -1 0
98 19 -1 0
95 369 -1 0
159 321 -1 0
317 212 -1 0
334 55 -1 0
60 149 -1 0
259 385 -1 0
187 391 -1 0
83 186 -1 0
168 10 -1 0
334 181 -1 0
192 346 -1 0
304 305 -1 0
6 106 -1 0
214 158 -1 0
124 293 -1 0
371 203 -1 0
375 174 -1 0
119 87 -1 0
45 393 -1 0
378 331 -1 0
143 202 -1 0
374 20 -1 0
114 347 -1 0
334 8 -1 0
359 111 -1 0
31 33 -1 0
11 28 -1 0
309 323 -1 0
297 266 -1 0
344 394 -1 0
92 386 -1 0
279 24 -1 0
230 0 -1 0
334 273 -1 0
386 2 -1 0
62 107 -1 0
231 370 -1 0
276 275 -1 0
124 192 -1 0
287 25 -1 0
120 262 -1 0
144 63 -1 0
338 120 -1 0
288 25 -1 0
287 243 -1 0
85 211 -1 0
277 206 -1 0
1 399 -1 0
130 322 -1 0
279 338 -1 0
126 78 -1 0
9 259 -1 0
265 35 -1 0
151 159 -1 0
88 279 -1 0
223 51 -1 0
90 114 -1 0
349 319 -1 0
118 116 -1 0
66 140 -1 0
292 57 -1 0
383 215 -1 0
95 322 -1 0
115 185 -1 0
182 156 -1 0
173 213 -1 0
214 49 -1 0
285 73 -1 0
204 45 -1 0
299 77 -1 0
125 123 -1 0
268 384 -1 0
344 147 -1 0
303 97 -1 0
7 109 -1 0
348 29 -1 0
291 283 -1 0
23 150 -1 0
355 9 -1 0
369 24 -1 0
154 372 -1 0
51 12 -1 0
33 327 -1 0
334 359 -1 0
9 229 -1 0
271 184 -1 0
370 318 -1 0
341 291 -1 0
262 37 -1 0
380 64 -1 0
169 395 -1 0
391 106 -1 0
12 55 -1 0
15 131 -1 0
399 290 -1 0
99 67 -1 0
49 1 -1 0
63 143 -1 0
379 145 -1 0
121 29 -1 0
357 319 -1 0
35 388 -1 0
366 229 -1 0
190 351 -1 0
275 235 -1 0
248 222 -1 0
385 108 -1 0
185 160 -1 0
195 208 -1 0
68 194 -1 0
372 301 -1 0
331 120 -1 0
155 34 -1 0
130 162 -1 0
282 340 -1 0
361 180 -1 0
147 89 -1 0
217 175 -1 0
200 78 -1 0
171 288 -1 0
219 116 -1 0
386 370 -1 0
233 385 -1 0
179 276 -1 0
183 373 -1 0
323 1 -1 0
380 351 -1 0
28 16 -1 0
229 229 -1 0
33 276 -1 0
42 27 -1 0
284 14 -1 0
24 261 -1 0
138 111 -1 0
305 225 -1 0
291 394 -1 0
361 79 -1 0
106 227 -1 0
167 218 -1 0
72 267 -1 0
162 61 -1 0
259 379 -1 0
99 72 -1 0
326 108 -1 0
164 102 -1 0
151 74 -1 0
399 30 -1 0
7 292 -1 0
205 268 -1 0
185 347 -1 0
85 184 -1 0
335 34 -1 0
17 260 -1 0
32 76 -1 0
78 115 -1 0
110 265 -1 0
282 265 -1 0
87 126 -1 0
72 351 -1 0
12 70 -1 0
257 7 -1 0
181 156 -1 0
330 181 -1 0
346 241 -1 0
385 285 -1 0
121 335 -1 0
395 57 -1 0
208 80 -1 0
210 267 -1 0
34 207 -1 0
350 36 -1 0
225 13 -1 0
281 16 -1 0
108 339 -1 0
147 195 -1 0
80 327 -1 0
399 219 -1 0
327 287 -1 0
68 166 -1 0
17 228 -1 0
323 362 -1 0
81 234 -1 0
295 222 -1 0
162 339 -1 0
153 323 -1 0
397 273 -1 0
61 30 -1 0
18 189 -1 0
40 11 -1 0
150 286 -1 0
211 265 -1 0
52 47 -1 0
91 11 -1 0
114 209 -1 0
94 165 -1 0
221 34 -1 0
8 7 -1 0
279 170 -1 0
125 308 -1 0
96 385 -1 0
236 200 -1 0
12 263 -1 0
245 386 -1 0
321 159 -1 0
191 268 -1 0
347 21 -1 0
381 130 -1 0
117 305 -1 0
94 357 -1 0
166 356 -1 0
310 45 -1 0
161 194 -1 0
199 111 -1 0
255 377 -1 0
376 98 -1 0
327 218 -1 0
381 107 -1 0
43 141 -1 0
107 6 -1 0
269 295 -1 0
129 389 -1 0
343 198 -1 0
287 260 -1 0
257 128 -1 0
24 91 -1 0
230 144 -1 0
334 122 -1 0
209 233 -1 0
177 114 -1 0
220 97 -1 0
105 262 -1 0
145 73 -1 0
30 70 -1 0
300 143 -1 0
281 248 -1 0
327 94 -1 0
164 202 -1 0
162 137 -1 0
262 174 -1 0
234 22 -1 0
113 324 -1 0
234 110 -1 0
44 174 -1 0
41 200 -1 0
289 339 -1 0
86 137 -1 0
188 367 -1 0
107 119 -1 0
41 331 -1 0
335 50 -1 0
344 181 -1 0
319 342 -1 0
336 149 -1 0
85 285 -1 0
19 348 -1 0
258 371 -1 0
368 307 -1 0
11 35 -1 0
23 166 -1 0
368 244 -1 0
89 219 -1 0
121 126 -1 0
82 38 -1 0
75 244 -1 0
161 43 -1 0
175 14 -1 0
84 220 -1 0
8 25 -1 0
70 228 -1 0
71 266 -1 0
383 177 -1 0
151 94 -1 0
8 335 -1 0
13 352 -1 0
127 205 -1 0
323 70 -1 0
263 114 -1 0
24 155 -1 0
128 280 -1 0
234 168 -1 0
168 256 -1 0
135 132 -1 0
220 121 -1 0
107 117 -1 0
121 128 -1 0
335 370 -1 0
289 244 -1 0
75 364 -1 0
316 217 -1 0
194 42 -1 0
11 352 -1 0
280 32 -1 0
387 360 -1 0
196 361 -1 0
113 295 -1 0
302 179 -1 0
336 95 -1 0
70 341 -1 0
76 117 -1 0
275 169 -1 0
92 292 -1 0
143 390 -1 0
136 273 -1 0
325 38 -1 0
207 269 -1 0
98 58 -1 0
210 175 -1 0
386 164 -1 0
392 182 -1 0
363 271 -1 0
108 124 -1 0
1 219 -1 0
379 44 -1 0
191 120 -1 0
55 97 -1 0
124 69 -1 0
173 96 -1 0
277 350 -1 0
145 97 -1 0
11 367 -1 0
9 149 -1 0
92 44 -1 0
107 141 -1 0
47 248 -1 0
8 26 -1 0
147 96 -1 0
364 109 -1 0
370 190 -1 0
262 189 -1 0
67 25 -1 0
226 4 -1 0
278 315 -1 0
132 67 -1 0
337 222 -1 0
235 125 -1 0
374 21 -1 0
0 97 -1 0
89 273 -1 0
348 142 -1 0
73 210 -1 0
270 131 -1 0
374 42 -1 0
82 368 -1 0
122 364 -1 0
354 61 -1 0
82 98 -1 0
301 393 -1 0
304 217 -1 0
29 113 -1 0
310 316 -1 0
208 84 -1 0
146 63 -1 0
57 208 -1 0
103 196 -1 0
112 398 -1 0
390 52 -1 0
355 61 -1 0
316 325 -1 0
231 215 -1 0
203 378 -1 0
87 185 -1 0
300 301 -1 0
331 2 -1 0
132 379 -1 0
388 250 -1 0
284 95 -1 0
230 377 -1 0
111 319 -1 0
77 180 -1 0
52 154 -1 0
204 205 -1 0
378 210 -1 0
331 226 -1 0
85 131 -1 0
104 399 -1 0
239 56 -1 0
129 398 -1 0
169 187 -1 0
248 139 -1 0
385 95 -1 0
158 174 -1 0
303 155 -1 0
149 19 -1 0
147 187 -1 0
376 281 -1 0
91 122 -1 0
110 289 -1 0
333 158 -1 0
242 359 -1 0
160 350 -1 0
100 336 -1 0
322 100 -1 0
10 69 -1 0
175 344 -1 0
0 18 -1 0
207 158 -1 0
157 331 -1 0
180 146 -1 0
378 379 -1 0
359 98 -1 0
203 172 -1 0
57 167 -1 0
306 246 -1 0
333 15 -1 0
33 332 -1 0
182 154 -1 0
328 382 -1 0
359 102 -1 0
47 287 -1 0
201 36 -1 0
114 395 -1 0
140 334 -1 0
283 193 -1 0
265 224 -1 0
388 309 -1 0
113 308 -1 0
160 281 -1 0
105 295 -1 0
319 250 -1 0
298 12 -1 0
304 49 -1 0
189 245 -1 0
59 103 -1 0
314 34 -1 0
215 13 -1 0
97 295 -1 0
63 166 -1 0
249 388 -1 0
223 363 -1 0
74 35 -1 0
325 183 -1 0
151 364 -1 0
155 25 -1 0
20 115 -1 0
312 292 -1 0
271 311 -1 0
168 270 -1 0
359 293 -1 0
177 45 -1 0
5 162 -1 0
139 63 -1 0
103 351 -1 0
258 178 -1 0
324 328 -1 0
388 278 -1 0
382 292 -1 0
146 25 -1 0
22 297 -1 0
173 12 -1 0
139 117 -1 0
376 365 -1 0
155 198 -1 0
87 308 -1 0
37 188 -1 0
301 16 -1 0
66 364 -1 0
5 131 -1 0
162 387 -1 0
257 223 -1 0
117 289 -1 0
296 108 -1 0
160 75 -1 0
117 84 -1 0
161 9 -1 0
174 225 -1 0
190 33 -1 0
392 121 -1 0
136 122 -1 0
190 127 -1 0
190 126 -1 0
194 383 -1 0
280 143 -1 0
10 156 -1 0
103 141 -1 0
46 358 -1 0
394 71 -1 0
335 101 -1 0
90 104 -1 0
175 131 -1 0
96 12 -1 0
365 319 -1 0
78 102 -1 0
90 125 -1 0
256 89 -1 0
288 290 -1 0
156 40 -1 0
121 370 -1 0
304 14 -1 0
237 397 -1 0
288 98 -1 0
318 225 -1 0
372 363 -1 0
162 27 -1 0
108 5 -1 0
293 129 -1 0
311 228 -1 0
275 167 -1 0
155 66 -1 0
323 300 -1 0
393 198 -1 0
113 320 -1 0
292 193 -1 0
281 41 -1 0
345 396 -1 0
66 396 -1 0
180 127 -1 0
139 182 -1 0
110 388 -1 0
377 257 -1 0
118 270 -1 0
77 155 -1 0
379 268 -1 0
145 56 -1 0
140 226 -1 0
142 398 -1 0
173 367 -1 0
352 355 -1 0
18 312 -1 0
287 110 -1 0
318 48 -1 0
150 128 -1 0
76 285 -1 0
31 255 -1 0
399 88 -1 0
115 373 -1 0
102 46 -1 0
222 206 -1 0
238 184 -1 0
282 210 -1 0
219 14 -1 0
274 282 -1 0
355 127 -1 0
78 160 -1 0
133 353 -1 0
263 15 -1 0
324 79 -1 0
86 99 -1 0
192 213 -1 0
101 399 -1 0
345 332 -1 0
284 37 -1 0
343 134 -1 0
161 244 -1 0
52 174 -1 0
317 171 -1 0
337 271 -1 0
110 113 -1 0
88 130 -1 0
200 149 -1 0
238 132 -1 0
27 189 -1 0
140 98 -1 0
52 139 -1 0
277 394 -1 0
97 189 -1 0
274 67 -1 0
237 172 -1 0
343 255 -1 0
200 394 -1 0
291 74 -1 0
77 210 -1 0
110 146 -1 0
209 150 -1 0
239 11 -1 0
229 74 -1 0
207 112 -1 0
163 267 -1 0
247 69 -1 0
262 84 -1 0
140 382 -1 0
48 358 -1 0
55 198 -1 0
360 122 -1 0
224 145 -1 0
162 337 -1 0
73 334 -1 0
154 154 -1 0
138 104 -1 0
49 48 -1 0
142 167 -1 0
391 60 -1 0
29 336 -1 0
397 275 -1 0
151 188 -1 0
266 345 -1 0
256 96 -1 0
172 381 -1 0
153 380 -1 0
122 386 -1 0
236 187 -1 0
372 277 -1 0
28 365 -1 0
51 3 -1 0
75 158 -1 0
215 204 -1 0
347 33 -1 0
49 17 -1 0
86 188 -1 0
23 304 -1 0
101 99 -1 0
289 385 -1 0
325 370 -1 0
6 276 -1 0
125 19 -1 0
191 77 -1 0
355 48 -1 0
381 6 -1 0
132 177 -1 0
280 108 -1 0
6 383 -1 0
200 56 -1 0
69 179 -1 0
70 1 -1 0
383 120 -1 0
147 191 -1 0
154 328 -1 0
171 38 -1 0
395 168 -1 0
27 29 -1 0
24 6 -1 0
393 70 -1 0
252 386 -1 0
124 34 -1 0
236 125 -1 0
122 306 -1 0
321 54 -1 0
97 200 -1 0
114 204 -1 0
105 376 -1 0
70 166 -1 0
345 136 -1 0
326 15 -1 0
7 281 -1 0
72 384 -1 0
386 384 -1 0
329 364 -1 0
266 100 -1 0
103 236 -1 0
152 187 -1 0
278 303 -1 0
266 295 -1 0
199 396 -1 0
53 355 -1 0
397 292 -1 0
121 92 -1 0
249 224 -1 0
320 383 -1 0
394 391 -1 0
102 121 -1 0
320 369 -1 0
270 324 -1 0
177 301 -1 0
116 36 -1 0
184 37 -1 0
157 281 -1 0
146 157 -1 0
365 333 -1 0
324 128 -1 0
156 396 -1 0
172 192 -1 0
334 391 -1 0
62 8 -1 0
56 54 -1 0
286 221 -1 0
274 76 -1 0
62 198 -1 0
176 330 -1 0
60 141 -1 0
76 2 -1 0
380 313 -1 0
156 293 -1 0
87 147 -1 0
375 120 -1 0
224 170 -1 0
181 125 -1 0
304 92 -1 0
383 168 -1 0
58 5 -1 0
166 154 -1 0
239 40 -1 0
76 291 -1 0
391 243 -1 0
322 122 -1 0
250 139 -1 0
150 114 -1 0
218 229 -1 0
139 258 -1 0
388 11 -1 0
24 159 -1 0
192 104 -1 0
181 100 -1 0
396 194 -1 0
162 202 -1 0
111 397 -1 0
146 260 -1 0
322 164 -1 0
183 78 -1 0
92 52 -1 0
363 169 -1 0
34 107 -1 0
259 202 -1 0
280 17 -1 0
233 49 -1 0
125 259 -1 0
363 69 -1 0
22 57 -1 0
70 101 -1 0
370 52 -1 0
273 105 -1 0
331 182 -1 0
75 260 -1 0
283 347 -1 0
368 131 -1 0
124 43 -1 0
353 70 -1 0
332 243 -1 0
381 93 -1 0
364 373 -1 0
350 309 -1 0
327 166 -1 0
79 393 -1 0
328 328 -1 0
259 118 -1 0
143 194 -1 0
273 278 -1 0
48 330 -1 0
218 9 -1 0
86 125 -1 0
60 191 -1 0
223 106 -1 0
166 52 -1 0
293 288 -1 0
0 289 -1 0
256 177 -1 0
64 155 -1 0
250 26 -1 0
362 115 -1 0
390 126 -1 0
283 335 -1 0
291 253 -1 0
103 252 -1 0
16 33 -1 0
209 168 -1 0
115 56 -1 0
279 202 -1 0
325 386 -1 0
36 241 -1 0
330 261 -1 0
207 35 -1 0
158 96 -1 0
154 46 -1 0
64 364 -1 0
188 178 -1 0
99 231 -1 0
189 220 -1 0
138 90 -1 0
366 302 -1 0
396 332 -1 0
274 74 -1 0
149 141 -1 0
118 246 -1 0
260 336 -1 0
293 371 -1 0
184 80 -1 0
239 36 -1 0
396 279 -1 0
312 194 -1 0
56 370 -1 0
289 221 -1 0
207 399 -1 0
123 277 -1 0
34 82 -1 0
374 140 -1 0
139 65 -1 0
164 380 -1 0
377 137 -1 0
289 8 -1 0
189 279 -1 0
304 48 -1 0
88 380 -1 0
271 364 -1 0
289 116 -1 0
263 203 -1 0
243 190 -1 0
388 274 -1 0
256 176 -1 0
340 195 -1 0
338 331 -1 0
229 68 -1 0
34 278 -1 0
81 266 -1 0
19 28 -1 0
353 268 -1 0
186 282 -1 0
365 248 -1 0
169 57 -1 0
243 187 -1 0
324 213 -1 0
339 238 -1 0
5 156 -1 0
339 179 -1 0
342 229 -1 0
238 368 -1 0
207 229 -1 0
237 22 -1 0
75 332 -1 0
377 24 -1 0
89 29 -1 0
346 304 -1 0
312 205 -1 0
232 71 -1 0
307 380 -1 0
394 86 -1 0
133 356 -1 0
146 73 -1 0
234 380 -1 0
307 271 -1 0
7 293 -1 0
334 342 -1 0
202 4 -1 0
178 190 -1 0
307 373 -1 0
337 193 -1 0
275 363 -1 0
218 113 -1 0
271 6 -1 0
70 199 -1 0
168 365 -1 0
239 227 -1 0
120 75 -1 0
20 163 -1 0
391 363 -1 0
82 212 -1 0
310 320 -1 0
97 52 -1 0
29 66 -1 0
46 31 -1 0
323 154 -1 0
104 397 -1 0
53 170 -1 0
47 215 -1 0
250 83 -1 0
326 391 -1 0
366 15 -1 0
269 66 -1 0
338 91 -1 0
345 262 -1 0
275 225 -1 0
85 232 -1 0
269 177 -1 0
48 339 -1 0
179 38 -1 0
59 17 -1 0
82 270 -1 0
355 82 -1 0
163 314 -1 0
108 195 -1 0
80 299 -1 0
128 236 -1 0
129 228 -1 0
256 92 -1 0
110 241 -1 0
154 203 -1 0
112 164 -1 0
287 121 -1 0
358 6 -1 0
124 134 -1 0
48 270 -1 0
127 180 -1 0
302 131 -1 0
84 39 -1 0
77 17 -1 0
22 280 -1 0
380 83 -1 0
8 283 -1 0
219 134 -1 0
8 297 -1 0
213 178 -1 0
127 362 -1 0
133 112 -1 0
130 209 -1 0
333 184 -1 0
93 397 -1 0
148 374 -1 0
327 376 -1 0
103 224 -1 0
202 73 -1 0
36 276 -1 0
295 52 -1 0
383 247 -1 0
102 395 -1 0
348 75 -1 0
49 353 -1 0
54 56 -1 0
74 257 -1 0
236 205 -1 0
55 126 -1 0
310 355 -1 0
97 222 -1 0
330 66 -1 0
39 205 -1 0
48 4 -1 0
83 47 -1 0
150 351 -1 0
208 234 -1 0
36 311 -1 0
31 169 -1 0
345 26 -1 0
72 143 -1 0
282 165 -1 0
108 254 -1 0
158 166 -1 0
258 85 -1 0
388 226 -1 0
74 194 -1 0
59 58 -1 0
158 38 -1 0
21 332 -1 0
127 8 -1 0
51 8 -1 0
42 395 -1 0
275 217 -1 0
92 363 -1 0
222 20 -1 0
312 3 -1 0
121 24 -1 0
290 259 -1 0
369 102 -1 0
382 350 -1 0
108 246 -1 0
209 95 -1 0
96 66 -1 0
367 41 -1 0
158 118 -1 0
31 383 -1 0
367 7 -1 0
74 66 -1 0
130 207 -1 0
120 386 -1 0
283 291 -1 0
91 39 -1 0
112 85 -1 0
32 21 -1 0
11 167 -1 0
234 386 -1 0
376 332 -1 0
106 199 -1 0
252 70 -1 0
389 160 -1 0
119 396 -1 0
180 197 -1 0
306 123 -1 0
290 158 -1 0
337 124 -1 0
159 313 -1 0
40 287 -1 0
396 255 -1 0
334 152 -1 0
168 154 -1 0
194 238 -1 0
195 215 -1 0
85 189 -1 0
111 65 -1 0
362 209 -1 0
65 30 -1 0
343 204 -1 0
233 238 -1 0
40 120 -1 0
52 14 -1 0
297 100 -1 0
140 377 -1 0
109 309 -1 0
321 217 -1 0
331 356 -1 0
369 361 -1 0
212 386 -1 0
28 168 -1 0
300 386 -1 0
173 90 -1 0
257 164 -1 0
74 369 -1 0
202 113 -1 0
71 84 -1 0
376 324 -1 0
206 251 -1 0
348 197 -1 0
374 141 -1 0
128 76 -1 0
285 120 -1 0
22 367 -1 0
197 150 -1 0
119 337 -1 0
389 274 -1 0
193 239 -1 0
250 127 -1 0
88 197 -1 0
376 40 -1 0
218 388 -1 0
120 3 -1 0
305 389 -1 0
383 287 -1 0
29 218 -1 0
41 396 -1 0
169 98 -1 0
281 257 -1 0
306 93 -1 0
387 130 -1 0
167 107 -1 0
296 276 -1 0
340 83 -1 0
94 313 -1 0
312 391 -1 0
318 134 -1 0
316 332 -1 0
103 184 -1 0
300 396 -1 0
225 58 -1 0
121 187 -1 0
178 371 -1 0
326 356 -1 0
244 93 -1 0
152 86 -1 0
122 57 -1 0
392 291 -1 0
175 108 -1 0
151 154 -1 0
144 115 -1 0
221 240 -1 0
10 148 -1 0
67 122 -1 0
43 73 -1 0
280 234 -1 0
173 150 -1 0
270 62 -1 0
338 379 -1 0
85 370 -1 0
212 39 -1 0
311 57 -1 0
51 383 -1 0
184 213 -1 0
281 80 -1 0
16 12 -1 0
282 269 -1 0
98 280 -1 0
308 201 -1 0
114 296 -1 0
102 137 -1 0
309 161 -1 0
186 242 -1 0
85 0 -1 0
350 219 -1 0
260 35 -1 0
380 53 -1 0
137 395 -1 0
219 159 -1 0
299 67 -1 0
238 220 -1 0
305 168 -1 0
76 192 -1 0
72 378 -1 0
160 380 -1 0
165 175 -1 0
310 208 -1 0
340 184 -1 0
173 125 -1 0
8 363 -1 0
308 192 -1 0
156 180 -1 0
380 251 -1 0
66 193 -1 0
213 153 -1 0
365 26 -1 0
380 44 -1 0
55 282 -1 0
353 391 -1 0
202 225 -1 0
354 240 -1 0
14 198 -1 0
9 377 -1 0
94 184 -1 0
35 366 -1 0
164 365 -1 0
11 275 -1 0
62 232 -1 0
384 30 -1 0
3 187 -1 0
193 202 -1 0
12 177 -1 0
309 377 -1 0
159 292 -1 0
365 13 -1 0
190 204 -1 0
311 173 -1 0
334 323 -1 0
395 330 -1 0
325 88 -1 0
78 297 -1 0
276 284 -1 0
22 325 -1 0
318 393 -1 0
353 123 -1 0
124 83 -1 0
392 390 -1 0
195 32 -1 0
19 163 -1 0
101 153 -1 0
110 19 -1 0
167 167 -1 0
137 288 -1 0
301 27 -1 0
130 228 -1 0
10 258 -1 0
264 209 -1 0
277 254 -1 0
134 231 -1 0
334 262 -1 0
276 122 -1 0
245 50 -1 0
115 364 -1 0
261 233 -1 0
50 58 -1 0
279 228 -1 0
338 166 -1 0
8 233 -1 0
249 106 -1 0
280 207 -1 0
44 127 -1 0
243 108 -1 0
78 93 -1 0
63 213 -1 0
340 386 -1 0
221 110 -1 0
318 41 -1 0
268 358 -1 0
159 244 -1 0
338 260 -1 0
216 169 -1 0
71 81 -1 0
34 289 -1 0
119 115 -1 0
158 77 -1 0
289 294 -1 0
95 347 -1 0
54 29 -1 0
85 347 -1 0
46 336 -1 0
200 242 -1 0
208 259 -1 0
365 374 -1 0
301 123 -1 0
376 260 -1 0
265 329 -1 0
82 310 -1 0
121 393 -1 0
363 398 -1 0
217 57 -1 0
55 158 -1 0
284 97 -1 0
30 302 -1 0
378 308 -1 0
273 157 -1 0
244 63 -1 0
228 25 -1 0
113 175 -1 0
366 62 -1 0
284 129 -1 0
316 267 -1 0
277 167 -1 0
154 155 -1 0
123 271 -1 0
270 369 -1 0
284 195 -1 0
370 164 -1 0
224 239 -1 0
110 115 -1 0
256 347 -1 0
174 153 -1 0
228 236 -1 0
385 13 -1 0
395 298 -1 0
348 31 -1 0
203 217 -1 0
78 281 -1 0
364 322 -1 0
359 197 -1 0
274 49 -1 0
114 11 -1 0
304 27 -1 0
349 32 -1 0
339 388 -1 0
388 22 -1 0
292 26 -1 0
246 142 -1 0
11 45 -1 0
101 70 -1 0
296 33 -1 0
369 49 -1 0
157 79 -1 0
34 109 -1 0
163 63 -1 0
74 323 -1 0
212 124 -1 0
373 397 -1 0
167 363 -1 0
80 256 -1 0
37 356 -1 0
236 63 -1 0
136 382 -1 0
259 98 -1 0
350 52 -1 0
234 393 -1 0
376 216 -1 0
392 381 -1 0
26 131 -1 0
319 21 -1 0
377 315 -1 0
168 327 -1 0
48 350 -1 0
195 6 -1 0
226 75 -1 0
162 116 -1 0
177 240 -1 0
371 22 -1 0
223 168 -1 0
64 46 -1 0
214 178 -1 0
223 38 -1 0
136 199 -1 0
308 365 -1 0
138 285 -1 0
133 139 -1 0
201 238 -1 0
188 40 -1 0
99 270 -1 0
383 165 -1 0
89 377 -1 0
258 127 -1 0
77 10 -1 0
345 152 -1 0
212 86 -1 0
286 308 -1 0
55 92 -1 0
83 310 -1 0
108 301 -1 0
233 153 -1 0
98 199 -1 0
153 205 -1 0
390 80 -1 0
294 111 -1 0
88 349 -1 0
108 281 -1 0
130 286 -1 0
296 83 -1 0
16 341 -1 0
325 196 -1 0
246 96 -1 0
37 202 -1 0
12 288 -1 0
382 134 -1 0
33 19 -1 0
125 341 -1 0
108 372 -1 0
65 156 -1 0
275 148 -1 0
160 329 -1 0
234 11 -1 0
126 288 -1 0
134 340 -1 0
3 319 -1 0
252 130 -1 0
284 169 -1 0
283 20 -1 0
369 177 -1 0
358 185 -1 0
37 227 -1 0
149 211 -1 0
45 120 -1 0
76 271 -1 0
31 362 -1 0
232 82 -1 0
337 170 -1 0
68 9 -1 0
149 373 -1 0
68 324 -1 0
184 368 -1 0
18 248 -1 0
135 110 -1 0
184 227 -1 0
121 88 -1 0
145 126 -1 0
332 77 -1 0
113 297 -1 0
239 93 -1 0
14 113 -1 0
317 301 -1 0
165 348 -1 0
36 180 -1 0
169 385 -1 0
346 228 -1 0
241 143 -1 0
134 225 -1 0
103 305 -1 0
319 193 -1 0
226 106 -1 0
205 36 -1 0
52 345 -1 0
377 230 -1 0
285 154 -1 0
49 224 -1 0
77 35 -1 0
131 83 -1 0
381 387 -1 0
260 26 -1 0
325 177 -1 0
159 248 -1 0
305 239 -1 0
159 133 -1 0
35 132 -1 0
73 147 -1 0
22 387 -1 0
326 58 -1 0
70 362 -1 0
101 317 -1 0
305 275 -1 0
394 2 -1 0
92 378 -1 0
109 170 -1 0
311 308 -1 0
173 126 -1 0
296 70 -1 0
141 309 -1 0
112 196 -1 0
369 94 -1 0
161 256 -1 0
253 108 -1 0
99 282 -1 0
99 299 -1 0
233 92 -1 0
29 310 -1 0
174 360 -1 0
163 378 -1 0
399 304 -1 0
168 325 -1 0
107 148 -1 0
81 337 -1 0
259 218 -1 0
225 189 -1 0
247 189 -1 0
29 254 -1 0
287 188 -1 0
336 115 -1 0
177 89 -1 0
45 388 -1 0
90 44 -1 0
390 158 -1 0
12 108 -1 0
17 233 -1 0
34 288 -1 0
205 60 -1 0
86 320 -1 0
153 17 -1 0
17 286 -1 0
117 387 -1 0
385 197 -1 0
119 70 -1 0
321 345 -1 0
114 21 -1 0
240 165 -1 0
326 383 -1 0
310 278 -1 0
306 39 -1 0
16 370 -1 0
275 59 -1 0
111 302 -1 0
281 45 -1 0
61 48 -1 0
63 226 -1 0
376 292 -1 0
326 201 -1 0
125 232 -1 0
58 37 -1 0
314 114 -1 0
98 203 -1 0
318 341 -1 0
270 337 -1 0
387 18 -1 0
131 196 -1 0
183 85 -1 0
82 27 -1 0
33 333 -1 0
62 93 -1 0
99 334 -1 0
230 230 -1 0
66 362 -1 0
171 147 -1 0
73 79 -1 0
142 60 -1 0
109 303 -1 0
289 162 -1 0
113 240 -1 0
5 305 -1 0
317 60 -1 0
371 31 -1 0
73 13 -1 0
16 96 -1 0
346 149 -1 0
160 237 -1 0
118 332 -1 0
99 151 -1 0
142 84 -1 0
367 366 -1 0
233 393 -1 0
303 192 -1 0
49 372 -1 0
345 8 -1 0
279 50 -1 0
195 103 -1 0
255 95 -1 0
205 44 -1 0
370 102 -1 0
314 225 -1 0
353 99 -1 0
71 239 -1 0
115 312 -1 0
129 202 -1 0
187 358 -1 0
203 79 -1 0
115 309 -1 0
72 72 -1 0
270 108 -1 0
143 89 -1 0
64 174 -1 0
208 151 -1 0
242 69 -1 0
97 65 -1 0
124 75 -1 0
77 49 -1 0
328 175 -1 0
191 155 -1 0
287 36 -1 0
337 381 -1 0
281 290 -1 0
264 32 -1 0
180 279 -1 0
269 390 -1 0
132 92 -1 0
344 26 -1 0
209 364 -1 0
120 91 -1 0
188 151 -1 0
359 245 -1 0
264 154 -1 0
357 61 -1 0
374 386 -1 0
168 50 -1 0
41 262 -1 0
159 283 -1 0
230 241 -1 0
281 197 -1 0
138 339 -1 0
269 284 -1 0
19 180 -1 0
191 163 -1 0
399 153 -1 0
384 211 -1 0
168 73 -1 0
360 64 -1 0
368 70 -1 0
340 88 -1 0
217 139 -1 0
207 394 -1 0
112 287 -1 0
36 127 -1 0
178 148 -1 0
283 52 -1 0
177 33 -1 0
269 296 -1 0
318 315 -1 0
64 279 -1 0
362 194 -1 0
258 354 -1 0
50 78 -1 0
176 78 -1 0
206 14 -1 0
284 348 -1 0
164 396 -1 0
214 136 -1 0
217 214 -1 0
343 214 -1 0
246 1 -1 0
61 256 -1 0
15 80 -1 0
0 330 -1 0
89 327 -1 0
85 283 -1 0
45 142 -1 0
173 217 -1 0
188 298 -1 0
203 228 -1 0
117 300 -1 0
91 300 -1 0
22 95 -1 0
77 266 -1 0
192 162 -1 0
77 388 -1 0
208 161 -1 0
3 2 -1 0
161 99 -1 0
1 211 -1 0
54 380 -1 0
226 128 -1 0
306 103 -1 0
228 378 -1 0
153 88 -1 0
356 157 -1 0
369 317 -1 0
75 393 -1 0
300 256 -1 0
197 112 -1 0
247 52 -1 0
171 297 -1 0
366 360 -1 0
377 363 -1 0
182 99 -1 0
264 385 -1 0
335 316 -1 0
312 84 -1 0
370 65 -1 0
74 284 -1 0
44 72 -1 0
336 253 -1 0
107 258 -1 0
73 1 -1 0
372 326 -1 0
128 22 -1 0
151 151 -1 0
337 295 -1 0
192 374 -1 0
227 236 -1 0
309 21 -1 0
110 287 -1 0
137 73 -1 0
2 84 -1 0
321 63 -1 0
381 80 -1 0
136 111 -1 0
380 230 -1 0
122 209 -1 0
206 391 -1 0
203 129 -1 0
112 162 -1 0
229 370 -1 0
167 236 -1 0
336 227 -1 0
170 321 -1 0
298 100 -1 0
130 288 -1 0
377 150 -1 0
70 48 -1 0
53 118 -1 0
100 60 -1 0
296 351 -1 0
218 44 -1 0
283 344 -1 0
209 252 -1 0
263 391 -1 0
45 298 -1 0
102 333 -1 0
326 25 -1 0
101 308 -1 0
382 73 -1 0
251 84 -1 0
98 272 -1 0
335 40 -1 0
274 389 -1 0
54 328 -1 0
379 241 -1 0
212 207 -1 0
389 294 -1 0
219 213 -1 0
257 169 -1 0
44 153 -1 0
359 184 -1 0
318 185 -1 0
245 396 -1 0
146 179 -1 0
100 218 -1 0
376 5 -1 0
82 271 -1 0
201 30 -1 0
176 293 -1 0
102 173 -1 0
346 134 -1 0
286 307 -1 0
222 189 -1 0
110 359 -1 0
90 326 -1 0
310 351 -1 0
318 165 -1 0
249 230 -1 0
98 177 -1 0
102 393 -1 0
171 234 -1 0
71 342 -1 0
358 8 -1 0
69 242 -1 0
127 236 -1 0
74 187 -1 0
79 137 -1 0
160 367 -1 0
77 22 -1 0
367 294 -1 0
302 202 -1 0
288 88 -1 0
91 356 -1 0
330 138 -1 0
69 339 -1 0
359 113 -1 0
37 267 -1 0
390 164 -1 0
170 5 -1 0
83 49 -1 0
165 137 -1 0
225 102 -1 0
3 69 -1 0
398 117 -1 0
271 65 -1 0
335 289 -1 0
347 359 -1 0
233 90 -1 0
46 275 -1 0
163 147 -1 0
38 129 -1 0
307 175 -1 0
392 86 -1 0
123 66 -1 0
125 68 -1 0
265 135 -1 0
280 127 -1 0
209 90 -1 0
38 104 -1 0
396 320 -1 0
83 165 -1 0
218 168 -1 0
197 77 -1 0
165 318 -1 0
396 40 -1 0
47 288 -1 0
276 218 -1 0
269 303 -1 0
136 90 -1 0
367 180 -1 0
396 158 -1 0
118 26 -1 0
18 56 -1 0
389 268 -1 0
399 324 -1 0
367 206 -1 0
360 269 -1 0
345 47 -1 0
326 143 -1 0
380 115 -1 0
160 93 -1 0
330 102 -1 0
128 146 -1 0
176 55 -1 0
302 312 -1 0
366 179 -1 0
27 306 -1 0
206 134 -1 0
292 289 -1 0
353 65 -1 0
80 328 -1 0
132 270 -1 0
295 63 -1 0
357 293 -1 0
25 279 -1 0
34 349 -1 0
41 71 -1 0
42 199 -1 0
154 123 -1 0
228 109 -1 0
250 148 -1 0
138 74 -1 0
129 106 -1 0
32 58 -1 0
351 312 -1 0
151 377 -1 0
205 37 -1 0
258 41 -1 0
339 211 -1 0
211 102 -1 0
84 281 -1 0
392 353 -1 0
194 84 -1 0
374 287 -1 0
261 42 -1 0
342 235 -1 0
263 140 -1 0
279 74 -1 0
204 145 -1 0
134 49 -1 0
214 131 -1 0
3 287 -1 0
374 224 -1 0
25 81 -1 0
114 200 -1 0
372 172 -1 0
108 184 -1 0
47 283 -1 0
67 17 -1 0
104 190 -1 0
375 138 -1 0
108 317 -1 0
313 236 -1 0
365 159 -1 0
147 225 -1 0
214 139 -1 0
15 269 -1 0
65 379 -1 0
253 367 -1 0
201 254 -1 0
362 301 -1 0
206 250 -1 0
258 163 -1 0
320 130 -1 0
195 113 -1 0
218 237 -1 0
165 298 -1 0
260 337 -1 0
258 72 -1 0
127 240 -1 0
234 171 -1 0
37 161 -1 0
234 357 -1 0
268 303 -1 0
56 288 -1 0
204 244 -1 0
275 275 -1 0
395 321 -1 0
124 312 -1 0
280 22 -1 0
184 274 -1 0
374 178 -1 0
170 106 -1 0
375 354 -1 0
8 186 -1 0
189 176 -1 0
207 6 -1 0
24 387 -1 0
389 224 -1 0
51 19 -1 0
390 229 -1 0
92 240 -1 0
292 275 -1 0
313 85 -1 0
206 90 -1 0
51 223 -1 0
21 282 -1 0
58 25 -1 0
18 384 -1 0
285 158 -1 0
256 364 -1 0
343 179 -1 0
359 192 -1 0
398 182 -1 0
101 37 -1 0
63 392 -1 0
83 104 -1 0
132 164 -1 0
57 394 -1 0
100 191 -1 0
338 11 -1 0
210 195 -1 0
347 199 -1 0
114 187 -1 0
244 221 -1 0
154 40 -1 0
19 322 -1 0
287 70 -1 0
76 295 -1 0
124 370 -1 0
301 273 -1 0
223 63 -1 0
147 357 -1 0
312 276 -1 0
108 297 -1 0
22 86 -1 0
277 315 -1 0
253 163 -1 0
3 61 -1 0
49 255 -1 0
226 65 -1 0
313 246 -1 0
343 69 -1 0
289 120 -1 0
11 232 -1 0
323 68 -1 0
89 159 -1 0
175 203 -1 0
215 399 -1 0
328 298 -1 0
221 122 -1 0
160 142 -1 0
281 334 -1 0
305 373 -1 0
294 233 -1 0
325 164 -1 0
106 153 -1 0
18 85 -1 0
261 177 -1 0
38 34 -1 0
91 42 -1 0
385 130 -1 0
12 48 -1 0
388 374 -1 0
106 235 -1 0
132 341 -1 0
92 246 -1 0
227 232 -1 0
366 340 -1 0
113 312 -1 0
15 191 -1 0
398 75 -1 0
146 310 -1 0
296 235 -1 0
307 249 -1 0
99 202 -1 0
76 98 -1 0
121 361 -1 0
68 137 -1 0
23 214 -1 0
377 55 -1 0
184 73 -1 0
349 55 -1 0
337 23 -1 0
10 369 -1 0
332 57 -1 0
314 133 -1 0
197 18 -1 0
389 211 -1 0
396 88 -1 0
121 15 -1 0
285 385 -1 0
290 397 -1 0
109 370 -1 0
197 251 -1 0
77 194 -1 0
165 144 -1 0
139 82 -1 0
151 320 -1 0
73 385 -1 0
171 106 -1 0
199 77 -1 0
328 339 -1 0
144 397 -1 0
278 118 -1 0
98 13 -1 0
268 32 -1 0
213 230 -1 0
74 328 -1 0
97 368 -1 0
365 72 -1 0
390 167 -1 0
20 278 -1 0
18 303 -1 0
388 213 -1 0
64 29 -1 0
328 277 -1 0
319 33 -1 0
383 42 -1 0
174 147 -1 0
156 73 -1 0
69 136 -1 0
166 105 -1 0
197 145 -1 0
344 340 -1 0
352 171 -1 0
391 171 -1 0
350 181 -1 0
0 296 -1 0
333 399 -1 0
374 164 -1 0
312 383 -1 0
70 81 -1 0
52 356 -1 0
146 381 -1 0
277 204 -1 0
61 146 -1 0
207 205 -1 0
26 113 -1 0
110 310 -1 0
153 365 -1 0
323 47 -1 0
395 235 -1 0
42 373 -1 0
132 136 -1 0
253 331 -1 0
75 233 -1 0
144 385 -1 0
327 47 -1 0
212 397 -1 0
278 203 -1 0
308 270 -1 0
9 48 -1 0
17 343 -1 0
342 255 -1 0
206 35 -1 0
118 75 -1 0
18 381 -1 0
223 74 -1 0
299 107 -1 0
177 193 -1 0
132 71 -1 0
114 308 -1 0
8 117 -1 0
313 108 -1 0
285 382 -1 0
339 64 -1 0
310 23 -1 0
165 390 -1 0
256 167 -1 0
23 309 -1 0
257 149 -1 0
329 270 -1 0
307 213 -1 0
348 344 -1 0
307 362 -1 0
31 26 -1 0
204 201 -1 0
56 277 -1 0
271 58 -1 0
307 370 -1 0
67 328 -1 0
313 1 -1 0
215 22 -1 0
198 106 -1 0
107 44 -1 0
94 361 -1 0
163 329 -1 0
11 295 -1 0
153 370 -1 0
63 117 -1 0
399 16 -1 0
181 146 -1 0
363 357 -1 0
282 196 -1 0
278 113 -1 0
155 205 -1 0
372 269 -1 0
261 76 -1 0
88 15 -1 0
84 250 -1 0
6 379 -1 0
122 180 -1 0
58 392 -1 0
67 139 -1 0
175 201 -1 0
17 77 -1 0
210 13 -1 0
129 137 -1 0
173 162 -1 0
158 50 -1 0
265 161 -1 0
233 135 -1 0
91 239 -1 0
127 350 -1 0
9 345 -1 0
49 391 -1 0
157 246 -1 0
205 219 -1 0
169 30 -1 0
155 92 -1 0
393 384 -1 0
141 156 -1 0
175 316 -1 0
256 84 -1 0
248 152 -1 0
359 74 -1 0
314 374 -1 0
388 192 -1 0
193 36 -1 0
397 69 -1 0
277 129 -1 0
207 185 -1 0
12 71 -1 0
164 216 -1 0
248 52 -1 0
236 168 -1 0
310 80 -1 0
338 368 -1 0
331 196 -1 0
397 379 -1 0
8 174 -1 0
21 219 -1 0
44 15 -1 0
158 51 -1 0
77 233 -1 0
64 308 -1 0
397 141 -1 0
326 42 -1 0
208 253 -1 0
105 236 -1 0
233 61 -1 0
206 218 -1 0
37 263 -1 0
175 163 -1 0
308 174 -1 0
361 190 -1 0
70 196 -1 0
40 372 -1 0
14 9 -1 0
360 24 -1 0
136 346 -1 0
28 281 -1 0
147 396 -1 0
65 270 -1 0
81 107 -1 0
389 25 -1 0
339 329 -1 0
154 83 -1 0
57 310 -1 0
95 349 -1 0
252 44 -1 0
216 48 -1 0
171 157 -1 0
67 48 -1 0
189 139 -1 0
95 370 -1 0
83 160 -1 0
347 360 -1 0
363 228 -1 0
277 280 -1 0
17 388 -1 0
370 240 -1 0
309 212 -1 0
63 92 -1 0
249 181 -1 0
206 190 -1 0
266 317 -1 0
369 146 -1 0
47 38 -1 0
87 44 -1 0
71 141 -1 0
209 218 -1 0
16 348 -1 0
215 380 -1 0
22 224 -1 0
332 368 -1 0
293 70 -1 0
82 336 -1 0
47 338 -1 0
381 308 -1 0
37 381 -1 0
367 28 -1 0
316 381 -1 0
303 90 -1 0
113 202 -1 0
5 81 -1 0
96 187 -1 0
187 56 -1 0
87 301 -1 0
368 163 -1 0
220 60 -1 0
112 255 -1 0
375 101 -1 0
388 21 -1 0
30 213 -1 0
4 336 -1 0
269 140 -1 0
194 390 -1 0
132 348 -1 0
45 349 -1 0
283 124 -1 0
339 370 -1 0
275 306 -1 0
48 214 -1 0
25 2 -1 0
206 170 -1 0
255 175 -1 0
233 76 -1 0
81 187 -1 0
124 90 -1 0
277 336 -1 0
382 56 -1 0
25 287 -1 0
220 126 -1 0
2 10 -1 0
160 31 -1 0
79 212 -1 0
107 362 -1 0
6 259 -1 0
268 370 -1 0
214 14 -1 0
220 232 -1 0
296 1 -1 0
389 386 -1 0
144 218 -1 0
105 365 -1 0
95 366 -1 0
77 39 -1 0
11 148 -1 0
129 334 -1 0
160 374 -1 0
314 248 -1 0
332 19 -1 0
26 392 -1 0
22 254 -1 0
180 39 -1 0
130 225 -1 0
178 68 -1 0
250 367 -1 0
362 383 -1 0
4 325 -1 0
189 198 -1 0
39 97 -1 0
332 200 -1 0
270 292 -1 0
335 293 -1 0
97 212 -1 0
379 303 -1 0
370 80 -1 0
330 341 -1 0
309 146 -1 0
45 383 -1 0
3 278 -1 0
342 188 -1 0
257 62 -1 0
125 115 -1 0
280 35 -1 0
296 200 -1 0
327 142 -1 0
241 26 -1 0
169 130 -1 0
319 383 -1 0
395 120 -1 0
205 139 -1 0
58 209 -1 0
79 132 -1 0
312 249 -1 0
345 109 -1 0
90 174 -1 0
301 144 -1 0
104 214 -1 0
188 383 -1 0
66 170 -1 0
85 102 -1 0
88 124 -1 0
191 300 -1 0
280 147 -1 0
127 281 -1 0
283 369 -1 0
337 313 -1 0
178 367 -1 0
4 143 -1 0
48 239 -1 0
63 313 -1 0
324 162 -1 0
358 165 -1 0
77 154 -1 0
70 253 -1 0
132 135 -1 0
344 217 -1 0
145 222 -1 0
286 11 -1 0
68 343 -1 0
78 312 -1 0
388 38 -1 0
109 388 -1 0
361 72 -1 0
331 81 -1 0
62 121 -1 0
15 248 -1 0
127 48 -1 0
166 177 -1 0
261 220 -1 0
189 310 -1 0
2 150 -1 0
115 315 -1 0
268 143 -1 0
290 378 -1 0
63 384 -1 0
141 109 -1 0
117 186 -1 0
128 200 -1 0
68 188 -1 0
14 123 -1 0
38 387 -1 0
190 313 -1 0
113 64 -1 0
336 366 -1 0
330 315 -1 0
152 363 -1 0
280 217 -1 0
238 32 -1 0
319 375 -1 0
309 176 -1 0
101 122 -1 0
208 23 -1 0
175 151 -1 0
97 79 -1 0
268 16 -1 0
18 167 -1 0
378 393 -1 0
24 54 -1 0
218 198 -1 0
114 264 -1 0
17 322 -1 0
12 39 -1 0
82 292 -1 0
44 381 -1 0
22 337 -1 0
69 75 -1 0
14 46 -1 0
296 153 -1 0
344 233 -1 0
224 173 -1 0
211 43 -1 0
79 19 -1 0
215 40 -1 0
322 291 -1 0
272 37 -1 0
282 267 -1 0
280 368 -1 0
79 12 -1 0
285 352 -1 0
187 313 -1 0
211 77 -1 0
18 158 -1 0
178 230 -1 0
237 368 -1 0
384 99 -1 0
79 129 -1 0
361 134 -1 0
96 198 -1 0
345 20 -1 0
89 92 -1 0
74 136 -1 0
316 129 -1 0
380 120 -1 0
24 68 -1 0
317 340 -1 0
358 246 -1 0
339 50 -1 0
147 29 -1 0
198 66 -1 0
342 196 -1 0
237 159 -1 0
203 39 -1 0
57 78 -1 0
232 156 -1 0
174 37 -1 0
137 354 -1 0
331 80 -1 0
74 10 -1 0
383 258 -1 0
281 113 -1 0
322 73 -1 0
58 175 -1 0
64 221 -1 0
2 179 -1 0
97 81 -1 0
156 128 -1 0
184 22 -1 0
87 179 -1 0
7 371 -1 0
309 331 -1 0
304 179 -1 0
368 326 -1 0
178 177 -1 0
356 35 -1 0
241 353 -1 0
145 331 -1 0
372 64 -1 0
79 303 -1 0
305 244 -1 0
47 301 -1 0
114 355 -1 0
344 225 -1 0
62 80 -1 0
226 3 -1 0
161 0 -1 0
327 136 -1 0
381 24 -1 0
174 333 -1 0
93 398 -1 0
360 241 -1 0
6 213 -1 0
42 170 -1 0
343 118 -1 0
144 61 -1 0
37 197 -1 0
380 49 -1 0
90 102 -1 0
196 292 -1 0
213 145 -1 0
230 59 -1 0
378 211 -1 0
248 131 -1 0
131 325 -1 0
82 39 -1 0
34 294 -1 0
261 97 -1 0
44 158 -1 0
366 108 -1 0
105 98 -1 0
341 233 -1 0
249 183 -1 0
203 140 -1 0
78 227 -1 0
156 369 -1 0
271 18 -1 0
147 200 -1 0
15 10 -1 0
121 175 -1 0
327 272 -1 0
55 140 -1 0
110 326 -1 0
8 145 -1 0
32 208 -1 0
304 288 -1 0
377 213 -1 0
175 2 -1 0
285 283 -1 0
60 95 -1 0
77 109 -1 0
319 399 -1 0
385 248 -1 0
289 178 -1 0
160 83 -1 0
48 233 -1 0
255 72 -1 0
271 171 -1 0
193 346 -1 0
318 378 -1 0
124 386 -1 0
307 377 -1 0
172 347 -1 0
147 69 -1 0
170 148 -1 0
208 364 -1 0
204 169 -1 0
333 67 -1 0
368 247 -1 0
368 390 -1 0
333 51 -1 0
7 338 -1 0
371 391 -1 0
332 267 -1 0
219 150 -1 0
37 23 -1 0
374 323 -1 0
239 16 -1 0
97 66 -1 0
123 61 -1 0
240 66 -1 0
164 127 -1 0
193 32 -1 0
20 295 -1 0
369 44 -1 0
69 381 -1 0
110 291 -1 0
361 245 -1 0
291 78 -1 0
145 236 -1 0
325 82 -1 0
203 155 -1 0
1 139 -1 0
324 116 -1 0
227 175 -1 0
206 274 -1 0
332 290 -1 0
230 203 -1 0
199 190 -1 0
49 76 -1 0
314 291 -1 0
266 123 -1 0
111 97 -1 0
2 222 -1 0
57 285 -1 0
63 206 -1 0
23 149 -1 0
392 159 -1 0
19 35 -1 0
167 16 -1 0
71 322 -1 0
341 171 -1 0
261 203 -1 0
10 209 -1 0
7 324 -1 0
171 101 -1 0
124 341 -1 0
249 24 -1 0
199 55 -1 0
382 9 -1 0
194 63 -1 0
127 129 -1 0
14 324 -1 0
85 289 -1 0
168 247 -1 0
306 127 -1 0
66 13 -1 0
139 37 -1 0
376 301 -1 0
334 336 -1 0
357 164 -1 0
324 32 -1 0
78 0 -1 0
269 85 -1 0
382 19 -1 0
302 192 -1 0
207 25 -1 0
15 106 -1 0
303 201 -1 0
8 398 -1 0
9 58 -1 0
68 123 -1 0
127 36 -1 0
355 363 -1 0
121 349 -1 0
153 215 -1 0
156 54 -1 0
28 101 -1 0
20 355 -1 0
357 83 -1 0
272 185 -1 0
107 63 -1 0
57 314 -1 0
324 274 -1 0
90 290 -1 0
364 88 -1 0
215 121 -1 0
72 149 -1 0
198 157 -1 0
307 371 -1 0
89 323 -1 0
109 360 -1 0
96 328 -1 0
14 260 -1 0
353 307 -1 0
151 122 -1 0
226 133 -1 0
326 296 -1 0
51 256 -1 0
155 139 -1 0
174 19 -1 0
151 79 -1 0
230 160 -1 0
90 67 -1 0
140 174 -1 0
106 112 -1 0
135 120 -1 0
58 121 -1 0
1 387 -1 0
279 44 -1 0
348 280 -1 0
16 261 -1 0
396 35 -1 0
25 40 -1 0
100 195 -1 0
5 12 -1 0
250 395 -1 0
394 8 -1 0
336 392 -1 0
188 0 -1 0
319 247 -1 0
7 312 -1 0
99 262 -1 0
225 111 -1 0
131 189 -1 0
48 92 -1 0
309 208 -1 0
188 191 -1 0
47 160 -1 0
351 58 -1 0
271 66 -1 0
302 396 -1 0
265 328 -1 0
95 273 -1 0
115 42 -1 0
51 171 -1 0
143 252 -1 0
218 84 -1 0
352 351 -1 0
20 180 -1 0
132 102 -1 0
127 94 -1 0
154 309 -1 0
225 222 -1 0
72 52 -1 0
256 372 -1 0
133 26 -1 0
188 239 -1 0
269 388 -1 0
209 109 -1 0
222 370 -1 0
387 348 -1 0
134 234 -1 0
268 151 -1 0
353 159 -1 0
393 9 -1 0
89 58 -1 0
195 375 -1 0
332 72 -1 0
134 108 -1 0
171 395 -1 0
161 170 -1 0
204 147 -1 0
248 43 -1 0
302 43 -1 0
306 228 -1 0
16 302 -1 0
157 268 -1 0
125 52 -1 0
277 88 -1 0
322 331 -1 0
317 50 -1 0
274 312 -1 0
351 171 -1 0
330 398 -1 0
325 14 -1 0
335 2 -1 0
170 138 -1 0
170 63 -1 0
381 215 -1 0
271 341 -1 0
380 109 -1 0
42 321 -1 0
369 249 -1 0
311 82 -1 0
132 108 -1 0
27 155 -1 0
49 137 -1 0
253 221 -1 0
265 174 -1 0
205 97 -1 0
203 115 -1 0
174 109 -1 0
15 240 -1 0
215 244 -1 0
274 397 -1 0
347 90 -1 0
169 268 -1 0
263 172 -1 0
1 237 -1 0
319 181 -1 0
324 39 -1 0
330 296 -1 0
81 88 -1 0
313 297 -1 0
334 394 -1 0
336 288 -1 0
363 7 -1 0
331 387 -1 0
359 371 -1 0
328 333 -1 0
223 119 -1 0
114 367 -1 0
342 378 -1 0
21 363 -1 0
157 152 -1 0
154 92 -1 0
15 318 -1 0
159 126 -1 0
336 319 -1 0
164 239 -1 0
203 167 -1 0
125 185 -1 0
296 270 -1 0
7 206 -1 0
377 339 -1 0
362 121 -1 0
56 124 -1 0
313 338 -1 0
293 335 -1 0
356 371 -1 0
305 66 -1 0
386 167 -1 0
70 137 -1 0
353 230 -1 0
373 381 -1 0
27 348 -1 0
3 269 -1 0
147 151 -1 0
12 204 -1 0
315 8 -1 0
5 206 -1 0
70 262 -1 0
251 166 -1 0
91 151 -1 0
227 196 -1 0
54 387 -1 0
303 276 -1 0
108 121 -1 0
106 24 -1 0
320 236 -1 0
175 116 -1 0
212 96 -1 0
52 289 -1 0
339 230 -1 0
150 220 -1 0
152 378 -1 0
360 299 -1 0
107 269 -1 0
241 206 -1 0
53 205 -1 0
116 381 -1 0
255 76 -1 0
125 287 -1 0
112 362 -1 0
327 363 -1 0
191 257 -1 0
152 106 -1 0
118 107 -1 0
67 106 -1 0
189 52 -1 0
150 298 -1 0
52 104 -1 0
185 346 -1 0
383 48 -1 0
62 65 -1 0
199 254 -1 0
160 363 -1 0
143 93 -1 0
337 291 -1 0
367 341 -1 0
179 373 -1 0
20 304 -1 0
187 61 -1 0
346 74 -1 0
105 316 -1 0
237 123 -1 0
93 353 -1 0
192 7 -1 0
181 115 -1 0
163 252 -1 0
199 283 -1 0
104 249 -1 0
278 49 -1 0
157 254 -1 0
387 122 -1 0
287 34 -1 0
181 326 -1 0
247 47 -1 0
344 97 -1 0
227 166 -1 0
309 175 -1 0
199 154 -1 0
83 267 -1 0
237 129 -1 0
176 152 -1 0
305 245 -1 0
292 71 -1 0
288 158 -1 0
33 125 -1 0
63 361 -1 0
15 280 -1 0
262 192 -1 0
72 223 -1 0
180 396 -1 0
240 56 -1 0
272 212 -1 0
50 356 -1 0
245 152 -1 0
95 149 -1 0
41 286 -1 0
137 284 -1 0
274 138 -1 0
104 275 -1 0
63 399 -1 0
295 136 -1 0
205 114 -1 0
90 65 -1 0
99 251 -1 0
331 291 -1 0
76 201 -1 0
181 171 -1 0
113 393 -1 0
63 105 -1 0
65 291 -1 0
312 289 -1 0
168 355 -1 0
268 109 -1 0
95 170 -1 0
339 391 -1 0
96 15 -1 0
395 220 -1 0
119 335 -1 0
72 391 -1 0
61 259 -1 0
136 34 -1 0
43 67 -1 0
177 210 -1 0
306 129 -1 0
0 199 -1 0
208 377 -1 0
183 232 -1 0
7 179 -1 0
234 27 -1 0
31 227 -1 0
202 250 -1 0
110 251 -1 0
278 114 -1 0
240 174 -1 0
284 277 -1 0
278 280 -1 0
298 156 -1 0
342 120 -1 0
31 246 -1 0
348 366 -1 0
1 58 -1 0
318 148 -1 0
43 188 -1 0
297 239 -1 0
263 308 -1 0
274 57 -1 0
150 164 -1 0
345 48 -1 0
90 313 -1 0
218 173 -1 0
217 150 -1 0
201 23 -1 0
280 349 -1 0
151 106 -1 0
113 106 -1 0
397 393 -1 0
118 209 -1 0
349 0 -1 0
92 293 -1 0
188 242 -1 0
309 108 -1 0
352 165 -1 0
47 201 -1 0
263 367 -1 0
311 79 -1 0
110 80 -1 0
346 326 -1 0
125 311 -1 0
337 241 -1 0
362 291 -1 0
195 20 -1 0
372 235 -1 0
128 250 -1 0
323 311 -1 0
250 21 -1 0
276 129 -1 0
290 370 -1 0
391 18 -1 0
317 211 -1 0
124 129 -1 0
385 260 -1 0
207 366 -1 0
174 327 -1 0
363 57 -1 0
128 332 -1 0
225 177 -1 0
194 140 -1 0
311 287 -1 0
29 322 -1 0
312 322 -1 0
0 54 -1 0
111 392 -1 0
280 332 -1 0
371 70 -1 0
275 251 -1 0
195 201 -1 0
102 200 -1 0
280 151 -1 0
242 385 -1 0
64 176 -1 0
73 27 -1 0
152 230 -1 0
232 364 -1 0
323 121 -1 0
251 0 -1 0
51 365 -1 0
202 59 -1 0
26 45 -1 0
5 144 -1 0
154 11 -1 0
81 348 -1 0
368 95 -1 0
113 62 -1 0
278 78 -1 0
169 381 -1 0
20 210 -1 0
66 141 -1 0
390 61 -1 0
234 55 -1 0
374 378 -1 0
67 330 -1 0
253 182 -1 0
351 33 -1 0
233 378 -1 0
59 69 -1 0
245 47 -1 0
118 136 -1 0
368 49 -1 0
370 136 -1 0
263 164 -1 0
42 326 -1 0
124 203 -1 0
7 149 -1 0
291 200 -1 0
41 171 -1 0
360 185 -1 0
375 106 -1 0
61 196 -1 0
176 124 -1 0
41 304 -1 0
66 1 -1 0
377 353 -1 0
64 28 -1 0
398 373 -1 0
339 13 -1 0
42 61 -1 0
89 112 -1 0
306 92 -1 0
89 126 -1 0
53 94 -1 0
24 278 -1 0
68 201 -1 0
278 202 -1 0
236 128 -1 0
121 290 -1 0
160 348 -1 0
258 217 -1 0
58 338 -1 0
327 50 -1 0
311 273 -1 0
106 350 -1 0
379 92 -1 0
80 70 -1 0
196 170 -1 0
119 23 -1 0
296 156 -1 0
216 247 -1 0
10 68 -1 0
48 234 -1 0
391 335 -1 0
159 67 -1 0
105 100 -1 0
352 145 -1 0
20 38 -1 0
63 281 -1 0
114 357 -1 0
111 88 -1 0
292 45 -1 0
329 154 -1 0
262 374 -1 0
277 228 -1 0
155 78 -1 0
144 16 -1 0
381 301 -1 0
172 11 -1 0
107 296 -1 0
28 42 -1 0
184 153 -1 0
335 330 -1 0
290 140 -1 0
297 336 -1 0
85 112 -1 0
50 287 -1 0
9 285 -1 0
256 198 -1 0
185 221 -1 0
60 142 -1 0
253 338 -1 0
174 40 -1 0
308 60 -1 0
91 172 -1 0
2 96 -1 0
5 31 -1 0
267 62 -1 0
202 197 -1 0
243 205 -1 0
243 152 -1 0
327 233 -1 0
272 288 -1 0
322 335 -1 0
66 322 -1 0
306 36 -1 0
73 161 -1 0
244 209 -1 0
120 84 -1 0
171 115 -1 0
258 374 -1 0
96 52 -1 0
195 155 -1 0
91 27 -1 0
63 223 -1 0
40 379 -1 0
213 134 -1 0
95 390 -1 0
311 232 -1 0
31 391 -1 0
358 39 -1 0
251 359 -1 0
64 302 -1 0
391 397 -1 0
145 114 -1 0
271 298 -1 0
223 118 -1 0
307 111 -1 0
137 51 -1 0
286 95 -1 0
295 88 -1 0
388 41 -1 0
141 352 -1 0
354 187 -1 0
203 257 -1 0
185 248 -1 0
322 92 -1 0
221 381 -1 0
26 34 -1 0
231 182 -1 0
224 398 -1 0
51 17 -1 0
210 48 -1 0
152 98 -1 0
170 172 -1 0
251 177 -1 0
253 21 -1 0
381 197 -1 0
237 181 -1 0
178 70 -1 0
308 387 -1 0
254 76 -1 0
116 181 -1 0
187 105 -1 0
154 130 -1 0
138 351 -1 0
221 221 -1 0
178 293 -1 0
134 179 -1 0
206 37 -1 0
66 75 -1 0
153 92 -1 0
274 281 -1 0
373 379 -1 0
393 8 -1 0
300 128 -1 0
294 17 -1 0
183 262 -1 0
294 116 -1 0
308 61 -1 0
6 126 -1 0
290 49 -1 0
266 300 -1 0
190 149 -1 0
224 137 -1 0
51 397 -1 0
85 128 -1 0
248 74 -1 0
268 25 -1 0
149 177 -1 0
108 191 -1 0
230 372 -1 0
158 218 -1 0
334 399 -1 0
346 3 -1 0
76 155 -1 0
364 145 -1 0
151 220 -1 0
296 216 -1 0
363 230 -1 0
15 132 -1 0
21 121 -1 0
354 237 -1 0
277 149 -1 0
295 238 -1 0
55 354 -1 0
20 371 -1 0
39 278 -1 0
49 317 -1 0
27 143 -1 0
235 392 -1 0
101 389 -1 0
318 79 -1 0
311 8 -1 0
365 172 -1 0
45 289 -1 0
205 163 -1 0
216 77 -1 0
92 1 -1 0
353 37 -1 0
311 190 -1 0
6 314 -1 0
30 343 -1 0
14 345 -1 0
90 269 -1 0
295 360 -1 0
52 305 -1 0
275 39 -1 0
238 168 -1 0
92 216 -1 0
47 378 -1 0
41 307 -1 0
231 202 -1 0
172 283 -1 0
326 248 -1 0
107 288 -1 0
272 33 -1 0
65 196 -1 0
279 156 -1 0
328 143 -1 0
355 245 -1 0
166 350 -1 0
97 245 -1 0
268 284 -1 0
50 351 -1 0
103 178 -1 0
4 130 -1 0
198 80 -1 0
197 92 -1 0
23 364 -1 0
393 390 -1 0
54 342 -1 0
338 366 -1 0
286 75 -1 0
186 261 -1 0
284 67 -1 0
281 100 -1 0
263 382 -1 0
190 136 -1 0
273 56 -1 0
358 177 -1 0
340 261 -1 0
288 60 -1 0
358 149 -1 0
342 250 -1 0
51 355 -1 0
98 302 -1 0
279 35 -1 0
123 374 -1 0
327 154 -1 0
171 162 -1 0
170 197 -1 0
10 136 -1 0
65 313 -1 0
138 13 -1 0
292 4 -1 0
208 375 -1 0
116 195 -1 0
218 368 -1 0
48 159 -1 0
338 56 -1 0
6 391 -1 0
172 277 -1 0
13 296 -1 0
236 101 -1 0
69 215 -1 0
61 298 -1 0
68 281 -1 0
66 202 -1 0
293 259 -1 0
391 292 -1 0
145 150 -1 0
144 199 -1 0
39 210 -1 0
124 70 -1 0
329 231 -1 0
97 235 -1 0
112 96 -1 0
34 333 -1 0
302 348 -1 0
393 336 -1 0
315 87 -1 0
125 59 -1 0
48 226 -1 0
281 19 -1 0
357 6 -1 0
13 72 -1 0
346 331 -1 0
214 388 -1 0
210 253 -1 0
156 130 -1 0
355 111 -1 0
47 50 -1 0
280 225 -1 0
301 169 -1 0
71 19 -1 0
131 279 -1 0
282 103 -1 0
89 69 -1 0
47 236 -1 0
316 62 -1 0
222 203 -1 0
225 157 -1 0
178 351 -1 0
234 34 -1 0
134 358 -1 0
166 217 -1 0
72 48 -1 0
147 147 -1 0
382 221 -1 0
145 219 -1 0
323 394 -1 0
33 210 -1 0
117 6 -1 0
260 368 -1 0
208 1 -1 0
242 100 -1 0
130 394 -1 0
29 46 -1 0
241 192 -1 0
266 312 -1 0
264 65 -1 0
346 22 -1 0
283 266 -1 0
190 256 -1 0
227 54 -1 0
134 304 -1 0
340 47 -1 0
285 89 -1 0
189 225 -1 0
68 56 -1 0
183 355 -1 0
60 47 -1 0
169 120 -1 0
54 327 -1 0
54 287 -1 0
193 114 -1 0
131 273 -1 0
44 336 -1 0
31 281 -1 0
318 251 -1 0
335 62 -1 0
302 270 -1 0
91 7 -1 0
225 145 -1 0
228 131 -1 0
388 285 -1 0
131 11 -1 0
322 343 -1 0
264 29 -1 0
388 325 -1 0
248 120 -1 0
348 241 -1 0
91 157 -1 0
290 195 -1 0
65 82 -1 0
231 112 -1 0
55 228 -1 0
360 42 -1 0
370 314 -1 0
72 208 -1 0
368 120 -1 0
156 56 -1 0
109 321 -1 0
70 285 -1 0
122 137 -1 0
68 30 -1 0
298 391 -1 0
72 363 -1 0
71 229 -1 0
211 385 -1 0
241 172 -1 0
210 211 -1 0
298 366 -1 0
148 94 -1 0
228 96 -1 0
230 110 -1 0
382 340 -1 0
309 395 -1 0
378 302 -1 0
111 358 -1 0
325 61 -1 0
357 173 -1 0
78 235 -1 0
218 202 -1 0
399 339 -1 0
243 106 -1 0
320 1 -1 0
254 187 -1 0
66 338 -1 0
99 264 -1 0
74 224 -1 0
254 87 -1 0
87 216 -1 0
301 33 -1 0
315 91 -1 0
250 180 -1 0
259 235 -1 0
296 272 -1 0
9 42 -1 0
132 58 -1 0
353 11 -1 0
397 322 -1 0
215 71 -1 0
69 372 -1 0
207 3 -1 0
48 34 -1 0
334 366 -1 0
324 7 -1 0
201 52 -1 0
77 121 -1 0
398 17 -1 0
122 229 -1 0
63 57 -1 0
279 72 -1 0
37 275 -1 0
354 344 -1 0
21 175 -1 0
388 187 -1 0
180 18 -1 0
144 183 -1 0
104 371 -1 0
316 93 -1 0
262 125 -1 0
334 289 -1 0
288 86 -1 0
261 126 -1 0
169 262 -1 0
259 344 -1 0
128 182 -1 0
49 365 -1 0
52 92 -1 0
3 227 -1 0
212 122 -1 0
6 87 -1 0
368 98 -1 0
111 201 -1 0
170 334 -1 0
212 177 -1 0
189 306 -1 0
169 209 -1 0
357 163 -1 0
336 155 -1 0
227 126 -1 0
45 11 -1 0
1 186 -1 0
174 104 -1 0
39 193 -1 0
85 42 -1 0
187 0 -1 0
310 61 -1 0
146 344 -1 0
246 157 -1 0
234 42 -1 0
79 110 -1 0
252 0 -1 0
226 57 -1 0
127 158 -1 0
245 87 -1 0
310 149 -1 0
162 186 -1 0
317 114 -1 0
50 389 -1 0
269 78 -1 0
296 170 -1 0
75 269 -1 0
371 358 -1 0
1 23 -1 0
79 305 -1 0
51 146 -1 0
0 242 -1 0
165 42 -1 0
263 339 -1 0
147 19 -1 0
23 18 -1 0
318 118 -1 0
13 311 -1 0
58 196 -1 0
111 100 -1 0
390 172 -1 0
1 392 -1 0
362 24 -1 0
183 217 -1 0
209 93 -1 0
191 19 -1 0
245 15 -1 0
245 111 -1 0
60 39 -1 0
335 287 -1 0
236 382 -1 0
130 374 -1 0
249 13 -1 0
35 53 -1 0
230 164 -1 0
21 373 -1 0
357 194 -1 0
77 306 -1 0
371 380 -1 0
95 121 -1 0
134 249 -1 0
147 162 -1 0
293 38 -1 0
172 121 -1 0
279 213 -1 0
30 65 -1 0
157 70 -1 0
307 178 -1 0
379 309 -1 0
200 101 -1 0
354 360 -1 0
175 257 -1 0
124 322 -1 0
76 97 -1 0
343 258 -1 0
368 223 -1 0
372 395 -1 0
365 378 -1 0
22 181 -1 0
330 343 -1 0
264 166 -1 0
332 241 -1 0
83 308 -1 0
164 222 -1 0
395 311 -1 0
109 95 -1 0
187 213 -1 0
19 23 -1 0
275 107 -1 0
233 0 -1 0
185 349 -1 0
373 131 -1 0
39 59 -1 0
177 67 -1 0
245 122 -1 0
378 113 -1 0
308 91 -1 0
384 340 -1 0
332 113 -1 0
203 9 -1 0
285 249 -1 0
308 235 -1 0
246 224 -1 0
394 81 -1 0
109 289 -1 0
372 391 -1 0
140 201 -1 0
142 116 -1 0
179 363 -1 0
131 356 -1 0
283 123 -1 0
46 213 -1 0
158 89 -1 0
359 146 -1 0
329 358 -1 0
335 131 -1 0
79 108 -1 0
254 390 -1 0
267 205 -1 0
126 191 -1 0
321 293 -1 0
293 383 -1 0
219 382 -1 0
389 354 -1 0
345 159 -1 0
6 171 -1 0
219 130 -1 0
93 352 -1 0
306 241 -1 0
24 384 -1 0
152 172 -1 0
311 114 -1 0
287 6 -1 0
398 210 -1 0
325 76 -1 0
175 133 -1 0
217 25 -1 0
138 31 -1 0
383 138 -1 0
71 39 -1 0
40 51 -1 0
342 130 -1 0
395 188 -1 0
191 83 -1 0
360 365 -1 0
227 188 -1 0
92 149 -1 0
372 22 -1 0
153 226 -1 0
384 285 -1 0
290 270 -1 0
259 341 -1 0
85 397 -1 0
3 71 -1 0
262 218 -1 0
157 45 -1 0
16 52 -1 0
71 203 -1 0
66 155 -1 0
173 304 -1 0
290 112 -1 0
124 243 -1 0
272 397 -1 0
384 202 -1 0
93 319 -1 0
248 161 -1 0
85 278 -1 0
46 171 -1 0
26 130 -1 0
70 259 -1 0
104 32 -1 0
39 261 -1 0
144 71 -1 0
131 346 -1 0
307 354 -1 0
38 209 -1 0
218 104 -1 0
231 43 -1 0
0 151 -1 0
318 170 -1 0
227 224 -1 0
291 274 -1 0
290 113 -1 0
53 361 -1 0
266 340 -1 0
186 306 -1 0
161 132 -1 0
169 199 -1 0
116 340 -1 0
353 157 -1 0
166 90 -1 0
352 96 -1 0
314 257 -1 0
123 232 -1 0
175 358 -1 0
100 270 -1 0
279 152 -1 0
149 297 -1 0
105 11 -1 0
352 201 -1 0
93 260 -1 0
22 100 -1 0
321 195 -1 0
356 379 -1 0
284 1 -1 0
199 399 -1 0
344 342 -1 0
360 88 -1 0
299 236 -1 0
308 38 -1 0
95 89 -1 0
82 363 -1 0
252 18 -1 0
113 145 -1 0
127 316 -1 0
282 149 -1 0
86 288 -1 0
153 288 -1 0
35 346 -1 0
36 3 -1 0
382 303 -1 0
157 251 -1 0
133 276 -1 0
368 298 -1 0
152 259 -1 0
110 372 -1 0
234 41 -1 0
164 140 -1 0
212 18 -1 0
200 380 -1 0
332 141 -1 0
380 20 -1 0
27 14 -1 0
286 90 -1 0
149 326 -1 0
59 169 -1 0
275 369 -1 0
106 101 -1 0
397 316 -1 0
265 205 -1 0
156 211 -1 0
183 84 -1 0
112 32 -1 0
140 248 -1 0
50 313 -1 0
69 28 -1 0
255 156 -1 0
27 92 -1 0
388 389 -1 0
316 123 -1 0
386 176 -1 0
305 343 -1 0
352 392 -1 0
68 350 -1 0
152 186 -1 0
162 384 -1 0
296 305 -1 0
167 193 -1 0
234 15 -1 0
135 113 -1 0
58 47 -1 0
317 1 -1 0
353 131 -1 0
2 243 -1 0
61 293 -1 0
53 387 -1 0
326 285 -1 0
6 326 -1 0
284 109 -1 0
249 58 -1 0
223 392 -1 0
330 40 -1 0
378 386 -1 0
269 158 -1 0
99 250 -1 0
318 383 -1 0
217 210 -1 0
137 248 -1 0
210 167 -1 0
128 320 -1 0
68 285 -1 0
18 193 -1 0
174 43 -1 0
95 28 -1 0
336 346 -1 0
157 175 -1 0
366 307 -1 0
172 237 -1 0
187 384 -1 0
157 108 -1 0
367 279 -1 0
35 196 -1 0
272 361 -1 0
376 248 -1 0
162 298 -1 0
277 392 -1 0
316 181 -1 0
384 351 -1 0
101 236 -1 0
153 317 -1 0
231 391 -1 0
286 276 -1 0
299 241 -1 0
78 200 -1 0
387 271 -1 0
332 64 -1 0
341 105 -1 0
81 158 -1 0
313 2 -1 0
279 215 -1 0
346 227 -1 0
88 54 -1 0
37 117 -1 0
7 160 -1 0
262 170 -1 0
173 266 -1 0
369 370 -1 0
195 231 -1 0
180 9 -1 0
272 98 -1 0
382 72 -1 0
200 120 -1 0
11 129 -1 0
101 3 -1 0
236 67 -1 0
31 149 -1 0
206 240 -1 0
325 239 -1 0
39 367 -1 0
357 397 -1 0
306 151 -1 0
141 8 -1 0
390 39 -1 0
349 196 -1 0
252 398 -1 0
171 338 -1 0
381 189 -1 0
392 221 -1 0
280 129 -1 0
126 146 -1 0
264 339 -1 0
304 45 -1 0
236 223 -1 0
57 116 -1 0
67 364 -1 0
34 164 -1 0
96 192 -1 0
343 140 -1 0
136 340 -1 0
347 265 -1 0
371 301 -1 0
145 202 -1 0
315 183 -1 0
41 126 -1 0
384 336 -1 0
205 372 -1 0
361 128 -1 0
397 352 -1 0
194 205 -1 0
170 290 -1 0
252 139 -1 0
394 281 -1 0
52 22 -1 0
320 233 -1 0
107 299 -1 0
330 313 -1 0
162 257 -1 0
379 154 -1 0
116 248 -1 0
336 211 -1 0
158 243 -1 0
144 341 -1 0
264 336 -1 0
63 335 -1 0
325 92 -1 0
166 102 -1 0
16 32 -1 0
118 5 -1 0
360 187 -1 0
83 281 -1 0
155 223 -1 0
14 397 -1 0
291 186 -1 0
18 74 -1 0
101 111 -1 0
141 73 -1 0
280 88 -1 0
65 241 -1 0
3 17 -1 0
58 376 -1 0
136 363 -1 0
393 92 -1 0
369 68 -1 0
281 116 -1 0
159 57 -1 0
343 367 -1 0
317 178 -1 0
301 182 -1 0
101 165 -1 0
282 15 -1 0
379 295 -1 0
361 332 -1 0
198 30 -1 0
74 125 -1 0
224 149 -1 0
123 336 -1 0
309 170 -1 0
239 191 -1 0
378 53 -1 0
61 249 -1 0
37 395 -1 0
70 317 -1 0
266 334 -1 0
153 76 -1 0
330 211 -1 0
317 382 -1 0
261 394 -1 0
182 368 -1 0
104 333 -1 0
68 159 -1 0
85 63 -1 0
7 276 -1 0
157 62 -1 0
334 177 -1 0
29 200 -1 0
180 296 -1 0
263 79 -1 0
292 259 -1 0
35 4 -1 0
50 127 -1 0
373 244 -1 0
200 370 -1 0
314 147 -1 0
393 294 -1 0
101 273 -1 0
357 54 -1 0
121 265 -1 0
6 303 -1 0
198 118 -1 0
300 161 -1 0
306 303 -1 0
128 171 -1 0
52 397 -1 0
77 29 -1 0
9 383 -1 0
82 191 -1 0
253 399 -1 0
284 193 -1 0
242 45 -1 0
351 256 -1 0
390 228 -1 0
97 91 -1 0
216 58 -1 0
13 275 -1 0
348 141 -1 0
95 158 -1 0
318 342 -1 0
295 273 -1 0
53 329 -1 0
169 166 -1 0
238 5 -1 0
343 361 -1 0
98 290 -1 0
144 25 -1 0
253 119 -1 0
354 284 -1 0
373 65 -1 0
330 185 -1 0
140 127 -1 0
183 215 -1 0
381 106 -1 0
237 29 -1 0
71 21 -1 0
312 326 -1 0
35 336 -1 0
2 348 -1 0
186 27 -1 0
130 21 -1 0
64 44 -1 0
352 15 -1 0
140 188 -1 0
136 146 -1 0
394 333 -1 0
376 197 -1 0
344 119 -1 0
296 93 -1 0
262 316 -1 0
179 102 -1 0
129 198 -1 0
35 286 -1 0
392 191 -1 0
385 339 -1 0
356 368 -1 0
358 48 -1 0
167 355 -1 0
333 212 -1 0
277 287 -1 0
164 320 -1 0
185 195 -1 0
171 384 -1 0
195 137 -1 0
266 200 -1 0
355 238 -1 0
368 201 -1 0
187 164 -1 0
37 75 -1 0
141 209 -1 0
260 130 -1 0
370 310 -1 0
357 93 -1 0
222 120 -1 0
51 235 -1 0
1 250 -1 0
340 223 -1 0
28 248 -1 0
224 208 -1 0
379 271 -1 0
334 224 -1 0
283 215 -1 0
309 133 -1 0
104 218 -1 0
125 36 -1 0
5 86 -1 0
160 56 -1 0
310 180 -1 0
390 181 -1 0
211 159 -1 0
351 113 -1 0
299 13 -1 0
299 368 -1 0
354 120 -1 0
151 229 -1 0
128 224 -1 0
278 379 -1 0
393 82 -1 0
128 335 -1 0
349 155 -1 0
203 58 -1 0
11 157 -1 0
88 388 -1 0
181 242 -1 0
331 152 -1 0
393 232 -1 0
47 310 -1 0
68 163 -1 0
164 234 -1 0
77 116 -1 0
248 35 -1 0
16 106 -1 0
96 379 -1 0
54 51 -1 0
396 388 -1 0
185 45 -1 0
129 49 -1 0
330 180 -1 0
94 366 -1 0
33 154 -1 0
11 267 -1 0
347 193 -1 0
24 176 -1 0
244 56 -1 0
90 60 -1 0
201 376 -1 0
330 168 -1 0
300 248 -1 0
81 98 -1 0
13 271 -1 0
5 205 -1 0
179 220 -1 0
225 159 -1 0
372 114 -1 0
174 206 -1 0
239 378 -1 0
279 94 -1 0
141 55 -1 0
125 170 -1 0
129 218 -1 0
399 349 -1 0
111 243 -1 0
25 97 -1 0
180 309 -1 0
46 207 -1 0
362 174 -1 0
316 225 -1 0
238 391 -1 0
224 143 -1 0
2 70 -1 0
69 303 -1 0
394 34 -1 0
229 141 -1 0
15 66 -1 0
395 156 -1 0
173 275 -1 0
24 175 -1 0
311 354 -1 0
236 83 -1 0
62 16 -1 0
268 1 -1 0
54 235 -1 0
311 26 -1 0
316 20 -1 0
115 194 -1 0
115 233 -1 0
297 293 -1 0
285 391 -1 0
137 199 -1 0
295 275 -1 0
56 38 -1 0
116 103 -1 0
3 6 -1 0
257 73 -1 0
91 20 -1 0
379 286 -1 0
35 323 -1 0
85 59 -1 0
85 171 -1 0
297 340 -1 0
327 32 -1 0
294 240 -1 0
69 209 -1 0
330 291 -1 0
384 205 -1 0
196 192 -1 0
26 270 -1 0
264 47 -1 0
156 43 -1 0
394 76 -1 0
22 174 -1 0
127 15 -1 0
151 170 -1 0
282 334 -1 0
51 326 -1 0
147 270 -1 0
141 338 -1 0
56 304 -1 0
349 45 -1 0
317 371 -1 0
84 387 -1 0
150 317 -1 0
181 257 -1 0
335 21 -1 0
176 93 -1 0
389 339 -1 0
327 109 -1 0
10 91 -1 0
128 385 -1 0
305 317 -1 0
303 391 -1 0
85 231 -1 0
93 326 -1 0
284 19 -1 0
261 59 -1 0
28 2 -1 0
35 2 -1 0
319 13 -1 0
333 364 -1 0
375 251 -1 0
100 110 -1 0
119 365 -1 0
224 5 -1 0
255 75 -1 0
374 320 -1 0
124 306 -1 0
94 342 -1 0
232 54 -1 0
396 172 -1 0
363 91 -1 0
340 93 -1 0
26 11 -1 0
118 346 -1 0
47 360 -1 0
307 262 -1 0
206 34 -1 0
26 238 -1 0
108 249 -1 0
42 52 -1 0
27 256 -1 0
58 9 -1 0
43 399 -1 0
38 256 -1 0
246 40 -1 0
198 16 -1 0
88 334 -1 0
395 306 -1 0
144 108 -1 0
150 264 -1 0
383 352 -1 0
343 16 -1 0
137 398 -1 0
85 149 -1 0
84 42 -1 0
395 207 -1 0
174 308 -1 0
322 288 -1 0
143 368 -1 0
316 196 -1 0
99 115 -1 0
246 4 -1 0
335 168 -1 0
155 120 -1 0
14 175 -1 0
164 387 -1 0
298 112 -1 0
255 164 -1 0
385 328 -1 0
282 281 -1 0
171 173 -1 0
209 36 -1 0
278 4 -1 0
345 207 -1 0
70 265 -1 0
144 12 -1 0
226 224 -1 0
217 182 -1 0
217 46 -1 0
342 46 -1 0
336 243 -1 0
188 352 -1 0
292 340 -1 0
178 103 -1 0
92 45 -1 0
318 161 -1 0
370 380 -1 0
319 338 -1 0
168 279 -1 0
346 1 -1 0
186 394 -1 0
62 250 -1 0
276 143 -1 0
169 53 -1 0
8 183 -1 0
370 233 -1 0
54 308 -1 0
299 137 -1 0
83 375 -1 0
58 380 -1 0
55 211 -1 0
79 67 -1 0
386 284 -1 0
337 48 -1 0
143 146 -1 0
178 288 -1 0
81 167 -1 0
367 211 -1 0
90 375 -1 0
374 32 -1 0
171 56 -1 0
337 384 -1 0
72 60 -1 0
209 119 -1 0
26 120 -1 0
87 203 -1 0
26 139 -1 0
27 315 -1 0
122 103 -1 0
332 242 -1 0
18 300 -1 0
72 325 -1 0
335 360 -1 0
371 288 -1 0
162 127 -1 0
133 285 -1 0
293 258 -1 0
212 79 -1 0
163 305 -1 0
294 369 -1 0
344 159 -1 0
274 284 -1 0
340 252 -1 0
174 186 -1 0
198 33 -1 0
58 281 -1 0
288 44 -1 0
353 310 -1 0
290 45 -1 0
96 338 -1 0
173 373 -1 0
55 53 -1 0
397 228 -1 0
8 90 -1 0
385 187 -1 0
289 197 -1 0
3 317 -1 0
81 369 -1 0
319 300 -1 0
59 284 -1 0
244 199 -1 0
107 262 -1 0
391 177 -1 0
310 181 -1 0
254 218 -1 0
399 2 -1 0
313 215 -1 0
160 49 -1 0
170 65 -1 0
24 64 -1 0
154 235 -1 0
331 198 -1 0
122 36 -1 0
61 19 -1 0
156 225 -1 0
176 281 -1 0
314 96 -1 0
167 34 -1 0
59 379 -1 0
221 373 -1 0
52 315 -1 0
198 398 -1 0
136 309 -1 0
23 170 -1 0
313 226 -1 0
145 155 -1 0
347 317 -1 0
283 64 -1 0
32 384 -1 0
195 384 -1 0
196 52 -1 0
90 282 -1 0
131 375 -1 0
352 199 -1 0
111 32 -1 0
350 221 -1 0
110 283 -1 0
299 237 -1 0
131 36 -1 0
275 243 -1 0
299 234 -1 0
271 381 -1 0
187 50 -1 0
343 368 -1 0
200 345 -1 0
114 192 -1 0
120 269 -1 0
102 228 -1 0
131 77 -1 0
171 13 -1 0
185 287 -1 0
207 67 -1 0
37 110 -1 0
274 27 -1 0
110 242 -1 0
390 301 -1 0
215 203 -1 0
121 211 -1 0
177 319 -1 0
126 77 -1 0
289 250 -1 0
374 186 -1 0
34 340 -1 0
312 384 -1 0
234 204 -1 0
381 175 -1 0
186 125 -1 0
347 303 -1 0
303 183 -1 0
300 342 -1 0
372 367 -1 0
298 258 -1 0
143 380 -1 0
64 314 -1 0
176 113 -1 0
387 89 -1 0
120 265 -1 0
358 69 -1 0
1 145 -1 0
322 165 -1 0
59 125 -1 0
187 288 -1 0
5 140 -1 0
1 193 -1 0
177 140 -1 0
102 129 -1 0
350 88 -1 0
355 230 -1 0
126 159 -1 0
40 63 -1 0
250 182 -1 0
285 165 -1 0
165 53 -1 0
145 23 -1 0
333 101 -1 0
186 95 -1 0
61 245 -1 0
199 265 -1 0
69 147 -1 0
95 310 -1 0
349 176 -1 0
98 333 -1 0
108 344 -1 0
143 387 -1 0
213 196 -1 0
192 123 -1 0
354 204 -1 0
315 329 -1 0
170 51 -1 0
196 289 -1 0
383 307 -1 0
234 235 -1 0
156 246 -1 0
213 296 -1 1
226 315 -1 1
241 267 -1 1
229 294 -1 1
242 263 -1 1
219 335 -1 1
221 300 -1 1
219 301 -1 1
234 263 -1 1
238 260 -1 1
237 314 -1 1
221 280 -1 1
234 294 -1 1
235 272 -1 1
225 292 -1 1
225 307 -1 1
239 304 -1 1
227 297 -1 1
239 313 -1 1
247 272 -1 1
231 295 -1 1
233 297 -1 1
219 336 -1 1
248 260 -1 1
216 326 -1 1
232 282 -1 1
232 315 -1 1
226 331 -1 1
241 301 -1 1
216 297 -1 1
242 266 -1 1
212 301 -1 1
239 257 -1 1
219 337 -1 1
249 276 -1 1
245 301 -1 1
233 281 -1 1
223 317 -1 1
236 323 -1 1
229 280 -1 1
240 312 -1 1
211 312 -1 1
245 279 -1 1
239 279 -1 1
256 257 -1 1
222 296 -1 1
234 272 -1 1
218 307 -1 1
222 343 -1 1
229 270 -1 1
225 275 -1 1
244 305 -1 1
212 321 -1 1
226 283 -1 1
221 332 -1 1
232 328 -1 1
238 277 -1 1
213 321 -1 1
233 325 -1 1
237 308 -1 1
217 326 -1 1
239 273 -1 1
243 307 -1 1
232 268 -1 1
236 311 -1 1
233 316 -1 1
254 270 -1 1
241 274 -1 1
224 300 -1 1
245 272 -1 1
253 263 -1 1
221 329 -1 1
230 270 -1 1
248 261 -1 1
220 343 -1 1
250 268 -1 1
239 266 -1 1
229 330 -1 1
222 340 -1 1
224 298 -1 1
244 281 -1 1
227 337 -1 1
237 269 -1 1
229 282 -1 1
225 273 -1 1
253 269 -1 1
238 272 -1 1
225 297 -1 1
237 322 -1 1
232 263 -1 1
226 290 -1 1
228 271 -1 1
226 300 -1 1
210 314 -1 1
236 318 -1 1
244 296 -1 1
245 296 -1 1
213 316 -1 1
221 315 -1 1
226 319 -1 1
225 316 -1 1
228 294 -1 1
235 293 -1 1
227 310 -1 1
236 312 -1 1
256 260 -1 1
233 265 -1 1
236 291 -1 1
206 323 -1 1
240 285 -1 1
240 286 -1 1
229 309 -1 1
236 262 -1 1
241 255 -1 1
240 297 -1 1
247 269 -1 1
229 333 -1 1
229 291 -1 1
218 285 -1 1
245 310 -1 1
227 308 -1 1
253 259 -1 1
222 310 -1 1
237 315 -1 1
230 305 -1 1
214 311 -1 1
244 307 -1 1
253 257 -1 1
215 294 -1 1
245 280 -1 1
210 319 -1 1
212 323 -1 1
233 333 -1 1
220 297 -1 1
217 332 -1 1
250 262 -1 1
233 269 -1 1
252 251 -1 1
242 291 -1 1
240 273 -1 1
254 254 -1 1
247 265 -1 1
223 330 -1 1
249 285 -1 1
230 271 -1 1
238 282 -1 1
234 293 -1 1
235 294 -1 1
241 256 -1 1
235 331 -1 1
215 335 -1 1
235 316 -1 1
252 256 -1 1
224 307 -1 1
224 312 -1 1
212 330 -1 1
215 298 -1 1
223 291 -1 1
227 321 -1 1
217 308 -1 1
228 333 -1 1
215 312 -1 1
225 301 -1 1
235 303 -1 1
220 295 -1 1
226 293 -1 1
233 313 -1 1
241 285 -1 1
213 311 -1 1
219 294 -1 1
224 304 -1 1
229 290 -1 1
226 292 -1 1
248 282 -1 1
212 304 -1 1
247 254 -1 1
243 316 -1 1
243 303 -1 1
237 264 -1 1
223 312 -1 1
234 316 -1 1
220 293 -1 1
220 338 -1 1
227 295 -1 1
215 301 -1 1
243 290 -1 1
235 313 -1 1
235 264 -1 1
226 285 -1 1
212 299 -1 1
221 344 -1 1
237 294 -1 1
229 337 -1 1
218 324 -1 1
222 335 -1 1
230 308 -1 1
234 306 -1 1
235 292 -1 1
220 333 -1 1
232 330 -1 1
229 286 -1 1
242 298 -1 1
218 304 -1 1
238 263 -1 1
228 297 -1 1
209 319 -1 1
237 320 -1 1
246 283 -1 1
209 317 -1 1
230 267 -1 1
235 263 -1 1
242 282 -1 1
241 270 -1 1
221 309 -1 1
233 288 -1 1
243 262 -1 1
218 286 -1 1
220 316 -1 1
225 341 -1 1
237 312 -1 1
243 311 -1 1
239 319 -1 1
252 283 -1 1
238 304 -1 1
224 286 -1 1
243 287 -1 1
241 304 -1 1
223 288 -1 1
244 280 -1 1
242 275 -1 1
213 325 -1 1
220 318 -1 1
254 266 -1 1
221 345 -1 1
211 308 -1 1
227 316 -1 1
211 313 -1 1
252 271 -1 1
214 318 -1 1
224 297 -1 1
237 327 -1 1
240 271 -1 1
226 336 -1 1
208 319 -1 1
243 308 -1 1
242 283 -1 1
231 307 -1 1
225 308 -1 1
207 326 -1 1
242 300 -1 1
219 302 -1 1
228 326 -1 1
236 309 -1 1
245 297 -1 1
231 283 -1 1
219 323 -1 1
240 263 -1 1
227 300 -1 1
223 294 -1 1
242 318 -1 1
237 318 -1 1
227 293 -1 1
251 286 -1 1
241 309 -1 1
229 314 -1 1
214 307 -1 1
240 294 -1 1
222 318 -1 1
229 268 -1 1
246 276 -1 1
223 321 -1 1
232 279 -1 1
242 296 -1 1
235 289 -1 1
238 326 -1 1
215 305 -1 1
234 285 -1 1
231 265 -1 1
247 291 -1 1
226 318 -1 1
237 280 -1 1
231 337 -1 1
250 279 -1 1
217 336 -1 1
242 288 -1 1
241 293 -1 1
224 325 -1 1
241 320 -1 1
222 330 -1 1
229 287 -1 1
233 275 -1 1
214 319 -1 1
235 290 -1 1
214 314 -1 1
229 312 -1 1
216 333 -1 1
220 340 -1 1
212 305 -1 1
217 292 -1 1
221 310 -1 1
