4800 400 400
300 365 -1 0
77 118 -1 0
253 246 -1 0
375 63 -1 0
393 169 -1 0
258 377 -1 0
95 17 -1 0
304 138 -1 0
36 347 -1 0
65 213 -1 0
384 50 -1 0
150 92 -1 0
180 398 -1 0
246 125 -1 0
88 393 -1 0
40 166 -1 0
0 0 -1 0
136 203 -1 0
377 116 -1 0
322 204 -1 0
174 317 -1 0
233 4 -1 0
391 121 -1 0
206 139 -1 0
395 52 -1 0
0 308 -1 0
225 64 -1 0
229 235 -1 0
105 355 -1 0
130 373 -1 0
19 13 -1 0
38 6 -1 0
339 212 -1 0
149 274 -1 0
360 206 -1 0
164 255 -1 0
397 246 -1 0
145 248 -1 0
346 217 -1 0
194 252 -1 0
122 94 -1 0
257 325 -1 0
158 369 -1 0
318 352 -1 0
129 18 -1 0
339 356 -1 0
28 375 -1 0
338 55 -1 0
332 164 -1 0
161 356 -1 0
372 107 -1 0
243 250 -1 0
151 304 -1 0
58 136 -1 0
367 317 -1 0
148 227 -1 0
213 147 -1 0
146 60 -1 0
2 130 -1 0
229 79 -1 0
396 386 -1 0
376 221 -1 0
140 357 -1 0
341 83 -1 0
302 7 -1 0
377 53 -1 0
92 133 -1 0
197 328 -1 0
124 117 -1 0
35 86 -1 0
292 278 -1 0
316 35 -1 0
1 94 -1 0
74 44 -1 0
252 341 -1 0
145 157 -1 0
211 271 -1 0
386 179 -1 0
301 344 -1 0
252 256 -1 0
317 307 -1 0
158 215 -1 0
310 20 -1 0
270 365 -1 0
318 262 -1 0
359 366 -1 0
230 240 -1 0
291 19 -1 0
269 331 -1 0
220 102 -1 0
6 284 -1 0
308 325 -1 0
163 198 -1 0
268 370 -1 0
344 304 -1 0
285 271 -1 0
42 251 -1 0
213 12 -1 0
83 73 -1 0
65 199 -1 0
24 270 -1 0
81 322 -1 0
116 295 -1 0
137 78 -1 0
285 256 -1 0
139 223 -1 0
345 385 -1 0
361 210 -1 0
26 259 -1 0
392 345 -1 0
308 363 -1 0
260 360 -1 0
240 376 -1 0
340 18 -1 0
90 71 -1 0
103 149 -1 0
102 69 -1 0
363 373 -1 0
204 352 -1 0
96 244 -1 0
295 360 -1 0
3 41 -1 0
91 231 -1 0
20 316 -1 0
229 315 -1 0
352 304 -1 0
208 328 -1 0
343 141 -1 0
227 335 -1 0
353 320 -1 0
289 13 -1 0
78 125 -1 0
232 83 -1 0
53 39 -1 0
250 368 -1 0
363 86 -1 0
319 383 -1 0
187 202 -1 0
104 141 -1 0
171 368 -1 0
15 359 -1 0
74 138 -1 0
176 59 -1 0
175 71 -1 0
393 393 -1 0
370 52 -1 0
288 308 -1 0
258 18 -1 0
110 122 -1 0
114 136 -1 0
1 98 -1 0
347 209 -1 0
371 136 -1 0
292 286 -1 0
105 13 -1 0
337 338 -1 0
369 328 -1 0
73 171 -1 0
60 288 -1 0
129 125 -1 0
207 109 -1 0
360 237 -1 0
259 374 -1 0
39 397 -1 0
261 140 -1 0
116 325 -1 0
376 351 -1 0
285 290 -1 0
220 5 -1 0
125 394 -1 0
176 67 -1 0
101 238 -1 0
364 147 -1 0
186 33 -1 0
211 122 -1 0
153 270 -1 0
160 224 -1 0
70 342 -1 0
190 380 -1 0
134 213 -1 0
358 389 -1 0
47 101 -1 0
288 38 -1 0
184 37 -1 0
366 306 -1 0
171 243 -1 0
122 9 -1 0
318 217 -1 0
195 369 -1 0
123 250 -1 0
255 314 -1 0
229 311 -1 0
274 105 -1 0
211 256 -1 0
24 70 -1 0
262 285 -1 0
33 249 -1 0
151 262 -1 0
333 127 -1 0
269 235 -1 0
93 299 -1 0
342 234 -1 0
362 333 -1 0
119 150 -1 0
191 190 -1 0
67 18 -1 0
204 21 -1 0
256 230 -1 0
134 329 -1 0
93 190 -1 0
34 125 -1 0
216 218 -1 0
361 274 -1 0
377 74 -1 0
147 2 -1 0
155 59 -1 0
105 199 -1 0
172 388 -1 0
289 140 -1 0
398 298 -1 0
271 267 -1 0
150 166 -1 0
76 154 -1 0
7 265 -1 0
223 70 -1 0
229 236 -1 0
369 21 -1 0
154 373 -1 0
216 70 -1 0
88 277 -1 0
134 360 -1 0
165 119 -1 0
96 183 -1 0
164 390 -1 0
250 344 -1 0
67 399 -1 0
347 394 -1 0
288 325 -1 0
359 21 -1 0
195 299 -1 0
26 97 -1 0
372 252 -1 0
125 332 -1 0
94 275 -1 0
234 20 -1 0
165 25 -1 0
108 39 -1 0
312 287 -1 0
392 362 -1 0
176 352 -1 0
297 56 -1 0
360 35 -1 0
130 329 -1 0
186 302 -1 0
86 297 -1 0
130 73 -1 0
161 36 -1 0
347 45 -1 0
247 301 -1 0
5 364 -1 0
47 334 -1 0
381 24 -1 0
295 50 -1 0
213 213 -1 0
314 380 -1 0
269 87 -1 0
143 144 -1 0
295 39 -1 0
31 129 -1 0
141 193 -1 0
71 359 -1 0
352 217 -1 0
378 72 -1 0
109 156 -1 0
384 199 -1 0
11 380 -1 0
237 355 -1 0
243 271 -1 0
247 218 -1 0
95 364 -1 0
184 216 -1 0
66 122 -1 0
112 342 -1 0
69 110 -1 0
179 295 -1 0
375 224 -1 0
93 213 -1 0
240 91 -1 0
159 75 -1 0
208 317 -1 0
171 144 -1 0
268 349 -1 0
48 183 -1 0
2 298 -1 0
115 275 -1 0
212 312 -1 0
12 82 -1 0
394 239 -1 0
277 245 -1 0
291 224 -1 0
336 144 -1 0
365 45 -1 0
92 202 -1 0
82 70 -1 0
13 147 -1 0
178 95 -1 0
330 378 -1 0
110 386 -1 0
10 73 -1 0
215 239 -1 0
170 113 -1 0
20 4 -1 0
377 226 -1 0
36 133 -1 0
342 331 -1 0
63 299 -1 0
72 127 -1 0
167 238 -1 0
289 333 -1 0
250 26 -1 0
207 39 -1 0
82 296 -1 0
125 124 -1 0
252 16 -1 0
351 99 -1 0
326 384 -1 0
275 65 -1 0
188 301 -1 0
198 109 -1 0
203 17 -1 0
26 42 -1 0
77 3 -1 0
197 230 -1 0
323 55 -1 0
138 166 -1 0
9 88 -1 0
101 36 -1 0
57 333 -1 0
165 377 -1 0
59 276 -1 0
176 174 -1 0
231 49 -1 0
255 393 -1 0
62 242 -1 0
223 78 -1 0
86 342 -1 0
326 317 -1 0
227 55 -1 0
32 15 -1 0
116 135 -1 0
219 339 -1 0
387 92 -1 0
330 302 -1 0
86 113 -1 0
21 277 -1 0
62 121 -1 0
398 161 -1 0
61 180 -1 0
61 98 -1 0
390 210 -1 0
265 129 -1 0
347 135 -1 0
291 22 -1 0
90 157 -1 0
285 325 -1 0
239 97 -1 0
359 301 -1 0
397 272 -1 0
204 359 -1 0
233 265 -1 0
230 41 -1 0
219 347 -1 0
167 36 -1 0
397 396 -1 0
279 107 -1 0
72 19 -1 0
122 369 -1 0
376 326 -1 0
42 231 -1 0
260 55 -1 0
46 149 -1 0
264 385 -1 0
267 348 -1 0
335 200 -1 0
154 10 -1 0
183 194 -1 0
94 396 -1 0
368 313 -1 0
266 105 -1 0
50 161 -1 0
277 303 -1 0
107 222 -1 0
190 184 -1 0
3 87 -1 0
196 291 -1 0
190 335 -1 0
263 220 -1 0
347 20 -1 0
136 348 -1 0
322 8 -1 0
211 111 -1 0
387 32 -1 0
374 27 -1 0
313 328 -1 0
133 281 -1 0
321 338 -1 0
97 386 -1 0
246 24 -1 0
229 0 -1 0
140 287 -1 0
382 2 -1 0
321 106 -1 0
257 370 -1 0
356 288 -1 0
381 208 -1 0
253 25 -1 0
252 277 -1 0
60 63 -1 0
179 120 -1 0
254 25 -1 0
119 261 -1 0
211 229 -1 0
10 225 -1 0
14 137 -1 0
275 327 -1 0
382 340 -1 0
23 78 -1 0
312 274 -1 0
218 35 -1 0
92 162 -1 0
374 291 -1 0
155 51 -1 0
339 113 -1 0
238 325 -1 0
364 115 -1 0
281 139 -1 0
216 57 -1 0
103 234 -1 0
240 327 -1 0
146 199 -1 0
108 158 -1 0
297 231 -1 0
149 49 -1 0
188 73 -1 0
144 45 -1 0
197 77 -1 0
362 122 -1 0
275 384 -1 0
273 147 -1 0
174 97 -1 0
263 108 -1 0
308 29 -1 0
199 395 -1 0
71 150 -1 0
341 9 -1 0
336 24 -1 0
177 372 -1 0
35 12 -1 0
217 331 -1 0
379 359 -1 0
113 247 -1 0
188 198 -1 0
329 324 -1 0
162 302 -1 0
212 37 -1 0
294 64 -1 0
355 101 -1 0
250 106 -1 0
339 54 -1 0
242 130 -1 0
288 301 -1 0
10 67 -1 0
48 1 -1 0
274 142 -1 0
186 145 -1 0
83 29 -1 0
246 325 -1 0
37 388 -1 0
68 248 -1 0
63 352 -1 0
340 253 -1 0
359 240 -1 0
241 108 -1 0
347 163 -1 0
325 226 -1 0
95 211 -1 0
311 310 -1 0
171 120 -1 0
109 34 -1 0
120 166 -1 0
248 342 -1 0
91 193 -1 0
28 89 -1 0
157 185 -1 0
97 78 -1 0
263 299 -1 0
65 116 -1 0
11 371 -1 0
239 385 -1 0
258 289 -1 0
205 373 -1 0
320 1 -1 0
220 352 -1 0
7 16 -1 0
332 247 -1 0
112 289 -1 0
6 27 -1 0
265 14 -1 0
214 276 -1 0
391 110 -1 0
13 244 -1 0
53 114 -1 0
255 79 -1 0
212 245 -1 0
285 236 -1 0
307 281 -1 0
81 61 -1 0
272 379 -1 0
4 72 -1 0
183 108 -1 0
28 102 -1 0
52 74 -1 0
358 30 -1 0
228 302 -1 0
380 282 -1 0
207 348 -1 0
3 198 -1 0
289 34 -1 0
265 275 -1 0
331 75 -1 0
325 114 -1 0
64 280 -1 0
179 280 -1 0
320 125 -1 0
345 351 -1 0
320 69 -1 0
246 7 -1 0
107 158 -1 0
179 194 -1 0
250 259 -1 0
212 297 -1 0
112 338 -1 0
318 57 -1 0
102 80 -1 0
45 282 -1 0
166 225 -1 0
301 36 -1 0
207 13 -1 0
259 16 -1 0
211 341 -1 0
329 212 -1 0
265 331 -1 0
114 238 -1 0
20 299 -1 0
376 171 -1 0
122 246 -1 0
359 362 -1 0
174 252 -1 0
6 241 -1 0
266 341 -1 0
228 328 -1 0
203 287 -1 0
21 30 -1 0
191 204 -1 0
25 11 -1 0
376 297 -1 0
166 280 -1 0
389 46 -1 0
76 11 -1 0
244 227 -1 0
158 170 -1 0
175 34 -1 0
399 6 -1 0
133 178 -1 0
51 316 -1 0
103 385 -1 0
329 218 -1 0
86 278 -1 0
249 386 -1 0
372 162 -1 0
366 282 -1 0
318 21 -1 0
208 130 -1 0
248 313 -1 0
196 357 -1 0
292 356 -1 0
250 45 -1 0
188 211 -1 0
52 111 -1 0
271 377 -1 0
246 98 -1 0
44 237 -1 0
239 107 -1 0
257 140 -1 0
99 6 -1 0
219 305 -1 0
130 389 -1 0
361 216 -1 0
78 276 -1 0
87 128 -1 0
303 90 -1 0
39 144 -1 0
171 122 -1 0
307 251 -1 0
26 114 -1 0
91 97 -1 0
237 277 -1 0
48 73 -1 0
338 69 -1 0
110 143 -1 0
301 265 -1 0
202 94 -1 0
303 220 -1 0
381 136 -1 0
77 184 -1 0
204 22 -1 0
117 329 -1 0
88 110 -1 0
133 183 -1 0
100 218 -1 0
324 341 -1 0
305 136 -1 0
219 367 -1 0
349 118 -1 0
328 334 -1 0
268 50 -1 0
194 194 -1 0
150 344 -1 0
385 149 -1 0
378 296 -1 0
3 349 -1 0
283 371 -1 0
294 315 -1 0
364 34 -1 0
331 171 -1 0
161 262 -1 0
205 237 -1 0
354 125 -1 0
31 38 -1 0
307 261 -1 0
104 43 -1 0
155 14 -1 0
200 238 -1 0
375 24 -1 0
174 246 -1 0
367 280 -1 0
24 189 -1 0
236 397 -1 0
399 337 -1 0
254 352 -1 0
262 223 -1 0
230 70 -1 0
111 114 -1 0
155 156 -1 0
350 292 -1 0
111 175 -1 0
237 272 -1 0
360 131 -1 0
60 121 -1 0
352 116 -1 0
352 127 -1 0
361 370 -1 0
82 262 -1 0
110 364 -1 0
35 236 -1 0
138 42 -1 0
252 352 -1 0
237 32 -1 0
25 361 -1 0
235 361 -1 0
130 305 -1 0
188 191 -1 0
210 95 -1 0
36 343 -1 0
321 116 -1 0
3 177 -1 0
313 302 -1 0
143 390 -1 0
5 287 -1 0
274 38 -1 0
322 283 -1 0
21 58 -1 0
150 185 -1 0
50 170 -1 0
78 196 -1 0
295 285 -1 0
344 123 -1 0
117 237 -1 0
320 44 -1 0
32 120 -1 0
327 96 -1 0
33 69 -1 0
45 96 -1 0
151 351 -1 0
16 97 -1 0
42 367 -1 0
395 148 -1 0
34 44 -1 0
320 140 -1 0
112 265 -1 0
373 25 -1 0
20 96 -1 0
218 109 -1 0
43 207 -1 0
138 205 -1 0
34 25 -1 0
220 4 -1 0
50 322 -1 0
43 67 -1 0
49 241 -1 0
99 391 -1 0
345 21 -1 0
272 96 -1 0
358 286 -1 0
159 142 -1 0
201 228 -1 0
96 131 -1 0
318 42 -1 0
111 368 -1 0
157 364 -1 0
273 61 -1 0
352 97 -1 0
242 117 -1 0
23 236 -1 0
280 112 -1 0
10 323 -1 0
96 84 -1 0
62 63 -1 0
188 226 -1 0
354 213 -1 0
118 363 -1 0
320 52 -1 0
274 61 -1 0
176 330 -1 0
353 233 -1 0
219 378 -1 0
118 199 -1 0
240 310 -1 0
327 2 -1 0
147 379 -1 0
313 267 -1 0
158 95 -1 0
248 377 -1 0
70 325 -1 0
86 192 -1 0
93 155 -1 0
339 223 -1 0
106 229 -1 0
38 245 -1 0
312 130 -1 0
384 303 -1 0
164 56 -1 0
129 398 -1 0
131 202 -1 0
64 139 -1 0
258 95 -1 0
373 183 -1 0
131 157 -1 0
123 19 -1 0
109 202 -1 0
68 294 -1 0
330 121 -1 0
135 300 -1 0
168 161 -1 0
289 359 -1 0
69 351 -1 0
19 339 -1 0
189 100 -1 0
318 68 -1 0
342 345 -1 0
376 17 -1 0
43 161 -1 0
44 335 -1 0
15 146 -1 0
392 379 -1 0
229 98 -1 0
38 181 -1 0
88 173 -1 0
15 264 -1 0
312 15 -1 0
246 335 -1 0
314 155 -1 0
339 382 -1 0
223 102 -1 0
207 298 -1 0
153 36 -1 0
144 129 -1 0
205 337 -1 0
227 210 -1 0
374 242 -1 0
177 317 -1 0
39 316 -1 0
317 293 -1 0
123 305 -1 0
244 267 -1 0
282 12 -1 0
238 49 -1 0
382 262 -1 0
323 102 -1 0
268 34 -1 0
197 13 -1 0
115 305 -1 0
372 171 -1 0
251 388 -1 0
259 363 -1 0
28 35 -1 0
127 197 -1 0
186 364 -1 0
121 25 -1 0
269 114 -1 0
67 303 -1 0
322 318 -1 0
223 284 -1 0
351 393 -1 0
117 45 -1 0
397 165 -1 0
55 63 -1 0
378 351 -1 0
22 190 -1 0
361 332 -1 0
276 291 -1 0
137 303 -1 0
113 25 -1 0
304 306 -1 0
157 12 -1 0
384 116 -1 0
8 366 -1 0
125 216 -1 0
13 316 -1 0
106 203 -1 0
279 16 -1 0
101 364 -1 0
232 130 -1 0
167 387 -1 0
368 241 -1 0
142 300 -1 0
153 108 -1 0
60 75 -1 0
6 84 -1 0
148 9 -1 0
282 243 -1 0
146 33 -1 0
232 121 -1 0
374 121 -1 0
22 127 -1 0
24 126 -1 0
204 383 -1 0
229 399 -1 0
338 157 -1 0
317 140 -1 0
127 358 -1 0
299 71 -1 0
201 101 -1 0
353 103 -1 0
2 131 -1 0
80 12 -1 0
254 325 -1 0
344 101 -1 0
325 124 -1 0
137 89 -1 0
179 301 -1 0
53 394 -1 0
148 370 -1 0
284 14 -1 0
101 96 -1 0
158 98 -1 0
26 244 -1 0
7 364 -1 0
126 27 -1 0
101 5 -1 0
121 129 -1 0
386 395 -1 0
29 174 -1 0
67 66 -1 0
332 309 -1 0
12 217 -1 0
2 326 -1 0
321 210 -1 0
226 41 -1 0
228 60 -1 0
78 214 -1 0
12 127 -1 0
108 195 -1 0
113 388 -1 0
338 273 -1 0
173 284 -1 0
306 156 -1 0
94 283 -1 0
71 56 -1 0
248 244 -1 0
71 84 -1 0
204 367 -1 0
80 356 -1 0
69 319 -1 0
141 110 -1 0
254 48 -1 0
381 127 -1 0
226 397 -1 0
154 271 -1 0
282 88 -1 0
139 373 -1 0
41 46 -1 0
355 224 -1 0
156 198 -1 0
10 229 -1 0
200 14 -1 0
301 294 -1 0
187 127 -1 0
129 163 -1 0
343 353 -1 0
243 15 -1 0
219 79 -1 0
356 98 -1 0
316 231 -1 0
101 399 -1 0
84 336 -1 0
234 37 -1 0
165 134 -1 0
393 261 -1 0
142 183 -1 0
25 180 -1 0
270 285 -1 0
360 112 -1 0
316 129 -1 0
186 149 -1 0
63 132 -1 0
201 204 -1 0
10 98 -1 0
268 138 -1 0
34 270 -1 0
373 204 -1 0
185 67 -1 0
72 181 -1 0
14 272 -1 0
324 284 -1 0
193 74 -1 0
206 228 -1 0
345 145 -1 0
328 150 -1 0
224 11 -1 0
131 74 -1 0
59 112 -1 0
0 282 -1 0
155 69 -1 0
151 84 -1 0
152 382 -1 0
129 358 -1 0
25 216 -1 0
198 122 -1 0
32 145 -1 0
9 340 -1 0
140 337 -1 0
194 155 -1 0
1 104 -1 0
386 47 -1 0
173 173 -1 0
311 60 -1 0
348 338 -1 0
78 289 -1 0
326 203 -1 0
331 346 -1 0
129 96 -1 0
185 381 -1 0
167 380 -1 0
14 392 -1 0
198 202 -1 0
324 290 -1 0
63 365 -1 0
47 3 -1 0
311 160 -1 0
352 222 -1 0
302 33 -1 0
26 17 -1 0
155 203 -1 0
225 312 -1 0
371 98 -1 0
119 394 -1 0
352 370 -1 0
86 289 -1 0
99 19 -1 0
89 77 -1 0
291 48 -1 0
372 6 -1 0
49 188 -1 0
136 108 -1 0
17 383 -1 0
126 56 -1 0
357 190 -1 0
68 1 -1 0
223 120 -1 0
220 207 -1 0
265 332 -1 0
121 38 -1 0
398 175 -1 0
389 28 -1 0
16 6 -1 0
299 70 -1 0
258 386 -1 0
79 34 -1 0
70 125 -1 0
187 314 -1 0
249 54 -1 0
156 218 -1 0
251 222 -1 0
125 376 -1 0
379 171 -1 0
165 136 -1 0
305 15 -1 0
166 293 -1 0
81 384 -1 0
395 384 -1 0
363 364 -1 0
133 100 -1 0
168 254 -1 0
114 202 -1 0
80 312 -1 0
218 305 -1 0
11 106 -1 0
207 355 -1 0
153 303 -1 0
0 92 -1 0
360 242 -1 0
330 383 -1 0
394 391 -1 0
342 120 -1 0
348 369 -1 0
204 329 -1 0
185 310 -1 0
68 36 -1 0
135 37 -1 0
315 293 -1 0
174 159 -1 0
31 337 -1 0
155 128 -1 0
271 300 -1 0
30 209 -1 0
193 254 -1 0
51 8 -1 0
384 53 -1 0
0 240 -1 0
173 76 -1 0
33 216 -1 0
138 334 -1 0
274 140 -1 0
73 2 -1 0
292 320 -1 0
311 303 -1 0
366 146 -1 0
216 120 -1 0
78 178 -1 0
16 125 -1 0
182 92 -1 0
386 175 -1 0
52 5 -1 0
299 155 -1 0
185 40 -1 0
367 301 -1 0
223 261 -1 0
160 122 -1 0
66 139 -1 0
0 114 -1 0
322 247 -1 0
100 274 -1 0
373 11 -1 0
367 161 -1 0
54 104 -1 0
49 100 -1 0
103 212 -1 0
301 220 -1 0
59 156 -1 0
395 275 -1 0
387 169 -1 0
79 78 -1 0
23 52 -1 0
91 177 -1 0
293 106 -1 0
398 220 -1 0
257 17 -1 0
168 49 -1 0
30 275 -1 0
271 69 -1 0
347 56 -1 0
337 100 -1 0
301 52 -1 0
134 105 -1 0
18 196 -1 0
324 275 -1 0
268 348 -1 0
194 131 -1 0
67 43 -1 0
260 70 -1 0
165 261 -1 0
257 93 -1 0
387 373 -1 0
140 317 -1 0
358 172 -1 0
79 393 -1 0
366 332 -1 0
103 118 -1 0
171 211 -1 0
161 291 -1 0
11 334 -1 0
206 9 -1 0
321 124 -1 0
133 207 -1 0
83 106 -1 0
97 52 -1 0
319 299 -1 0
26 300 -1 0
173 188 -1 0
292 156 -1 0
215 26 -1 0
210 115 -1 0
223 126 -1 0
203 338 -1 0
67 270 -1 0
379 268 -1 0
373 32 -1 0
87 175 -1 0
41 56 -1 0
18 221 -1 0
331 386 -1 0
374 258 -1 0
64 277 -1 0
161 35 -1 0
31 96 -1 0
93 46 -1 0
100 364 -1 0
353 189 -1 0
201 249 -1 0
305 238 -1 0
19 90 -1 0
237 311 -1 0
136 336 -1 0
176 74 -1 0
363 140 -1 0
271 263 -1 0
108 339 -1 0
319 371 -1 0
78 80 -1 0
191 36 -1 0
220 292 -1 0
19 212 -1 0
84 370 -1 0
3 240 -1 0
133 182 -1 0
140 290 -1 0
326 81 -1 0
189 140 -1 0
53 65 -1 0
179 380 -1 0
196 137 -1 0
277 8 -1 0
76 292 -1 0
240 48 -1 0
103 380 -1 0
306 364 -1 0
136 116 -1 0
263 395 -1 0
317 206 -1 0
133 288 -1 0
49 187 -1 0
122 213 -1 0
153 335 -1 0
139 68 -1 0
387 290 -1 0
378 280 -1 0
382 27 -1 0
70 283 -1 0
279 294 -1 0
386 265 -1 0
93 57 -1 0
205 202 -1 0
49 232 -1 0
336 256 -1 0
332 157 -1 0
350 191 -1 0
46 248 -1 0
269 368 -1 0
311 247 -1 0
208 22 -1 0
289 335 -1 0
344 24 -1 0
51 29 -1 0
80 313 -1 0
48 224 -1 0
138 71 -1 0
321 380 -1 0
280 86 -1 0
261 356 -1 0
49 73 -1 0
249 380 -1 0
240 285 -1 0
163 303 -1 0
168 344 -1 0
196 4 -1 0
154 206 -1 0
330 373 -1 0
366 210 -1 0
312 363 -1 0
68 113 -1 0
262 6 -1 0
88 217 -1 0
203 365 -1 0
345 245 -1 0
21 75 -1 0
127 167 -1 0
27 364 -1 0
209 230 -1 0
129 326 -1 0
29 52 -1 0
342 65 -1 0
5 31 -1 0
56 156 -1 0
208 60 -1 0
181 177 -1 0
170 233 -1 0
139 83 -1 0
326 391 -1 0
345 15 -1 0
181 66 -1 0
217 91 -1 0
21 278 -1 0
384 243 -1 0
185 250 -1 0
186 188 -1 0
154 341 -1 0
129 38 -1 0
36 17 -1 0
138 284 -1 0
246 82 -1 0
75 321 -1 0
215 212 -1 0
226 308 -1 0
282 393 -1 0
235 246 -1 0
134 92 -1 0
48 259 -1 0
292 221 -1 0
56 169 -1 0
127 121 -1 0
349 6 -1 0
347 133 -1 0
104 284 -1 0
137 192 -1 0
128 131 -1 0
32 39 -1 0
55 17 -1 0
246 292 -1 0
270 83 -1 0
36 295 -1 0
42 134 -1 0
291 306 -1 0
378 189 -1 0
166 362 -1 0
385 111 -1 0
261 227 -1 0
366 198 -1 0
353 343 -1 0
171 374 -1 0
347 376 -1 0
214 242 -1 0
105 73 -1 0
118 289 -1 0
226 52 -1 0
49 265 -1 0
168 320 -1 0
248 75 -1 0
261 353 -1 0
380 55 -1 0
91 273 -1 0
371 223 -1 0
289 125 -1 0
39 356 -1 0
211 240 -1 0
242 66 -1 0
175 223 -1 0
43 4 -1 0
21 47 -1 0
26 352 -1 0
302 252 -1 0
157 318 -1 0
34 176 -1 0
310 26 -1 0
283 142 -1 0
69 171 -1 0
283 270 -1 0
67 172 -1 0
145 85 -1 0
95 245 -1 0
102 211 -1 0
383 57 -1 0
108 38 -1 0
235 335 -1 0
116 8 -1 0
40 8 -1 0
130 319 -1 0
395 235 -1 0
130 363 -1 0
195 20 -1 0
307 3 -1 0
89 24 -1 0
140 275 -1 0
234 102 -1 0
259 351 -1 0
262 263 -1 0
84 95 -1 0
8 66 -1 0
312 41 -1 0
2 118 -1 0
43 383 -1 0
356 7 -1 0
387 65 -1 0
264 225 -1 0
128 386 -1 0
107 302 -1 0
40 39 -1 0
0 85 -1 0
5 21 -1 0
42 173 -1 0
241 386 -1 0
117 336 -1 0
125 217 -1 0
159 70 -1 0
151 164 -1 0
184 47 -1 0
94 215 -1 0
144 123 -1 0
126 161 -1 0
173 124 -1 0
141 320 -1 0
202 298 -1 0
67 272 -1 0
42 399 -1 0
301 155 -1 0
216 256 -1 0
318 233 -1 0
363 204 -1 0
26 65 -1 0
93 228 -1 0
26 30 -1 0
80 223 -1 0
254 256 -1 0
283 119 -1 0
33 14 -1 0
165 100 -1 0
160 377 -1 0
368 316 -1 0
41 236 -1 0
37 357 -1 0
9 362 -1 0
220 386 -1 0
182 174 -1 0
307 386 -1 0
54 90 -1 0
323 169 -1 0
104 369 -1 0
53 113 -1 0
360 83 -1 0
310 329 -1 0
132 268 -1 0
320 215 -1 0
188 141 -1 0
27 76 -1 0
126 120 -1 0
55 367 -1 0
316 150 -1 0
366 339 -1 0
134 288 -1 0
189 257 -1 0
82 127 -1 0
3 215 -1 0
322 40 -1 0
222 388 -1 0
116 3 -1 0
309 389 -1 0
78 299 -1 0
148 236 -1 0
161 257 -1 0
39 98 -1 0
244 273 -1 0
183 93 -1 0
215 130 -1 0
26 107 -1 0
314 289 -1 0
230 83 -1 0
76 320 -1 0
148 399 -1 0
141 134 -1 0
57 336 -1 0
22 198 -1 0
80 301 -1 0
148 58 -1 0
84 202 -1 0
205 371 -1 0
31 357 -1 0
121 93 -1 0
38 86 -1 0
47 57 -1 0
216 302 -1 0
33 108 -1 0
192 155 -1 0
393 114 -1 0
189 258 -1 0
341 147 -1 0
307 121 -1 0
347 72 -1 0
364 252 -1 0
293 150 -1 0
188 62 -1 0
354 379 -1 0
114 370 -1 0
160 39 -1 0
235 57 -1 0
63 383 -1 0
310 231 -1 0
175 80 -1 0
0 12 -1 0
339 283 -1 0
322 292 -1 0
30 220 -1 0
66 306 -1 0
322 136 -1 0
186 165 -1 0
91 260 -1 0
84 0 -1 0
67 238 -1 0
213 35 -1 0
310 53 -1 0
390 80 -1 0
161 162 -1 0
210 67 -1 0
354 238 -1 0
183 175 -1 0
335 208 -1 0
91 378 -1 0
176 380 -1 0
107 185 -1 0
42 227 -1 0
373 198 -1 0
9 125 -1 0
46 363 -1 0
166 209 -1 0
166 192 -1 0
257 268 -1 0
12 210 -1 0
168 154 -1 0
330 26 -1 0
321 44 -1 0
149 294 -1 0
354 391 -1 0
311 243 -1 0
293 258 -1 0
385 215 -1 0
29 377 -1 0
13 198 -1 0
70 366 -1 0
200 365 -1 0
156 288 -1 0
163 250 -1 0
343 30 -1 0
366 201 -1 0
333 220 -1 0
331 187 -1 0
328 377 -1 0
382 302 -1 0
347 13 -1 0
327 222 -1 0
2 183 -1 0
340 328 -1 0
284 334 -1 0
209 88 -1 0
362 306 -1 0
172 296 -1 0
356 329 -1 0
148 170 -1 0
190 123 -1 0
15 83 -1 0
394 390 -1 0
152 32 -1 0
126 167 -1 0
56 154 -1 0
85 19 -1 0
322 173 -1 0
231 299 -1 0
264 27 -1 0
236 246 -1 0
372 273 -1 0
395 227 -1 0
2 271 -1 0
236 249 -1 0
11 278 -1 0
115 122 -1 0
179 50 -1 0
152 364 -1 0
357 251 -1 0
373 57 -1 0
385 246 -1 0
370 172 -1 0
108 251 -1 0
109 106 -1 0
14 226 -1 0
277 126 -1 0
100 108 -1 0
356 92 -1 0
189 231 -1 0
347 386 -1 0
76 110 -1 0
263 41 -1 0
333 358 -1 0
392 261 -1 0
132 276 -1 0
345 176 -1 0
365 80 -1 0
60 300 -1 0
368 114 -1 0
56 77 -1 0
309 304 -1 0
120 348 -1 0
16 29 -1 0
110 348 -1 0
367 338 -1 0
105 260 -1 0
114 275 -1 0
388 374 -1 0
138 123 -1 0
169 276 -1 0
229 333 -1 0
273 317 -1 0
10 92 -1 0
58 301 -1 0
141 57 -1 0
186 160 -1 0
156 97 -1 0
372 310 -1 0
237 316 -1 0
5 160 -1 0
160 63 -1 0
195 25 -1 0
55 185 -1 0
283 62 -1 0
114 129 -1 0
95 282 -1 0
32 174 -1 0
383 156 -1 0
119 285 -1 0
300 369 -1 0
67 213 -1 0
36 170 -1 0
221 257 -1 0
359 114 -1 0
243 348 -1 0
129 154 -1 0
294 254 -1 0
367 13 -1 0
142 308 -1 0
307 31 -1 0
324 235 -1 0
237 293 -1 0
42 328 -1 0
332 215 -1 0
209 49 -1 0
99 11 -1 0
268 27 -1 0
306 32 -1 0
344 388 -1 0
358 22 -1 0
257 26 -1 0
59 142 -1 0
352 44 -1 0
9 70 -1 0
252 33 -1 0
304 49 -1 0
53 79 -1 0
290 108 -1 0
80 63 -1 0
152 328 -1 0
49 124 -1 0
272 327 -1 0
205 363 -1 0
152 272 -1 0
166 356 -1 0
153 63 -1 0
150 382 -1 0
129 98 -1 0
280 52 -1 0
234 393 -1 0
97 235 -1 0
6 382 -1 0
254 130 -1 0
290 21 -1 0
151 322 -1 0
355 331 -1 0
360 350 -1 0
186 6 -1 0
127 75 -1 0
9 116 -1 0
146 258 -1 0
341 22 -1 0
102 175 -1 0
4 46 -1 0
380 189 -1 0
172 38 -1 0
156 217 -1 0
343 365 -1 0
33 297 -1 0
350 138 -1 0
223 256 -1 0
135 40 -1 0
156 284 -1 0
170 171 -1 0
109 377 -1 0
91 127 -1 0
63 10 -1 0
300 153 -1 0
98 86 -1 0
146 316 -1 0
335 91 -1 0
274 317 -1 0
117 310 -1 0
187 154 -1 0
117 217 -1 0
289 223 -1 0
284 80 -1 0
147 111 -1 0
36 350 -1 0
268 293 -1 0
359 297 -1 0
186 83 -1 0
384 342 -1 0
177 214 -1 0
119 96 -1 0
159 220 -1 0
108 299 -1 0
205 134 -1 0
8 19 -1 0
93 343 -1 0
135 372 -1 0
393 157 -1 0
205 148 -1 0
198 333 -1 0
219 11 -1 0
220 299 -1 0
171 342 -1 0
366 324 -1 0
81 130 -1 0
13 177 -1 0
256 20 -1 0
12 189 -1 0
102 200 -1 0
145 245 -1 0
278 229 -1 0
288 119 -1 0
71 285 -1 0
72 362 -1 0
124 82 -1 0
320 178 -1 0
56 9 -1 0
175 373 -1 0
75 329 -1 0
216 368 -1 0
85 265 -1 0
390 109 -1 0
292 245 -1 0
5 88 -1 0
380 125 -1 0
230 77 -1 0
397 306 -1 0
116 93 -1 0
266 112 -1 0
260 310 -1 0
152 349 -1 0
47 192 -1 0
179 385 -1 0
52 247 -1 0
52 143 -1 0
244 243 -1 0
237 313 -1 0
349 210 -1 0
86 106 -1 0
157 36 -1 0
165 346 -1 0
80 249 -1 0
18 156 -1 0
161 242 -1 0
31 35 -1 0
22 83 -1 0
387 387 -1 0
225 26 -1 0
368 188 -1 0
226 265 -1 0
275 257 -1 0
384 132 -1 0
262 131 -1 0
353 146 -1 0
30 387 -1 0
249 58 -1 0
110 362 -1 0
204 323 -1 0
388 288 -1 0
390 2 -1 0
111 378 -1 0
364 177 -1 0
171 316 -1 0
7 126 -1 0
204 70 -1 0
0 317 -1 0
365 213 -1 0
244 94 -1 0
233 272 -1 0
110 108 -1 0
194 294 -1 0
246 308 -1 0
112 92 -1 0
220 317 -1 0
222 360 -1 0
183 378 -1 0
134 313 -1 0
103 330 -1 0
37 148 -1 0
330 339 -1 0
378 236 -1 0
103 205 -1 0
124 205 -1 0
206 270 -1 0
63 204 -1 0
184 115 -1 0
60 89 -1 0
51 388 -1 0
32 44 -1 0
334 161 -1 0
270 107 -1 0
117 251 -1 0
130 299 -1 0
126 60 -1 0
378 325 -1 0
130 17 -1 0
247 297 -1 0
125 387 -1 0
399 396 -1 0
27 70 -1 0
388 346 -1 0
86 21 -1 0
28 171 -1 0
338 383 -1 0
200 291 -1 0
254 39 -1 0
46 370 -1 0
196 59 -1 0
53 311 -1 0
221 45 -1 0
398 47 -1 0
173 244 -1 0
133 303 -1 0
49 220 -1 0
226 250 -1 0
10 37 -1 0
163 114 -1 0
238 221 -1 0
219 343 -1 0
49 340 -1 0
363 18 -1 0
384 213 -1 0
71 85 -1 0
47 27 -1 0
174 336 -1 0
340 92 -1 0
167 337 -1 0
333 248 -1 0
107 362 -1 0
50 147 -1 0
369 78 -1 0
63 60 -1 0
381 311 -1 0
398 166 -1 0
82 258 -1 0
140 313 -1 0
238 60 -1 0
330 31 -1 0
56 13 -1 0
291 95 -1 0
396 149 -1 0
206 255 -1 0
334 335 -1 0
293 151 -1 0
31 84 -1 0
2 367 -1 0
96 151 -1 0
162 209 -1 0
77 372 -1 0
333 8 -1 0
213 50 -1 0
59 103 -1 0
129 95 -1 0
147 44 -1 0
235 102 -1 0
24 244 -1 0
222 99 -1 0
69 257 -1 0
168 319 -1 0
250 220 -1 0
270 358 -1 0
98 79 -1 0
374 316 -1 0
377 71 -1 0
127 108 -1 0
26 89 -1 0
154 183 -1 0
1 152 -1 0
151 69 -1 0
11 65 -1 0
25 75 -1 0
13 49 -1 0
396 185 -1 0
20 157 -1 0
239 36 -1 0
352 381 -1 0
174 301 -1 0
221 32 -1 0
69 292 -1 0
272 390 -1 0
11 92 -1 0
309 26 -1 0
247 364 -1 0
1 91 -1 0
382 151 -1 0
114 263 -1 0
398 155 -1 0
275 61 -1 0
382 386 -1 0
102 50 -1 0
177 277 -1 0
188 295 -1 0
169 259 -1 0
196 215 -1 0
245 341 -1 0
165 296 -1 0
31 192 -1 0
17 168 -1 0
42 155 -1 0
112 230 -1 0
72 73 -1 0
275 64 -1 0
275 70 -1 0
224 88 -1 0
34 139 -1 0
194 58 -1 0
274 298 -1 0
269 126 -1 0
109 148 -1 0
214 52 -1 0
133 33 -1 0
154 306 -1 0
93 322 -1 0
354 291 -1 0
71 212 -1 0
16 355 -1 0
348 77 -1 0
73 78 -1 0
187 14 -1 0
233 349 -1 0
75 391 -1 0
35 136 -1 0
342 232 -1 0
68 233 -1 0
244 1 -1 0
133 272 -1 0
310 79 -1 0
365 333 -1 0
277 331 -1 0
114 295 -1 0
259 141 -1 0
294 235 -1 0
4 308 -1 0
310 246 -1 0
196 309 -1 0
170 309 -1 0
297 94 -1 0
376 280 -1 0
184 166 -1 0
84 388 -1 0
86 165 -1 0
0 2 -1 0
30 99 -1 0
34 398 -1 0
71 380 -1 0
57 128 -1 0
170 103 -1 0
248 378 -1 0
37 88 -1 0
90 398 -1 0
2 324 -1 0
76 393 -1 0
318 272 -1 0
49 112 -1 0
178 52 -1 0
56 307 -1 0
8 361 -1 0
16 364 -1 0
52 99 -1 0
274 385 -1 0
38 323 -1 0
201 84 -1 0
283 65 -1 0
37 296 -1 0
349 71 -1 0
114 270 -1 0
70 274 -1 0
71 1 -1 0
160 331 -1 0
98 22 -1 0
345 151 -1 0
291 305 -1 0
217 374 -1 0
293 254 -1 0
280 21 -1 0
272 298 -1 0
41 73 -1 0
292 83 -1 0
238 63 -1 0
275 80 -1 0
390 110 -1 0
84 249 -1 0
254 227 -1 0
209 391 -1 0
34 129 -1 0
104 166 -1 0
259 370 -1 0
233 254 -1 0
44 246 -1 0
391 326 -1 0
166 100 -1 0
226 299 -1 0
97 151 -1 0
7 48 -1 0
298 117 -1 0
21 60 -1 0
141 352 -1 0
160 44 -1 0
397 345 -1 0
87 269 -1 0
266 391 -1 0
262 307 -1 0
244 336 -1 0
292 25 -1 0
29 316 -1 0
285 73 -1 0
141 84 -1 0
32 286 -1 0
281 40 -1 0
279 389 -1 0
169 332 -1 0
286 259 -1 0
346 225 -1 0
10 305 -1 0
345 231 -1 0
387 176 -1 0
0 154 -1 0
393 198 -1 0
63 200 -1 0
132 186 -1 0
35 191 -1 0
220 236 -1 0
368 5 -1 0
79 285 -1 0
161 30 -1 0
333 303 -1 0
67 182 -1 0
170 134 -1 0
216 315 -1 0
100 205 -1 0
175 359 -1 0
353 330 -1 0
155 352 -1 0
106 171 -1 0
353 248 -1 0
17 188 -1 0
102 393 -1 0
267 252 -1 0
372 343 -1 0
347 8 -1 0
376 259 -1 0
194 254 -1 0
38 202 -1 0
299 136 -1 0
194 367 -1 0
48 22 -1 0
389 304 -1 0
42 221 -1 0
172 88 -1 0
221 356 -1 0
148 138 -1 0
177 341 -1 0
210 113 -1 0
276 281 -1 0
56 170 -1 0
163 5 -1 0
19 49 -1 0
385 136 -1 0
91 102 -1 0
313 68 -1 0
244 117 -1 0
185 65 -1 0
296 300 -1 0
397 359 -1 0
114 90 -1 0
193 288 -1 0
43 147 -1 0
270 128 -1 0
376 185 -1 0
278 86 -1 0
36 66 -1 0
35 68 -1 0
88 135 -1 0
113 127 -1 0
91 90 -1 0
302 103 -1 0
217 326 -1 0
149 170 -1 0
97 175 -1 0
96 77 -1 0
198 324 -1 0
342 40 -1 0
143 299 -1 0
396 236 -1 0
75 312 -1 0
18 90 -1 0
99 193 -1 0
340 161 -1 0
84 26 -1 0
345 55 -1 0
108 283 -1 0
335 329 -1 0
102 225 -1 0
18 284 -1 0
282 47 -1 0
138 143 -1 0
229 115 -1 0
37 93 -1 0
196 102 -1 0
364 145 -1 0
104 55 -1 0
286 319 -1 0
378 191 -1 0
94 314 -1 0
30 134 -1 0
253 300 -1 0
266 65 -1 0
195 332 -1 0
189 284 -1 0
212 63 -1 0
46 304 -1 0
315 291 -1 0
383 349 -1 0
348 70 -1 0
63 217 -1 0
393 122 -1 0
85 109 -1 0
180 148 -1 0
40 74 -1 0
390 105 -1 0
356 57 -1 0
336 319 -1 0
172 377 -1 0
156 37 -1 0
204 41 -1 0
68 230 -1 0
77 102 -1 0
245 293 -1 0
176 354 -1 0
84 84 -1 0
71 299 -1 0
205 42 -1 0
9 254 -1 0
79 140 -1 0
181 74 -1 0
14 145 -1 0
69 49 -1 0
41 131 -1 0
167 298 -1 0
86 243 -1 0
319 80 -1 0
175 218 -1 0
337 181 -1 0
28 198 -1 0
77 295 -1 0
44 17 -1 0
82 206 -1 0
193 138 -1 0
211 323 -1 0
361 254 -1 0
18 163 -1 0
258 243 -1 0
32 139 -1 0
134 283 -1 0
84 379 -1 0
287 367 -1 0
378 270 -1 0
305 310 -1 0
181 267 -1 0
84 168 -1 0
149 130 -1 0
46 113 -1 0
264 255 -1 0
382 307 -1 0
40 340 -1 0
163 72 -1 0
97 258 -1 0
344 179 -1 0
316 164 -1 0
319 357 -1 0
74 312 -1 0
152 299 -1 0
38 262 -1 0
359 288 -1 0
146 327 -1 0
178 319 -1 0
250 22 -1 0
394 287 -1 0
140 190 -1 0
31 106 -1 0
133 355 -1 0
153 200 -1 0
384 186 -1 0
198 6 -1 0
33 387 -1 0
101 243 -1 0
26 19 -1 0
95 248 -1 0
62 258 -1 0
376 288 -1 0
201 85 -1 0
88 90 -1 0
166 241 -1 0
117 294 -1 0
25 25 -1 0
31 384 -1 0
123 161 -1 0
295 364 -1 0
355 191 -1 0
219 209 -1 0
87 196 -1 0
52 37 -1 0
66 392 -1 0
347 103 -1 0
77 169 -1 0
156 370 -1 0
175 207 -1 0
322 11 -1 0
395 212 -1 0
8 218 -1 0
79 202 -1 0
360 239 -1 0
102 40 -1 0
170 327 -1 0
194 70 -1 0
97 305 -1 0
155 370 -1 0
111 287 -1 0
140 63 -1 0
254 357 -1 0
332 289 -1 0
393 306 -1 0
310 85 -1 0
52 322 -1 0
80 168 -1 0
323 60 -1 0
175 271 -1 0
140 65 -1 0
26 264 -1 0
251 69 -1 0
131 120 -1 0
114 250 -1 0
233 68 -1 0
33 162 -1 0
315 221 -1 0
156 46 -1 0
77 308 -1 0
61 122 -1 0
374 141 -1 0
277 337 -1 0
331 373 -1 0
392 251 -1 0
392 169 -1 0
61 154 -1 0
307 84 -1 0
180 188 -1 0
394 33 -1 0
36 42 -1 0
214 130 -1 0
349 47 -1 0
14 375 -1 0
191 253 -1 0
102 343 -1 0
247 263 -1 0
329 250 -1 0
336 342 -1 0
167 319 -1 0
90 207 -1 0
299 75 -1 0
339 317 -1 0
364 253 -1 0
283 266 -1 0
222 220 -1 0
348 97 -1 0
164 361 -1 0
288 136 -1 0
149 232 -1 0
304 55 -1 0
88 73 -1 0
276 55 -1 0
305 23 -1 0
43 369 -1 0
256 57 -1 0
139 133 -1 0
173 18 -1 0
118 230 -1 0
280 88 -1 0
101 15 -1 0
296 385 -1 0
375 345 -1 0
141 370 -1 0
124 268 -1 0
108 211 -1 0
377 143 -1 0
31 82 -1 0
44 326 -1 0
85 385 -1 0
32 106 -1 0
98 77 -1 0
367 341 -1 0
144 397 -1 0
123 118 -1 0
80 13 -1 0
225 32 -1 0
318 248 -1 0
189 332 -1 0
131 368 -1 0
270 72 -1 0
145 174 -1 0
376 290 -1 0
292 311 -1 0
114 232 -1 0
26 29 -1 0
284 290 -1 0
275 33 -1 0
327 42 -1 0
54 147 -1 0
60 73 -1 0
291 135 -1 0
29 105 -1 0
7 145 -1 0
315 342 -1 0
63 180 -1 0
101 180 -1 0
323 194 -1 0
354 305 -1 0
238 283 -1 0
40 170 -1 0
326 383 -1 0
364 80 -1 0
138 396 -1 0
163 381 -1 0
16 223 -1 0
298 145 -1 0
344 223 -1 0
278 112 -1 0
303 317 -1 0
191 365 -1 0
261 47 -1 0
63 254 -1 0
69 373 -1 0
354 135 -1 0
70 335 -1 0
177 251 -1 0
156 385 -1 0
264 47 -1 0
251 330 -1 0
18 222 -1 0
305 284 -1 0
346 47 -1 0
254 344 -1 0
15 272 -1 0
159 35 -1 0
20 75 -1 0
35 381 -1 0
126 74 -1 0
159 107 -1 0
124 210 -1 0
39 71 -1 0
43 316 -1 0
255 116 -1 0
171 108 -1 0
300 382 -1 0
254 64 -1 0
279 23 -1 0
171 390 -1 0
12 174 -1 0
284 316 -1 0
309 149 -1 0
327 284 -1 0
34 232 -1 0
63 346 -1 0
349 362 -1 0
397 25 -1 0
328 219 -1 0
76 290 -1 0
195 58 -1 0
338 370 -1 0
182 332 -1 0
311 1 -1 0
185 22 -1 0
59 106 -1 0
50 44 -1 0
137 361 -1 0
203 333 -1 0
33 305 -1 0
185 370 -1 0
310 116 -1 0
376 16 -1 0
17 146 -1 0
49 358 -1 0
135 214 -1 0
130 113 -1 0
293 223 -1 0
30 284 -1 0
161 76 -1 0
68 15 -1 0
60 267 -1 0
26 379 -1 0
133 192 -1 0
61 392 -1 0
285 138 -1 0
299 219 -1 0
316 76 -1 0
193 13 -1 0
349 136 -1 0
166 166 -1 0
92 50 -1 0
143 165 -1 0
56 135 -1 0
90 257 -1 0
41 351 -1 0
124 346 -1 0
53 391 -1 0
312 263 -1 0
324 237 -1 0
129 30 -1 0
34 92 -1 0
6 385 -1 0
70 158 -1 0
350 322 -1 0
146 84 -1 0
121 153 -1 0
261 74 -1 0
340 374 -1 0
336 209 -1 0
145 36 -1 0
306 69 -1 0
221 396 -1 0
352 199 -1 0
319 70 -1 0
287 234 -1 0
179 52 -1 0
116 175 -1 0
204 80 -1 0
372 368 -1 0
184 214 -1 0
16 380 -1 0
99 183 -1 0
141 237 -1 0
24 15 -1 0
91 51 -1 0
179 251 -1 0
394 315 -1 0
211 141 -1 0
270 42 -1 0
37 270 -1 0
199 398 -1 0
153 61 -1 0
327 236 -1 0
115 278 -1 0
2 168 -1 0
126 184 -1 0
37 207 -1 0
324 213 -1 0
70 372 -1 0
2 9 -1 0
327 24 -1 0
204 347 -1 0
189 293 -1 0
147 396 -1 0
123 284 -1 0
341 106 -1 0
355 25 -1 0
306 333 -1 0
46 83 -1 0
250 317 -1 0
45 350 -1 0
194 44 -1 0
152 48 -1 0
305 159 -1 0
4 48 -1 0
7 139 -1 0
127 370 -1 0
136 163 -1 0
391 360 -1 0
71 247 -1 0
39 293 -1 0
26 388 -1 0
311 258 -1 0
37 231 -1 0
343 91 -1 0
102 194 -1 0
184 206 -1 0
301 323 -1 0
205 146 -1 0
397 37 -1 0
29 44 -1 0
287 140 -1 0
330 236 -1 0
5 349 -1 0
234 380 -1 0
135 242 -1 0
366 368 -1 0
201 70 -1 0
5 339 -1 0
227 340 -1 0
243 316 -1 0
55 381 -1 0
330 28 -1 0
333 381 -1 0
185 90 -1 0
236 220 -1 0
299 80 -1 0
61 202 -1 0
113 56 -1 0
99 310 -1 0
314 168 -1 0
141 60 -1 0
238 271 -1 0
242 101 -1 0
360 21 -1 0
158 231 -1 0
328 338 -1 0
85 140 -1 0
200 390 -1 0
121 349 -1 0
395 349 -1 0
121 124 -1 0
370 370 -1 0
275 314 -1 0
174 232 -1 0
22 2 -1 0
62 178 -1 0
325 185 -1 0
133 76 -1 0
46 202 -1 0
7 90 -1 0
129 339 -1 0
308 56 -1 0
189 298 -1 0
55 126 -1 0
389 9 -1 0
119 31 -1 0
208 230 -1 0
150 362 -1 0
315 274 -1 0
299 370 -1 0
195 14 -1 0
322 250 -1 0
294 1 -1 0
399 386 -1 0
265 236 -1 0
144 365 -1 0
132 366 -1 0
26 39 -1 0
343 147 -1 0
199 337 -1 0
187 374 -1 0
338 265 -1 0
306 19 -1 0
30 392 -1 0
201 270 -1 0
128 39 -1 0
242 243 -1 0
89 68 -1 0
286 367 -1 0
376 383 -1 0
341 329 -1 0
162 216 -1 0
312 96 -1 0
28 219 -1 0
30 303 -1 0
26 304 -1 0
226 230 -1 0
185 312 -1 0
264 80 -1 0
234 343 -1 0
145 146 -1 0
60 383 -1 0
359 290 -1 0
118 204 -1 0
175 62 -1 0
374 114 -1 0
109 397 -1 0
392 218 -1 0
141 142 -1 0
206 26 -1 0
399 129 -1 0
334 383 -1 0
237 120 -1 0
23 139 -1 0
192 227 -1 0
307 131 -1 0
289 266 -1 0
202 109 -1 0
181 183 -1 0
112 144 -1 0
231 232 -1 0
203 383 -1 0
323 177 -1 0
352 101 -1 0
327 123 -1 0
271 309 -1 0
161 147 -1 0
288 293 -1 0
316 369 -1 0
254 320 -1 0
214 367 -1 0
218 142 -1 0
48 257 -1 0
49 320 -1 0
34 167 -1 0
147 171 -1 0
120 155 -1 0
300 269 -1 0
355 134 -1 0
66 236 -1 0
261 240 -1 0
271 11 -1 0
305 344 -1 0
133 319 -1 0
337 38 -1 0
118 388 -1 0
266 72 -1 0
224 81 -1 0
304 120 -1 0
84 265 -1 0
64 48 -1 0
85 188 -1 0
379 238 -1 0
382 317 -1 0
53 150 -1 0
361 321 -1 0
81 143 -1 0
311 378 -1 0
77 384 -1 0
398 108 -1 0
373 200 -1 0
190 218 -1 0
140 203 -1 0
253 122 -1 0
49 387 -1 0
175 320 -1 0
29 64 -1 0
373 366 -1 0
107 322 -1 0
194 363 -1 0
2 236 -1 0
196 32 -1 0
344 375 -1 0
104 187 -1 0
342 121 -1 0
178 23 -1 0
370 151 -1 0
394 78 -1 0
247 16 -1 0
51 173 -1 0
380 393 -1 0
353 53 -1 0
191 216 -1 0
134 279 -1 0
169 327 -1 0
361 38 -1 0
308 302 -1 0
62 381 -1 0
274 339 -1 0
371 74 -1 0
354 45 -1 0
340 154 -1 0
42 252 -1 0
189 182 -1 0
155 43 -1 0
54 19 -1 0
163 40 -1 0
149 302 -1 0
223 37 -1 0
63 282 -1 0
315 368 -1 0
63 12 -1 0
101 353 -1 0
172 320 -1 0
110 77 -1 0
151 160 -1 0
284 248 -1 0
272 368 -1 0
254 99 -1 0
310 128 -1 0
185 134 -1 0
70 216 -1 0
318 20 -1 0
368 91 -1 0
297 135 -1 0
147 129 -1 0
222 120 -1 0
335 67 -1 0
288 342 -1 0
71 264 -1 0
273 50 -1 0
109 29 -1 0
111 66 -1 0
195 214 -1 0
181 162 -1 0
151 39 -1 0
355 77 -1 0
160 158 -1 0
125 37 -1 0
323 354 -1 0
226 80 -1 0
61 10 -1 0
292 274 -1 0
133 113 -1 0
226 73 -1 0
2 185 -1 0
182 239 -1 0
169 190 -1 0
391 80 -1 0
389 127 -1 0
154 22 -1 0
377 190 -1 0
38 371 -1 0
128 335 -1 0
193 191 -1 0
158 331 -1 0
98 188 -1 0
309 35 -1 0
28 354 -1 0
37 335 -1 0
287 64 -1 0
354 311 -1 0
102 262 -1 0
60 310 -1 0
272 355 -1 0
55 244 -1 0
358 79 -1 0
221 3 -1 0
160 0 -1 0
148 136 -1 0
348 24 -1 0
317 336 -1 0
280 273 -1 0
268 259 -1 0
135 231 -1 0
172 177 -1 0
188 118 -1 0
64 61 -1 0
355 214 -1 0
315 49 -1 0
357 101 -1 0
21 303 -1 0
23 145 -1 0
152 59 -1 0
108 230 -1 0
77 131 -1 0
68 330 -1 0
31 39 -1 0
126 304 -1 0
133 97 -1 0
177 160 -1 0
224 108 -1 0
377 97 -1 0
40 252 -1 0
54 197 -1 0
20 140 -1 0
188 245 -1 0
190 369 -1 0
247 18 -1 0
209 218 -1 0
2 10 -1 0
64 185 -1 0
202 286 -1 0
272 139 -1 0
375 330 -1 0
219 144 -1 0
167 226 -1 0
334 299 -1 0
104 232 -1 0
172 2 -1 0
251 295 -1 0
336 94 -1 0
334 108 -1 0
158 375 -1 0
9 266 -1 0
56 190 -1 0
52 83 -1 0
150 251 -1 0
160 72 -1 0
382 179 -1 0
262 347 -1 0
340 378 -1 0
136 386 -1 0
330 377 -1 0
200 348 -1 0
57 69 -1 0
102 148 -1 0
249 364 -1 0
336 176 -1 0
245 67 -1 0
38 265 -1 0
374 390 -1 0
266 51 -1 0
188 340 -1 0
376 391 -1 0
113 282 -1 0
340 150 -1 0
7 23 -1 0
384 328 -1 0
218 16 -1 0
11 66 -1 0
44 61 -1 0
154 66 -1 0
261 399 -1 0
151 32 -1 0
43 305 -1 0
311 44 -1 0
88 381 -1 0
4 302 -1 0
118 263 -1 0
189 78 -1 0
214 254 -1 0
217 82 -1 0
33 157 -1 0
220 138 -1 0
172 116 -1 0
171 185 -1 0
17 288 -1 0
227 301 -1 0
371 221 -1 0
178 206 -1 0
350 75 -1 0
141 302 -1 0
105 123 -1 0
384 96 -1 0
119 240 -1 0
355 296 -1 0
200 224 -1 0
12 149 -1 0
46 163 -1 0
374 34 -1 0
145 16 -1 0
223 327 -1 0
52 180 -1 0
1 222 -1 0
144 227 -1 0
17 329 -1 0
39 101 -1 0
95 343 -1 0
217 24 -1 0
127 55 -1 0
369 9 -1 0
112 63 -1 0
358 128 -1 0
24 329 -1 0
115 300 -1 0
281 264 -1 0
139 127 -1 0
49 13 -1 0
91 37 -1 0
321 310 -1 0
187 339 -1 0
24 170 -1 0
282 32 -1 0
78 0 -1 0
158 85 -1 0
356 19 -1 0
163 209 -1 0
173 25 -1 0
277 105 -1 0
28 220 -1 0
390 115 -1 0
334 57 -1 0
307 122 -1 0
80 36 -1 0
396 363 -1 0
72 350 -1 0
279 233 -1 0
85 54 -1 0
297 100 -1 0
180 355 -1 0
248 83 -1 0
18 200 -1 0
25 63 -1 0
373 320 -1 0
73 288 -1 0
53 301 -1 0
248 88 -1 0
57 121 -1 0
61 149 -1 0
332 159 -1 0
339 371 -1 0
170 328 -1 0
161 360 -1 0
213 332 -1 0
267 275 -1 0
284 315 -1 0
392 121 -1 0
52 133 -1 0
213 306 -1 0
125 272 -1 0
374 138 -1 0
149 19 -1 0
47 79 -1 0
395 163 -1 0
2 67 -1 0
359 183 -1 0
360 111 -1 0
378 119 -1 0
300 120 -1 0
12 387 -1 0
221 44 -1 0
110 293 -1 0
212 276 -1 0
349 35 -1 0
372 39 -1 0
209 212 -1 0
389 11 -1 0
250 395 -1 0
382 8 -1 0
340 392 -1 0
188 0 -1 0
389 264 -1 0
64 319 -1 0
236 277 -1 0
79 111 -1 0
11 205 -1 0
328 91 -1 0
43 227 -1 0
359 207 -1 0
101 163 -1 0
274 58 -1 0
185 66 -1 0
381 235 -1 0
308 332 -1 0
369 286 -1 0
60 42 -1 0
35 179 -1 0
22 269 -1 0
108 84 -1 0
200 352 -1 0
33 192 -1 0
399 101 -1 0
4 94 -1 0
16 317 -1 0
342 240 -1 0
4 52 -1 0
287 372 -1 0
99 26 -1 0
187 257 -1 0
278 388 -1 0
67 109 -1 0
255 370 -1 0
339 349 -1 0
232 252 -1 0
62 152 -1 0
7 163 -1 0
380 9 -1 0
13 58 -1 0
222 375 -1 0
237 72 -1 0
393 107 -1 0
172 395 -1 0
19 178 -1 0
85 147 -1 0
191 43 -1 0
245 43 -1 0
15 247 -1 0
361 310 -1 0
337 282 -1 0
57 52 -1 0
162 88 -1 0
141 335 -1 0
251 50 -1 0
261 319 -1 0
62 180 -1 0
285 126 -1 0
306 14 -1 0
332 2 -1 0
390 137 -1 0
88 63 -1 0
106 234 -1 0
176 343 -1 0
237 109 -1 0
265 326 -1 0
347 266 -1 0
203 82 -1 0
391 107 -1 0
162 156 -1 0
271 136 -1 0
371 239 -1 0
84 184 -1 0
79 97 -1 0
53 115 -1 0
31 109 -1 0
388 257 -1 0
51 262 -1 0
230 247 -1 0
229 90 -1 0
349 282 -1 0
102 181 -1 0
50 255 -1 0
173 194 -1 0
272 39 -1 0
218 306 -1 0
367 87 -1 0
133 307 -1 0
336 394 -1 0
367 299 -1 0
352 7 -1 0
342 387 -1 0
391 371 -1 0
1 337 -1 0
67 119 -1 0
152 367 -1 0
365 378 -1 0
64 363 -1 0
30 153 -1 0
13 397 -1 0
51 324 -1 0
395 125 -1 0
232 325 -1 0
164 257 -1 0
361 173 -1 0
160 199 -1 0
295 284 -1 0
145 224 -1 0
18 342 -1 0
203 121 -1 0
295 123 -1 0
24 341 -1 0
218 338 -1 0
388 371 -1 0
218 66 -1 0
142 174 -1 0
292 136 -1 0
58 249 -1 0
392 381 -1 0
17 349 -1 0
124 283 -1 0
342 151 -1 0
153 222 -1 0
304 8 -1 0
143 224 -1 0
208 277 -1 0
162 172 -1 0
287 151 -1 0
81 214 -1 0
66 387 -1 0
324 289 -1 0
350 120 -1 0
74 24 -1 0
369 254 -1 0
23 116 -1 0
87 96 -1 0
83 300 -1 0
45 249 -1 0
270 238 -1 0
175 378 -1 0
41 309 -1 0
227 283 -1 0
378 224 -1 0
192 223 -1 0
135 381 -1 0
156 76 -1 0
290 298 -1 0
156 362 -1 0
369 363 -1 0
211 273 -1 0
199 396 -1 0
378 106 -1 0
329 105 -1 0
121 52 -1 0
369 307 -1 0
317 103 -1 0
254 347 -1 0
319 48 -1 0
378 64 -1 0
379 270 -1 0
203 363 -1 0
22 93 -1 0
165 302 -1 0
271 343 -1 0
208 373 -1 0
227 312 -1 0
107 61 -1 0
249 74 -1 0
282 322 -1 0
76 123 -1 0
310 353 -1 0
182 7 -1 0
30 115 -1 0
43 269 -1 0
230 295 -1 0
128 266 -1 0
213 49 -1 0
336 270 -1 0
227 122 -1 0
242 34 -1 0
46 331 -1 0
186 47 -1 0
217 97 -1 0
138 172 -1 0
380 185 -1 0
334 155 -1 0
324 281 -1 0
69 129 -1 0
49 153 -1 0
63 263 -1 0
199 71 -1 0
127 161 -1 0
271 124 -1 0
108 361 -1 0
243 292 -1 0
124 209 -1 0
188 241 -1 0
180 396 -1 0
166 56 -1 0
2 231 -1 0
184 356 -1 0
119 153 -1 0
84 149 -1 0
273 297 -1 0
102 296 -1 0
93 138 -1 0
252 288 -1 0
227 376 -1 0
117 136 -1 0
56 114 -1 0
5 65 -1 0
28 268 -1 0
159 302 -1 0
172 219 -1 0
166 179 -1 0
117 393 -1 0
326 104 -1 0
360 301 -1 0
276 300 -1 0
328 355 -1 0
125 109 -1 0
352 177 -1 0
345 391 -1 0
76 15 -1 0
113 239 -1 0
117 338 -1 0
79 391 -1 0
371 274 -1 0
91 34 -1 0
355 66 -1 0
310 228 -1 0
137 129 -1 0
22 217 -1 0
232 377 -1 0
287 250 -1 0
175 190 -1 0
198 27 -1 0
142 245 -1 0
180 267 -1 0
40 268 -1 0
129 114 -1 0
60 184 -1 0
242 290 -1 0
41 293 -1 0
329 158 -1 0
185 120 -1 0
189 263 -1 0
387 366 -1 0
326 57 -1 0
307 148 -1 0
116 203 -1 0
270 257 -1 0
127 316 -1 0
199 57 -1 0
97 169 -1 0
281 48 -1 0
77 320 -1 0
183 182 -1 0
339 150 -1 0
171 23 -1 0
197 350 -1 0
13 106 -1 0
375 105 -1 0
0 394 -1 0
252 227 -1 0
348 0 -1 0
252 303 -1 0
97 260 -1 0
167 108 -1 0
142 171 -1 0
144 219 -1 0
300 367 -1 0
207 79 -1 0
6 80 -1 0
138 331 -1 0
251 318 -1 0
246 259 -1 0
190 302 -1 0
169 20 -1 0
42 254 -1 0
105 267 -1 0
380 318 -1 0
222 21 -1 0
108 129 -1 0
324 370 -1 0
367 18 -1 0
48 230 -1 0
356 128 -1 0
182 276 -1 0
246 366 -1 0
365 331 -1 0
288 57 -1 0
347 335 -1 0
145 188 -1 0
12 140 -1 0
10 299 -1 0
183 327 -1 0
395 327 -1 0
329 53 -1 0
116 392 -1 0
26 336 -1 0
279 70 -1 0
156 268 -1 0
320 219 -1 0
165 218 -1 0
75 152 -1 0
256 385 -1 0
134 186 -1 0
37 27 -1 0
259 248 -1 0
274 364 -1 0
165 121 -1 0
250 0 -1 0
92 365 -1 0
125 59 -1 0
367 44 -1 0
218 143 -1 0
139 11 -1 0
72 349 -1 0
244 95 -1 0
32 62 -1 0
176 78 -1 0
189 381 -1 0
153 228 -1 0
283 140 -1 0
309 61 -1 0
162 55 -1 0
397 378 -1 0
36 334 -1 0
344 195 -1 0
307 33 -1 0
256 378 -1 0
369 68 -1 0
183 47 -1 0
341 135 -1 0
303 49 -1 0
192 136 -1 0
331 169 -1 0
308 330 -1 0
266 221 -1 0
397 148 -1 0
388 218 -1 0
26 179 -1 0
107 200 -1 0
237 106 -1 0
317 213 -1 0
14 124 -1 0
249 312 -1 0
65 1 -1 0
165 354 -1 0
27 28 -1 0
27 374 -1 0
321 13 -1 0
363 60 -1 0
343 111 -1 0
185 92 -1 0
325 125 -1 0
331 93 -1 0
382 290 -1 0
165 219 -1 0
20 221 -1 0
69 128 -1 0
85 301 -1 0
150 349 -1 0
382 235 -1 0
240 340 -1 0
261 50 -1 0
124 287 -1 0
23 351 -1 0
259 92 -1 0
389 69 -1 0
54 178 -1 0
89 23 -1 0
327 158 -1 0
330 264 -1 0
322 67 -1 0
147 252 -1 0
317 338 -1 0
72 67 -1 0
375 99 -1 0
162 145 -1 0
371 37 -1 0
226 293 -1 0
224 357 -1 0
396 87 -1 0
233 45 -1 0
64 156 -1 0
291 374 -1 0
387 246 -1 0
54 78 -1 0
122 16 -1 0
327 310 -1 0
158 11 -1 0
64 306 -1 0
374 41 -1 0
140 154 -1 0
229 334 -1 0
107 140 -1 0
151 339 -1 0
340 111 -1 0
216 298 -1 0
309 296 -1 0
231 216 -1 0
303 239 -1 0
275 141 -1 0
365 340 -1 0
121 40 -1 0
229 60 -1 0
331 180 -1 0
277 95 -1 0
365 30 -1 0
185 62 -1 0
120 215 -1 0
382 223 -1 0
117 153 -1 0
27 252 -1 0
303 299 -1 0
248 338 -1 0
219 327 -1 0
258 36 -1 0
353 164 -1 0
378 227 -1 0
11 84 -1 0
21 115 -1 0
287 374 -1 0
28 52 -1 0
27 157 -1 0
56 27 -1 0
180 241 -1 0
63 379 -1 0
39 134 -1 0
104 390 -1 0
15 251 -1 0
39 391 -1 0
306 39 -1 0
305 359 -1 0
10 311 -1 0
138 350 -1 0
397 113 -1 0
22 308 -1 0
69 118 -1 0
162 111 -1 0
71 51 -1 0
162 95 -1 0
180 88 -1 0
334 41 -1 0
389 352 -1 0
27 203 -1 0
224 273 -1 0
255 265 -1 0
201 92 -1 0
241 381 -1 0
382 33 -1 0
322 195 -1 0
224 398 -1 0
29 17 -1 0
147 48 -1 0
24 98 -1 0
9 181 -1 0
171 188 -1 0
225 21 -1 0
357 215 -1 0
92 194 -1 0
87 70 -1 0
320 387 -1 0
155 76 -1 0
370 193 -1 0
50 105 -1 0
385 129 -1 0
20 352 -1 0
340 239 -1 0
338 303 -1 0
25 191 -1 0
157 37 -1 0
368 74 -1 0
33 92 -1 0
374 293 -1 0
396 379 -1 0
381 8 -1 0
133 128 -1 0
271 17 -1 0
321 277 -1 0
143 116 -1 0
228 61 -1 0
243 125 -1 0
225 49 -1 0
280 309 -1 0
179 149 -1 0
45 137 -1 0
51 397 -1 0
319 127 -1 0
152 74 -1 0
235 25 -1 0
70 188 -1 0
185 207 -1 0
261 372 -1 0
281 236 -1 0
212 246 -1 0
341 3 -1 0
308 156 -1 0
175 145 -1 0
271 238 -1 0
21 235 -1 0
69 249 -1 0
244 131 -1 0
264 120 -1 0
381 255 -1 0
330 149 -1 0
297 256 -1 0
244 354 -1 0
53 371 -1 0
397 290 -1 0
156 323 -1 0
241 142 -1 0
241 392 -1 0
111 389 -1 0
214 79 -1 0
299 8 -1 0
332 181 -1 0
77 300 -1 0
33 168 -1 0
115 77 -1 0
90 1 -1 0
304 37 -1 0
389 206 -1 0
324 320 -1 0
270 344 -1 0
132 346 -1 0
211 283 -1 0
342 360 -1 0
191 313 -1 0
224 39 -1 0
119 175 -1 0
217 234 -1 0
71 378 -1 0
42 315 -1 0
374 220 -1 0
204 295 -1 0
352 265 -1 0
206 299 -1 0
228 33 -1 0
321 213 -1 0
311 158 -1 0
141 143 -1 0
113 263 -1 0
83 351 -1 0
295 262 -1 0
169 296 -1 0
332 351 -1 0
148 189 -1 0
235 129 -1 0
94 80 -1 0
77 92 -1 0
66 364 -1 0
1 391 -1 0
359 343 -1 0
378 366 -1 0
188 75 -1 0
382 276 -1 0
196 67 -1 0
150 100 -1 0
282 382 -1 0
13 136 -1 0
199 56 -1 0
3 189 -1 0
79 277 -1 0
209 60 -1 0
11 150 -1 0
273 267 -1 0
212 355 -1 0
44 311 -1 0
233 35 -1 0
153 374 -1 0
63 156 -1 0
165 166 -1 0
88 215 -1 0
233 135 -1 0
53 320 -1 0
121 13 -1 0
286 4 -1 0
237 375 -1 0
227 212 -1 0
255 368 -1 0
394 161 -1 0
264 56 -1 0
14 391 -1 0
194 290 -1 0
370 305 -1 0
104 101 -1 0
196 233 -1 0
281 307 -1 0
232 293 -1 0
190 220 -1 0
147 275 -1 0
152 303 -1 0
198 150 -1 0
167 217 -1 0
173 228 -1 0
33 70 -1 0
35 250 -1 0
184 253 -1 0
388 95 -1 0
180 336 -1 0
256 349 -1 0
247 339 -1 0
201 87 -1 0
48 59 -1 0
161 244 -1 0
256 19 -1 0
348 6 -1 0
319 71 -1 0
166 335 -1 0
226 388 -1 0
42 270 -1 0
387 129 -1 0
210 111 -1 0
382 49 -1 0
393 243 -1 0
33 177 -1 0
46 19 -1 0
24 292 -1 0
147 103 -1 0
0 69 -1 0
117 254 -1 0
235 62 -1 0
364 221 -1 0
360 159 -1 0
60 352 -1 0
189 34 -1 0
223 358 -1 0
290 235 -1 0
9 48 -1 0
29 147 -1 0
100 240 -1 0
267 237 -1 0
327 394 -1 0
167 228 -1 0
109 6 -1 0
297 368 -1 0
206 1 -1 0
112 100 -1 0
134 394 -1 0
369 45 -1 0
103 209 -1 0
254 319 -1 0
179 65 -1 0
317 22 -1 0
126 281 -1 0
265 272 -1 0
156 54 -1 0
342 312 -1 0
278 47 -1 0
169 89 -1 0
303 243 -1 0
396 55 -1 0
344 355 -1 0
399 46 -1 0
13 120 -1 0
247 331 -1 0
221 298 -1 0
45 114 -1 0
6 287 -1 0
370 338 -1 0
195 293 -1 0
200 268 -1 0
254 62 -1 0
303 284 -1 0
81 7 -1 0
37 145 -1 0
57 131 -1 0
222 297 -1 0
117 11 -1 0
98 345 -1 0
226 29 -1 0
255 330 -1 0
92 120 -1 0
258 259 -1 0
122 159 -1 0
77 213 -1 0
358 81 -1 0
85 112 -1 0
165 246 -1 0
304 42 -1 0
219 321 -1 0
208 226 -1 0
211 120 -1 0
83 56 -1 0
334 326 -1 0
370 296 -1 0
344 136 -1 0
29 30 -1 0
305 391 -1 0
116 363 -1 0
180 247 -1 0
226 385 -1 0
80 181 -1 0
342 229 -1 0
338 366 -1 0
26 94 -1 0
103 96 -1 0
87 110 -1 0
356 342 -1 0
311 395 -1 0
256 311 -1 0
200 358 -1 0
245 61 -1 0
51 183 -1 0
165 253 -1 0
362 220 -1 0
41 342 -1 0
105 106 -1 0
318 1 -1 0
328 202 -1 0
249 340 -1 0
120 279 -1 0
189 242 -1 0
141 87 -1 0
213 234 -1 0
257 33 -1 0
196 91 -1 0
385 192 -1 0
330 253 -1 0
173 286 -1 0
355 41 -1 0
57 58 -1 0
338 11 -1 0
81 328 -1 0
123 71 -1 0
102 372 -1 0
202 3 -1 0
4 34 -1 0
374 366 -1 0
314 7 -1 0
133 52 -1 0
320 120 -1 0
375 17 -1 0
231 247 -1 0
389 56 -1 0
185 72 -1 0
187 288 -1 0
73 346 -1 0
366 184 -1 0
61 203 -1 0
157 18 -1 0
352 196 -1 0
138 371 -1 0
195 93 -1 0
99 125 -1 0
299 300 -1 0
176 86 -1 0
97 126 -1 0
308 277 -1 0
378 345 -1 0
102 195 -1 0
91 365 -1 0
333 91 -1 0
115 245 -1 0
54 122 -1 0
294 86 -1 0
240 98 -1 0
209 219 -1 0
243 337 -1 0
133 188 -1 0
260 314 -1 0
304 227 -1 0
185 168 -1 0
167 157 -1 0
63 126 -1 0
31 11 -1 0
148 200 -1 0
38 104 -1 0
389 209 -1 0
31 42 -1 0
186 0 -1 0
230 61 -1 0
321 345 -1 0
381 159 -1 0
179 42 -1 0
337 109 -1 0
251 0 -1 0
151 57 -1 0
367 160 -1 0
131 87 -1 0
363 149 -1 0
19 201 -1 0
169 114 -1 0
61 389 -1 0
167 78 -1 0
154 178 -1 0
197 283 -1 0
42 359 -1 0
371 22 -1 0
219 313 -1 0
290 145 -1 0
311 259 -1 0
110 42 -1 0
306 341 -1 0
122 19 -1 0
399 17 -1 0
164 118 -1 0
140 318 -1 0
314 213 -1 0
381 99 -1 0
357 181 -1 0
9 392 -1 0
330 24 -1 0
307 235 -1 0
88 93 -1 0
166 19 -1 0
225 15 -1 0
100 111 -1 0
9 39 -1 0
35 299 -1 0
255 382 -1 0
160 374 -1 0
231 13 -1 0
366 52 -1 0
176 169 -1 0
53 373 -1 0
69 212 -1 0
148 314 -1 0
393 380 -1 0
338 120 -1 0
160 266 -1 0
142 166 -1 0
242 38 -1 0
15 121 -1 0
8 232 -1 0
346 64 -1 0
66 70 -1 0
76 190 -1 0
176 317 -1 0
69 101 -1 0
2 361 -1 0
197 273 -1 0
279 327 -1 0
350 96 -1 0
254 274 -1 0
84 242 -1 0
374 395 -1 0
390 378 -1 0
157 193 -1 0
107 345 -1 0
176 172 -1 0
243 259 -1 0
16 316 -1 0
282 240 -1 0
53 319 -1 0
386 94 -1 0
317 231 -1 0
390 22 -1 0
135 107 -1 0
232 0 -1 0
139 350 -1 0
203 131 -1 0
363 58 -1 0
90 67 -1 0
86 122 -1 0
231 113 -1 0
190 91 -1 0
359 342 -1 0
184 113 -1 0
191 9 -1 0
264 266 -1 0
379 253 -1 0
361 242 -1 0
288 81 -1 0
141 300 -1 0
380 391 -1 0
237 219 -1 0
392 115 -1 0
223 363 -1 0
266 356 -1 0
123 123 -1 0
177 231 -1 0
42 89 -1 0
197 146 -1 0
399 358 -1 0
164 131 -1 0
339 107 -1 0
264 390 -1 0
7 224 -1 0
204 207 -1 0
15 304 -1 0
312 383 -1 0
239 382 -1 0
151 355 -1 0
267 399 -1 0
392 178 -1 0
50 130 -1 0
343 352 -1 0
217 259 -1 0
42 384 -1 0
392 180 -1 0
162 114 -1 0
279 6 -1 0
131 229 -1 0
226 76 -1 0
2 133 -1 0
184 25 -1 0
97 31 -1 0
203 138 -1 0
21 39 -1 0
374 50 -1 0
173 130 -1 0
174 204 -1 0
83 83 -1 0
1 366 -1 0
6 204 -1 0
82 149 -1 0
342 22 -1 0
266 244 -1 0
219 297 -1 0
291 284 -1 0
166 343 -1 0
87 397 -1 0
311 70 -1 0
385 236 -1 0
98 45 -1 0
349 51 -1 0
214 221 -1 0
299 156 -1 0
382 312 -1 0
145 112 -1 0
399 260 -1 0
273 397 -1 0
128 221 -1 0
61 325 -1 0
127 165 -1 0
44 291 -1 0
32 179 -1 0
258 129 -1 0
381 274 -1 0
63 32 -1 0
236 276 -1 0
51 71 -1 0
203 347 -1 0
70 355 -1 0
174 227 -1 0
83 104 -1 0
174 43 -1 0
122 151 -1 0
176 178 -1 0
213 399 -1 0
42 288 -1 0
143 113 -1 0
101 361 -1 0
241 342 -1 0
258 314 -1 0
390 131 -1 0
192 217 -1 0
159 342 -1 0
88 160 -1 0
49 90 -1 0
227 96 -1 0
281 273 -1 0
229 250 -1 0
264 358 -1 0
162 284 -1 0
154 153 -1 0
39 307 -1 0
91 11 -1 0
77 220 -1 0
347 275 -1 0
292 99 -1 0
108 213 -1 0
380 379 -1 0
282 1 -1 0
199 399 -1 0
185 344 -1 0
245 88 -1 0
350 254 -1 0
258 38 -1 0
380 88 -1 0
128 363 -1 0
228 18 -1 0
325 144 -1 0
306 322 -1 0
335 149 -1 0
186 299 -1 0
253 299 -1 0
107 347 -1 0
32 3 -1 0
191 312 -1 0
88 268 -1 0
220 289 -1 0
120 308 -1 0
63 275 -1 0
143 372 -1 0
180 41 -1 0
382 139 -1 0
188 18 -1 0
223 380 -1 0
148 141 -1 0
353 20 -1 0
9 14 -1 0
169 90 -1 0
16 331 -1 0
65 176 -1 0
312 369 -1 0
375 100 -1 0
105 323 -1 0
5 224 -1 0
289 229 -1 0
74 84 -1 0
70 32 -1 0
211 265 -1 0
39 320 -1 0
33 28 -1 0
186 158 -1 0
308 91 -1 0
399 389 -1 0
156 123 -1 0
182 187 -1 0
82 345 -1 0
359 392 -1 0
387 350 -1 0
10 201 -1 0
180 384 -1 0
369 313 -1 0
117 210 -1 0
213 15 -1 0
389 112 -1 0
397 46 -1 0
315 1 -1 0
183 131 -1 0
277 260 -1 0
223 303 -1 0
67 387 -1 0
161 297 -1 0
274 330 -1 0
142 109 -1 0
173 58 -1 0
231 392 -1 0
277 40 -1 0
392 386 -1 0
108 161 -1 0
79 267 -1 0
337 383 -1 0
351 228 -1 0
208 265 -1 0
369 173 -1 0
25 326 -1 0
368 296 -1 0
368 209 -1 0
118 43 -1 0
58 28 -1 0
369 347 -1 0
103 185 -1 0
300 315 -1 0
222 255 -1 0
206 384 -1 0
17 108 -1 0
197 292 -1 0
222 213 -1 0
320 361 -1 0
2 266 -1 0
383 307 -1 0
284 392 -1 0
171 194 -1 0
235 352 -1 0
172 254 -1 0
261 323 -1 0
240 391 -1 0
310 289 -1 0
210 259 -1 0
142 218 -1 0
326 285 -1 0
248 64 -1 0
204 105 -1 0
322 160 -1 0
310 2 -1 0
7 234 -1 0
58 246 -1 0
18 54 -1 0
286 116 -1 0
62 163 -1 0
121 178 -1 0
77 281 -1 0
5 371 -1 0
302 249 -1 0
168 9 -1 0
145 98 -1 0
288 72 -1 0
45 120 -1 0
244 128 -1 0
97 3 -1 0
149 67 -1 0
21 149 -1 0
180 258 -1 0
299 257 -1 0
79 367 -1 0
358 397 -1 0
102 152 -1 0
130 8 -1 0
338 39 -1 0
204 214 -1 0
271 220 -1 0
355 340 -1 0
363 205 -1 0
112 240 -1 0
113 129 -1 0
365 145 -1 0
308 341 -1 0
245 45 -1 0
353 241 -1 0
307 115 -1 0
112 364 -1 0
382 168 -1 0
360 208 -1 0
161 140 -1 0
179 342 -1 0
251 280 -1 0
319 310 -1 0
270 220 -1 0
122 197 -1 0
278 125 -1 0
240 339 -1 0
239 372 -1 0
195 128 -1 0
216 353 -1 0
335 223 -1 0
135 301 -1 0
71 139 -1 0
94 294 -1 0
24 22 -1 0
21 252 -1 0
260 308 -1 0
250 320 -1 0
184 273 -1 0
114 156 -1 0
188 265 -1 0
69 230 -1 0
34 261 -1 0
118 343 -1 0
120 339 -1 0
63 338 -1 0
205 92 -1 0
33 102 -1 0
374 31 -1 0
112 5 -1 0
34 203 -1 0
248 293 -1 0
272 241 -1 0
16 397 -1 0
149 201 -1 0
323 73 -1 0
357 110 -1 0
46 73 -1 0
166 88 -1 0
10 259 -1 0
381 16 -1 0
87 376 -1 0
182 363 -1 0
273 92 -1 0
280 68 -1 0
130 116 -1 0
85 57 -1 0
383 367 -1 0
87 190 -1 0
393 195 -1 0
170 170 -1 0
262 15 -1 0
337 305 -1 0
109 336 -1 0
159 30 -1 0
312 124 -1 0
278 149 -1 0
50 339 -1 0
168 178 -1 0
12 208 -1 0
308 53 -1 0
88 266 -1 0
41 395 -1 0
179 323 -1 0
267 337 -1 0
54 76 -1 0
63 230 -1 0
338 382 -1 0
267 394 -1 0
221 368 -1 0
252 336 -1 0
15 162 -1 0
3 63 -1 0
95 289 -1 0
76 62 -1 0
380 188 -1 0
94 218 -1 0
138 306 -1 0
160 79 -1 0
148 275 -1 0
29 4 -1 0
286 126 -1 0
173 262 -1 0
237 370 -1 0
197 147 -1 0
20 305 -1 0
378 286 -1 0
286 54 -1 0
363 399 -1 0
285 311 -1 0
45 118 -1 0
180 165 -1 0
116 312 -1 0
114 179 -1 0
54 397 -1 0
40 29 -1 0
29 383 -1 0
160 207 -1 0
246 138 -1 0
318 210 -1 0
183 45 -1 0
374 272 -1 0
101 247 -1 0
379 90 -1 0
141 58 -1 0
164 288 -1 0
165 141 -1 0
336 160 -1 0
160 344 -1 0
109 287 -1 0
98 333 -1 0
82 172 -1 0
231 5 -1 0
391 361 -1 0
64 301 -1 0
111 25 -1 0
99 119 -1 0
255 296 -1 0
288 65 -1 0
79 200 -1 0
375 126 -1 0
311 233 -1 0
243 106 -1 0
199 29 -1 0
44 21 -1 0
107 331 -1 0
363 338 -1 0
395 348 -1 0
150 27 -1 0
102 21 -1 0
7 44 -1 0
332 15 -1 0
320 203 -1 0
375 145 -1 0
69 337 -1 0
353 215 -1 0
190 119 -1 0
175 93 -1 0
371 322 -1 0
47 102 -1 0
105 216 -1 0
270 297 -1 0
165 208 -1 0
29 342 -1 0
395 368 -1 0
295 48 -1 0
330 355 -1 0
65 231 -1 0
379 298 -1 0
62 326 -1 0
373 212 -1 0
190 384 -1 0
18 137 -1 0
365 218 -1 0
358 256 -1 0
95 220 -1 0
135 169 -1 0
340 74 -1 0
277 227 -1 0
91 130 -1 0
98 318 -1 0
236 93 -1 0
66 120 -1 0
140 253 -1 0
381 266 -1 0
58 242 -1 0
100 265 -1 0
361 226 -1 0
318 285 -1 0
50 243 -1 0
11 234 -1 0
137 133 -1 0
228 236 -1 0
78 36 -1 0
294 85 -1 0
87 56 -1 0
46 193 -1 0
365 194 -1 0
158 162 -1 0
204 113 -1 0
281 13 -1 0
338 368 -1 0
198 120 -1 0
261 247 -1 0
245 242 -1 0
303 379 -1 0
286 82 -1 0
129 338 -1 0
181 157 -1 0
128 58 -1 0
44 159 -1 0
102 388 -1 0
92 260 -1 0
289 153 -1 0
99 251 -1 0
244 317 -1 0
180 167 -1 0
265 252 -1 0
327 115 -1 0
202 35 -1 0
279 105 -1 0
122 379 -1 0
388 50 -1 0
9 389 -1 0
126 45 -1 0
65 49 -1 0
66 193 -1 0
137 366 -1 0
78 155 -1 0
255 281 -1 0
381 210 -1 0
96 186 -1 0
171 56 -1 0
13 60 -1 0
230 376 -1 0
338 175 -1 0
328 265 -1 0
354 97 -1 0
15 285 -1 0
147 223 -1 0
301 238 -1 0
171 162 -1 0
223 114 -1 0
313 224 -1 0
266 378 -1 0
157 94 -1 0
69 55 -1 0
384 177 -1 0
254 236 -1 0
318 350 -1 0
387 260 -1 0
300 96 -1 0
45 317 -1 0
185 225 -1 0
182 184 -1 0
31 244 -1 0
248 391 -1 0
39 143 -1 0
312 69 -1 0
348 311 -1 0
349 34 -1 0
47 141 -1 0
330 65 -1 0
28 159 -1 0
324 288 -1 0
370 184 -1 0
75 355 -1 0
128 83 -1 0
41 16 -1 0
266 1 -1 0
142 253 -1 0
277 26 -1 0
289 20 -1 0
149 211 -1 0
220 251 -1 0
392 303 -1 0
295 391 -1 0
161 217 -1 0
383 288 -1 0
7 38 -1 0
383 102 -1 0
395 5 -1 0
162 73 -1 0
65 20 -1 0
147 298 -1 0
120 328 -1 0
9 59 -1 0
71 179 -1 0
273 342 -1 0
285 32 -1 0
239 258 -1 0
205 227 -1 0
161 302 -1 0
124 224 -1 0
60 209 -1 0
89 284 -1 0
203 47 -1 0
100 43 -1 0
295 76 -1 0
116 183 -1 0
107 15 -1 0
10 178 -1 0
284 337 -1 0
319 330 -1 0
209 284 -1 0
326 340 -1 0
266 312 -1 0
290 45 -1 0
353 371 -1 0
100 387 -1 0
259 323 -1 0
204 273 -1 0
307 21 -1 0
55 93 -1 0
33 342 -1 0
185 109 -1 0
293 90 -1 0
146 385 -1 0
345 323 -1 0
313 391 -1 0
193 249 -1 0
361 330 -1 0
259 19 -1 0
184 59 -1 0
26 2 -1 0
32 2 -1 0
302 13 -1 0
377 364 -1 0
258 268 -1 0
358 109 -1 0
163 365 -1 0
217 5 -1 0
157 75 -1 0
202 326 -1 0
197 314 -1 0
2 344 -1 0
162 54 -1 0
364 181 -1 0
244 91 -1 0
219 93 -1 0
12 11 -1 0
191 347 -1 0
103 360 -1 0
390 277 -1 0
162 34 -1 0
55 256 -1 0
135 266 -1 0
375 51 -1 0
104 272 -1 0
47 9 -1 0
43 399 -1 0
116 272 -1 0
194 40 -1 0
176 16 -1 0
163 337 -1 0
399 314 -1 0
5 108 -1 0
173 279 -1 0
204 353 -1 0
322 16 -1 0
138 398 -1 0
76 149 -1 0
30 42 -1 0
132 226 -1 0
109 316 -1 0
355 299 -1 0
183 368 -1 0
172 214 -1 0
350 114 -1 0
240 4 -1 0
342 175 -1 0
0 120 -1 0
361 184 -1 0
179 387 -1 0
153 112 -1 0
325 169 -1 0
31 333 -1 0
384 293 -1 0
139 182 -1 0
162 36 -1 0
272 4 -1 0
83 226 -1 0
33 280 -1 0
128 12 -1 0
343 242 -1 0
192 195 -1 0
157 46 -1 0
282 46 -1 0
176 261 -1 0
39 353 -1 0
269 342 -1 0
45 103 -1 0
34 45 -1 0
315 165 -1 0
394 380 -1 0
34 341 -1 0
63 292 -1 0
344 1 -1 0
193 394 -1 0
42 267 -1 0
90 143 -1 0
100 53 -1 0
100 196 -1 0
71 252 -1 0
389 315 -1 0
121 137 -1 0
114 375 -1 0
83 380 -1 0
189 229 -1 0
392 66 -1 0
288 296 -1 0
274 48 -1 0
383 145 -1 0
279 299 -1 0
116 173 -1 0
100 230 -1 0
122 375 -1 0
332 32 -1 0
98 56 -1 0
356 384 -1 0
395 59 -1 0
55 119 -1 0
272 119 -1 0
231 221 -1 0
247 138 -1 0
277 321 -1 0
388 102 -1 0
208 260 -1 0
103 309 -1 0
14 330 -1 0
385 360 -1 0
5 300 -1 0
398 126 -1 0
35 297 -1 0
206 274 -1 0
110 79 -1 0
304 313 -1 0
333 369 -1 0
0 163 -1 0
176 296 -1 0
174 269 -1 0
33 201 -1 0
155 33 -1 0
224 293 -1 0
231 44 -1 0
82 318 -1 0
231 45 -1 0
281 340 -1 0
207 373 -1 0
386 52 -1 0
108 247 -1 0
292 89 -1 0
60 203 -1 0
208 215 -1 0
113 323 -1 0
120 369 -1 0
336 309 -1 0
28 296 -1 0
310 217 -1 0
248 277 -1 0
38 189 -1 0
166 194 -1 0
379 236 -1 0
396 2 -1 0
41 234 -1 0
97 49 -1 0
85 65 -1 0
342 63 -1 0
243 253 -1 0
356 216 -1 0
75 36 -1 0
37 19 -1 0
272 243 -1 0
342 293 -1 0
189 96 -1 0
122 34 -1 0
85 379 -1 0
254 373 -1 0
303 321 -1 0
200 398 -1 0
2 317 -1 0
156 177 -1 0
27 245 -1 0
378 156 -1 0
387 323 -1 0
200 64 -1 0
53 384 -1 0
215 384 -1 0
128 52 -1 0
191 294 -1 0
162 375 -1 0
18 218 -1 0
69 32 -1 0
70 240 -1 0
145 295 -1 0
328 255 -1 0
84 36 -1 0
115 261 -1 0
389 252 -1 0
295 381 -1 0
122 50 -1 0
383 368 -1 0
315 346 -1 0
378 208 -1 0
243 283 -1 0
214 246 -1 0
32 77 -1 0
154 13 -1 0
353 298 -1 0
120 67 -1 0
295 109 -1 0
239 27 -1 0
22 260 -1 0
339 310 -1 0
359 221 -1 0
255 229 -1 0
147 325 -1 0
27 77 -1 0
222 267 -1 0
343 201 -1 0
79 342 -1 0
332 384 -1 0
377 222 -1 0
54 186 -1 0
25 125 -1 0
158 312 -1 0
111 197 -1 0
142 344 -1 0
13 368 -1 0
210 274 -1 0
168 380 -1 0
385 320 -1 0
30 113 -1 0
271 89 -1 0
84 280 -1 0
268 69 -1 0
215 144 -1 0
113 171 -1 0
297 124 -1 0
289 299 -1 0
225 139 -1 0
352 209 -1 0
396 139 -1 0
336 128 -1 0
236 88 -1 0
63 249 -1 0
73 162 -1 0
359 62 -1 0
343 195 -1 0
76 171 -1 0
97 53 -1 0
115 23 -1 0
202 101 -1 0
63 95 -1 0
261 262 -1 0
163 280 -1 0
352 146 -1 0
293 317 -1 0
147 187 -1 0
247 336 -1 0
286 345 -1 0
159 387 -1 0
70 214 -1 0
33 123 -1 0
96 223 -1 0
287 333 -1 0
104 51 -1 0
229 300 -1 0
318 315 -1 0
323 253 -1 0
316 263 -1 0
225 181 -1 1
234 191 -1 1
247 167 -1 1
213 180 -1 1
260 165 -1 1
263 185 -1 1
230 183 -1 1
273 183 -1 1
248 165 -1 1
231 164 -1 1
282 190 -1 1
224 173 -1 1
236 180 -1 1
269 204 -1 1
224 179 -1 1
276 186 -1 1
273 185 -1 1
272 181 -1 1
260 190 -1 1
279 169 -1 1
286 180 -1 1
275 203 -1 1
304 191 -1 1
244 164 -1 1
255 197 -1 1
233 174 -1 1
248 191 -1 1
301 199 -1 1
299 183 -1 1
255 181 -1 1
222 167 -1 1
259 183 -1 1
264 162 -1 1
267 174 -1 1
268 171 -1 1
283 183 -1 1
267 173 -1 1
259 192 -1 1
240 196 -1 1
232 173 -1 1
294 189 -1 1
256 189 -1 1
208 173 -1 1
283 172 -1 1
230 163 -1 1
295 180 -1 1
255 169 -1 1
268 186 -1 1
289 175 -1 1
264 168 -1 1
280 170 -1 1
222 186 -1 1
299 193 -1 1
259 174 -1 1
300 200 -1 1
210 179 -1 1
210 172 -1 1
249 194 -1 1
239 197 -1 1
282 187 -1 1
252 197 -1 1
217 170 -1 1
247 187 -1 1
272 167 -1 1
304 188 -1 1
263 191 -1 1
213 169 -1 1
257 170 -1 1
239 183 -1 1
268 169 -1 1
207 166 -1 1
300 198 -1 1
283 204 -1 1
272 164 -1 1
241 173 -1 1
215 168 -1 1
213 167 -1 1
252 200 -1 1
237 186 -1 1
241 182 -1 1
206 174 -1 1
257 191 -1 1
232 168 -1 1
218 174 -1 1
211 170 -1 1
257 168 -1 1
267 169 -1 1
256 181 -1 1
266 195 -1 1
246 165 -1 1
223 178 -1 1
214 169 -1 1
234 183 -1 1
263 190 -1 1
266 200 -1 1
252 181 -1 1
233 181 -1 1
252 191 -1 1
229 191 -1 1
228 193 -1 1
279 191 -1 1
231 180 -1 1
281 179 -1 1
280 188 -1 1
267 189 -1 1
251 164 -1 1
244 166 -1 1
287 178 -1 1
268 195 -1 1
282 175 -1 1
249 176 -1 1
223 188 -1 1
222 165 -1 1
222 162 -1 1
273 181 -1 1
246 168 -1 1
224 178 -1 1
283 178 -1 1
257 175 -1 1
274 188 -1 1
249 187 -1 1
221 164 -1 1
243 188 -1 1
249 191 -1 1
298 185 -1 1
268 188 -1 1
239 187 -1 1
229 163 -1 1
291 179 -1 1
255 173 -1 1
287 192 -1 1
292 195 -1 1
257 201 -1 1
259 181 -1 1
271 183 -1 1
242 165 -1 1
233 168 -1 1
258 160 -1 1
212 179 -1 1
225 170 -1 1
219 162 -1 1
264 166 -1 1
285 178 -1 1
207 176 -1 1
276 205 -1 1
245 174 -1 1
273 179 -1 1
293 201 -1 1
244 162 -1 1
287 200 -1 1
206 172 -1 1
282 191 -1 1
257 162 -1 1
304 186 -1 1
253 189 -1 1
300 186 -1 1
288 181 -1 1
262 178 -1 1
287 194 -1 1
238 187 -1 1
254 201 -1 1
270 189 -1 1
266 183 -1 1
282 184 -1 1
277 180 -1 1
275 179 -1 1
302 189 -1 1
288 175 -1 1
279 188 -1 1
296 179 -1 1
221 185 -1 1
241 178 -1 1
223 179 -1 1
244 174 -1 1
292 184 -1 1
257 161 -1 1
303 191 -1 1
215 185 -1 1
217 166 -1 1
243 189 -1 1
294 191 -1 1
250 179 -1 1
217 185 -1 1
261 180 -1 1
268 183 -1 1
258 178 -1 1
254 190 -1 1
214 166 -1 1
277 175 -1 1
272 182 -1 1
211 180 -1 1
230 180 -1 1
303 189 -1 1
288 195 -1 1
271 202 -1 1
264 187 -1 1
248 186 -1 1
220 179 -1 1
222 179 -1 1
298 199 -1 1
235 176 -1 1
260 182 -1 1
245 185 -1 1
258 165 -1 1
270 181 -1 1
229 193 -1 1
236 194 -1 1
213 175 -1 1
237 192 -1 1
234 167 -1 1
254 165 -1 1
242 174 -1 1
274 168 -1 1
226 188 -1 1
244 177 -1 1
233 165 -1 1
223 176 -1 1
255 191 -1 1
264 188 -1 1
300 189 -1 1
249 189 -1 1
251 193 -1 1
214 175 -1 1
239 185 -1 1
233 176 -1 1
285 176 -1 1
267 185 -1 1
225 177 -1 1
249 173 -1 1
224 171 -1 1
278 196 -1 1
305 192 -1 1
235 167 -1 1
289 205 -1 1
236 187 -1 1
297 191 -1 1
277 189 -1 1
240 169 -1 1
257 192 -1 1
262 181 -1 1
264 198 -1 1
236 169 -1 1
229 165 -1 1
250 193 -1 1
256 187 -1 1
279 203 -1 1
303 186 -1 1
260 187 -1 1
286 197 -1 1
253 183 -1 1
296 183 -1 1
304 197 -1 1
296 187 -1 1
283 181 -1 1
280 174 -1 1
255 195 -1 1
298 200 -1 1
215 183 -1 1
228 180 -1 1
300 192 -1 1
278 192 -1 1
278 179 -1 1
245 176 -1 1
299 187 -1 1
257 190 -1 1
280 186 -1 1
233 180 -1 1
291 192 -1 1
269 167 -1 1
262 171 -1 1
268 201 -1 1
286 172 -1 1
263 181 -1 1
286 177 -1 1
246 198 -1 1
256 185 -1 1
270 175 -1 1
243 166 -1 1
217 179 -1 1
295 192 -1 1
238 173 -1 1
271 203 -1 1
214 173 -1 1
274 200 -1 1
240 177 -1 1
294 179 -1 1
244 197 -1 1
260 194 -1 1
286 199 -1 1
268 176 -1 1
215 171 -1 1
246 193 -1 1
233 178 -1 1
261 190 -1 1
282 189 -1 1
266 201 -1 1
224 180 -1 1
291 185 -1 1
289 178 -1 1
255 188 -1 1
