4800 400 400
238 365 -1 0
204 135 -1 0
270 245 -1 0
307 69 -1 0
363 181 -1 0
228 377 -1 0
142 17 -1 0
87 156 -1 0
324 346 -1 0
360 212 -1 0
51 399 -1 0
266 108 -1 0
255 325 -1 0
394 142 -1 0
142 392 -1 0
79 179 -1 0
0 0 -1 0
134 205 -1 0
102 134 -1 0
114 206 -1 0
382 316 -1 0
246 4 -1 0
129 139 -1 0
391 156 -1 0
338 54 -1 0
182 307 -1 0
273 70 -1 0
216 234 -1 0
14 355 -1 0
89 373 -1 0
54 13 -1 0
54 6 -1 0
233 212 -1 0
241 273 -1 0
357 207 -1 0
205 254 -1 0
14 246 -1 0
166 247 -1 0
369 216 -1 0
227 251 -1 0
368 110 -1 0
87 325 -1 0
105 369 -1 0
221 352 -1 0
178 18 -1 0
253 356 -1 0
391 374 -1 0
159 58 -1 0
85 178 -1 0
73 356 -1 0
72 125 -1 0
271 249 -1 0
323 303 -1 0
234 153 -1 0
176 317 -1 0
113 226 -1 0
346 164 -1 0
307 64 -1 0
161 147 -1 0
360 91 -1 0
391 386 -1 0
326 220 -1 0
55 357 -1 0
308 97 -1 0
323 7 -1 0
9 56 -1 0
261 150 -1 0
34 328 -1 0
249 134 -1 0
97 392 -1 0
395 277 -1 0
12 36 -1 0
245 110 -1 0
193 44 -1 0
125 341 -1 0
340 172 -1 0
295 270 -1 0
322 188 -1 0
182 344 -1 0
295 255 -1 0
98 307 -1 0
324 214 -1 0
366 20 -1 0
207 365 -1 0
378 261 -1 0
299 366 -1 0
230 239 -1 0
344 19 -1 0
115 331 -1 0
306 119 -1 0
123 283 -1 0
138 325 -1 0
307 201 -1 0
218 370 -1 0
117 304 -1 0
369 270 -1 0
70 250 -1 0
247 12 -1 0
363 82 -1 0
95 202 -1 0
104 269 -1 0
301 321 -1 0
264 294 -1 0
41 90 -1 0
328 255 -1 0
93 222 -1 0
336 385 -1 0
7 211 -1 0
76 258 -1 0
276 345 -1 0
240 363 -1 0
183 360 -1 0
207 376 -1 0
390 18 -1 0
10 80 -1 0
130 166 -1 0
63 77 -1 0
322 373 -1 0
106 352 -1 0
105 243 -1 0
219 360 -1 0
113 41 -1 0
65 230 -1 0
224 315 -1 0
31 315 -1 0
125 304 -1 0
45 328 -1 0
134 159 -1 0
83 335 -1 0
169 320 -1 0
326 13 -1 0
224 142 -1 0
99 97 -1 0
159 39 -1 0
194 368 -1 0
314 101 -1 0
305 383 -1 0
291 204 -1 0
293 158 -1 0
115 368 -1 0
334 358 -1 0
255 155 -1 0
117 63 -1 0
95 80 -1 0
216 156 -1 0
313 54 -1 0
71 308 -1 0
308 18 -1 0
248 139 -1 0
290 153 -1 0
28 115 -1 0
74 210 -1 0
149 154 -1 0
16 286 -1 0
140 13 -1 0
201 338 -1 0
227 395 -1 0
322 182 -1 0
304 395 -1 0
276 142 -1 0
311 126 -1 0
353 236 -1 0
220 374 -1 0
266 237 -1 0
49 158 -1 0
344 324 -1 0
276 351 -1 0
20 290 -1 0
235 5 -1 0
88 95 -1 0
296 74 -1 0
95 237 -1 0
46 165 -1 0
276 33 -1 0
350 139 -1 0
233 269 -1 0
116 223 -1 0
344 341 -1 0
166 380 -1 0
29 213 -1 0
62 331 -1 0
129 118 -1 0
393 38 -1 0
285 37 -1 0
144 306 -1 0
178 242 -1 0
147 9 -1 0
340 216 -1 0
142 369 -1 0
148 249 -1 0
54 314 -1 0
20 311 -1 0
368 122 -1 0
35 392 -1 0
105 78 -1 0
383 284 -1 0
56 248 -1 0
210 261 -1 0
86 145 -1 0
255 234 -1 0
251 298 -1 0
326 233 -1 0
213 333 -1 0
84 167 -1 0
80 196 -1 0
116 18 -1 0
262 21 -1 0
229 229 -1 0
373 328 -1 0
382 195 -1 0
180 142 -1 0
240 217 -1 0
53 274 -1 0
97 85 -1 0
154 2 -1 0
96 63 -1 0
135 202 -1 0
170 388 -1 0
77 158 -1 0
154 298 -1 0
344 266 -1 0
190 179 -1 0
141 170 -1 0
72 264 -1 0
23 79 -1 0
218 235 -1 0
28 22 -1 0
111 373 -1 0
16 79 -1 0
187 276 -1 0
56 360 -1 0
295 136 -1 0
53 191 -1 0
22 235 -1 0
130 344 -1 0
134 284 -1 0
13 349 -1 0
117 325 -1 0
342 394 -1 0
353 298 -1 0
16 114 -1 0
327 399 -1 0
371 331 -1 0
187 274 -1 0
290 20 -1 0
233 25 -1 0
214 39 -1 0
39 287 -1 0
321 362 -1 0
77 352 -1 0
318 59 -1 0
57 36 -1 0
369 328 -1 0
352 301 -1 0
238 296 -1 0
11 83 -1 0
259 36 -1 0
95 46 -1 0
10 301 -1 0
198 393 -1 0
299 333 -1 0
49 25 -1 0
393 51 -1 0
108 213 -1 0
291 380 -1 0
309 102 -1 0
340 161 -1 0
2 40 -1 0
187 146 -1 0
67 198 -1 0
390 358 -1 0
374 216 -1 0
139 82 -1 0
397 171 -1 0
303 202 -1 0
385 379 -1 0
146 355 -1 0
326 270 -1 0
271 217 -1 0
28 364 -1 0
294 215 -1 0
204 139 -1 0
385 341 -1 0
175 127 -1 0
326 294 -1 0
333 223 -1 0
387 212 -1 0
286 107 -1 0
397 85 -1 0
14 317 -1 0
368 161 -1 0
161 349 -1 0
5 191 -1 0
156 297 -1 0
208 274 -1 0
5 312 -1 0
69 95 -1 0
392 238 -1 0
290 244 -1 0
248 223 -1 0
135 162 -1 0
112 46 -1 0
195 204 -1 0
281 78 -1 0
144 164 -1 0
80 112 -1 0
301 378 -1 0
101 386 -1 0
290 82 -1 0
211 238 -1 0
284 130 -1 0
31 4 -1 0
339 225 -1 0
204 150 -1 0
187 331 -1 0
220 298 -1 0
223 144 -1 0
160 237 -1 0
139 333 -1 0
322 26 -1 0
313 39 -1 0
230 295 -1 0
269 141 -1 0
296 16 -1 0
29 117 -1 0
313 384 -1 0
41 72 -1 0
351 300 -1 0
16 395 -1 0
250 17 -1 0
139 42 -1 0
85 3 -1 0
169 229 -1 0
144 58 -1 0
177 179 -1 0
50 103 -1 0
199 36 -1 0
305 332 -1 0
133 377 -1 0
154 275 -1 0
61 185 -1 0
254 50 -1 0
321 230 -1 0
66 241 -1 0
128 90 -1 0
359 341 -1 0
133 317 -1 0
48 58 -1 0
73 15 -1 0
289 152 -1 0
84 339 -1 0
105 109 -1 0
97 302 -1 0
200 130 -1 0
118 276 -1 0
197 138 -1 0
82 176 -1 0
396 188 -1 0
88 115 -1 0
34 211 -1 0
23 147 -1 0
122 153 -1 0
352 22 -1 0
283 172 -1 0
113 325 -1 0
264 114 -1 0
123 301 -1 0
83 272 -1 0
123 359 -1 0
299 264 -1 0
342 41 -1 0
105 347 -1 0
265 36 -1 0
209 391 -1 0
378 124 -1 0
124 19 -1 0
67 369 -1 0
207 326 -1 0
15 230 -1 0
80 58 -1 0
72 166 -1 0
200 393 -1 0
157 348 -1 0
145 203 -1 0
182 10 -1 0
390 198 -1 0
140 347 -1 0
164 313 -1 0
359 122 -1 0
239 175 -1 0
46 303 -1 0
56 221 -1 0
22 192 -1 0
354 101 -1 0
332 290 -1 0
44 335 -1 0
227 219 -1 0
3 21 -1 0
25 348 -1 0
346 8 -1 0
320 128 -1 0
76 33 -1 0
49 28 -1 0
149 328 -1 0
241 280 -1 0
184 338 -1 0
87 386 -1 0
313 24 -1 0
230 0 -1 0
264 286 -1 0
390 2 -1 0
17 124 -1 0
205 370 -1 0
85 288 -1 0
194 209 -1 0
322 25 -1 0
350 276 -1 0
275 68 -1 0
183 396 -1 0
323 25 -1 0
173 260 -1 0
180 228 -1 0
367 223 -1 0
191 154 -1 0
108 327 -1 0
251 340 -1 0
326 89 -1 0
3 274 -1 0
314 35 -1 0
177 176 -1 0
110 291 -1 0
330 52 -1 0
55 131 -1 0
65 325 -1 0
85 133 -1 0
65 157 -1 0
341 60 -1 0
85 233 -1 0
73 327 -1 0
175 202 -1 0
204 173 -1 0
272 230 -1 0
103 50 -1 0
68 83 -1 0
289 45 -1 0
385 88 -1 0
101 140 -1 0
261 384 -1 0
353 164 -1 0
165 114 -1 0
364 125 -1 0
388 29 -1 0
397 294 -1 0
35 167 -1 0
368 9 -1 0
2 25 -1 0
130 372 -1 0
67 12 -1 0
60 331 -1 0
299 359 -1 0
129 246 -1 0
331 201 -1 0
154 324 -1 0
327 301 -1 0
313 37 -1 0
342 70 -1 0
38 119 -1 0
345 123 -1 0
64 57 -1 0
2 148 -1 0
50 301 -1 0
12 74 -1 0
51 1 -1 0
67 160 -1 0
386 162 -1 0
161 29 -1 0
73 325 -1 0
32 388 -1 0
87 247 -1 0
362 351 -1 0
374 252 -1 0
359 239 -1 0
342 125 -1 0
212 177 -1 0
287 225 -1 0
141 211 -1 0
98 310 -1 0
303 137 -1 0
201 34 -1 0
159 179 -1 0
121 342 -1 0
15 198 -1 0
239 104 -1 0
264 192 -1 0
0 90 -1 0
20 299 -1 0
186 133 -1 0
360 370 -1 0
244 396 -1 0
389 288 -1 0
160 373 -1 0
325 1 -1 0
120 352 -1 0
50 16 -1 0
350 246 -1 0
242 288 -1 0
79 27 -1 0
304 14 -1 0
309 275 -1 0
98 128 -1 0
21 243 -1 0
169 131 -1 0
386 91 -1 0
224 244 -1 0
273 235 -1 0
16 281 -1 0
353 65 -1 0
245 379 -1 0
44 81 -1 0
283 125 -1 0
276 398 -1 0
51 84 -1 0
41 31 -1 0
393 301 -1 0
92 282 -1 0
95 348 -1 0
144 201 -1 0
383 34 -1 0
357 274 -1 0
286 86 -1 0
43 132 -1 0
169 279 -1 0
284 279 -1 0
294 396 -1 0
243 351 -1 0
399 77 -1 0
267 7 -1 0
202 173 -1 0
385 198 -1 0
299 258 -1 0
363 296 -1 0
373 337 -1 0
44 61 -1 0
343 92 -1 0
155 281 -1 0
124 224 -1 0
0 37 -1 0
244 13 -1 0
304 16 -1 0
81 341 -1 0
221 212 -1 0
108 331 -1 0
106 237 -1 0
350 397 -1 0
102 183 -1 0
136 245 -1 0
286 362 -1 0
204 251 -1 0
6 240 -1 0
135 341 -1 0
62 328 -1 0
327 286 -1 0
101 30 -1 0
83 206 -1 0
55 11 -1 0
128 297 -1 0
271 279 -1 0
174 47 -1 0
106 11 -1 0
207 226 -1 0
127 182 -1 0
267 34 -1 0
18 7 -1 0
320 187 -1 0
252 315 -1 0
89 385 -1 0
317 217 -1 0
185 277 -1 0
240 386 -1 0
346 176 -1 0
78 282 -1 0
376 21 -1 0
368 147 -1 0
43 313 -1 0
108 357 -1 0
202 356 -1 0
396 45 -1 0
234 211 -1 0
159 128 -1 0
237 377 -1 0
300 115 -1 0
33 236 -1 0
337 124 -1 0
44 158 -1 0
116 6 -1 0
392 304 -1 0
128 389 -1 0
22 216 -1 0
172 275 -1 0
240 145 -1 0
274 106 -1 0
235 161 -1 0
309 139 -1 0
335 250 -1 0
142 131 -1 0
81 114 -1 0
335 276 -1 0
229 397 -1 0
17 78 -1 0
304 160 -1 0
366 264 -1 0
46 111 -1 0
248 219 -1 0
298 393 -1 0
308 191 -1 0
264 22 -1 0
353 328 -1 0
193 127 -1 0
89 191 -1 0
122 217 -1 0
193 341 -1 0
81 154 -1 0
158 367 -1 0
77 136 -1 0
179 334 -1 0
365 51 -1 0
399 198 -1 0
27 344 -1 0
348 166 -1 0
127 296 -1 0
292 348 -1 0
233 371 -1 0
94 315 -1 0
58 35 -1 0
57 183 -1 0
217 261 -1 0
195 236 -1 0
101 143 -1 0
133 38 -1 0
361 260 -1 0
220 43 -1 0
194 14 -1 0
192 237 -1 0
42 25 -1 0
188 245 -1 0
73 280 -1 0
33 195 -1 0
270 110 -1 0
258 337 -1 0
152 352 -1 0
215 222 -1 0
29 79 -1 0
227 131 -1 0
7 396 -1 0
88 292 -1 0
264 394 -1 0
321 271 -1 0
123 149 -1 0
194 138 -1 0
75 134 -1 0
104 145 -1 0
309 370 -1 0
137 261 -1 0
40 364 -1 0
20 235 -1 0
252 42 -1 0
151 352 -1 0
325 32 -1 0
347 360 -1 0
157 361 -1 0
302 304 -1 0
354 196 -1 0
111 112 -1 0
309 342 -1 0
43 134 -1 0
314 186 -1 0
78 302 -1 0
142 390 -1 0
128 286 -1 0
378 38 -1 0
35 283 -1 0
146 61 -1 0
257 192 -1 0
19 182 -1 0
49 200 -1 0
14 285 -1 0
85 141 -1 0
106 236 -1 0
40 45 -1 0
163 137 -1 0
316 113 -1 0
393 76 -1 0
393 112 -1 0
46 351 -1 0
6 114 -1 0
379 366 -1 0
20 166 -1 0
152 44 -1 0
107 158 -1 0
176 264 -1 0
43 26 -1 0
368 112 -1 0
321 126 -1 0
37 208 -1 0
328 206 -1 0
101 25 -1 0
232 4 -1 0
267 321 -1 0
45 74 -1 0
48 240 -1 0
99 391 -1 0
3 22 -1 0
260 113 -1 0
80 286 -1 0
350 159 -1 0
166 227 -1 0
258 148 -1 0
32 43 -1 0
51 368 -1 0
87 364 -1 0
146 66 -1 0
378 114 -1 0
301 393 -1 0
8 235 -1 0
391 129 -1 0
229 322 -1 0
63 98 -1 0
277 68 -1 0
148 225 -1 0
178 213 -1 0
45 363 -1 0
262 54 -1 0
147 66 -1 0
15 330 -1 0
332 232 -1 0
187 378 -1 0
147 202 -1 0
26 310 -1 0
334 2 -1 0
116 379 -1 0
383 266 -1 0
59 112 -1 0
213 377 -1 0
295 324 -1 0
130 197 -1 0
70 171 -1 0
292 222 -1 0
73 228 -1 0
47 244 -1 0
72 148 -1 0
151 303 -1 0
84 59 -1 0
129 398 -1 0
232 204 -1 0
261 398 -1 0
159 112 -1 0
203 191 -1 0
323 172 -1 0
175 19 -1 0
210 204 -1 0
209 293 -1 0
66 139 -1 0
292 299 -1 0
357 175 -1 0
206 359 -1 0
363 350 -1 0
280 338 -1 0
267 117 -1 0
278 76 -1 0
222 345 -1 0
25 18 -1 0
231 175 -1 0
295 334 -1 0
187 163 -1 0
363 379 -1 0
283 115 -1 0
245 189 -1 0
93 184 -1 0
76 263 -1 0
354 15 -1 0
98 335 -1 0
200 171 -1 0
317 382 -1 0
307 119 -1 0
359 297 -1 0
250 36 -1 0
300 146 -1 0
63 337 -1 0
354 210 -1 0
378 241 -1 0
381 316 -1 0
239 315 -1 0
57 293 -1 0
294 304 -1 0
314 266 -1 0
316 12 -1 0
260 50 -1 0
39 262 -1 0
8 120 -1 0
361 34 -1 0
233 13 -1 0
286 304 -1 0
97 183 -1 0
246 388 -1 0
186 363 -1 0
122 35 -1 0
382 200 -1 0
115 364 -1 0
189 25 -1 0
385 131 -1 0
232 302 -1 0
129 318 -1 0
338 283 -1 0
214 303 -1 0
263 45 -1 0
34 179 -1 0
270 68 -1 0
274 351 -1 0
309 195 -1 0
205 332 -1 0
10 291 -1 0
303 302 -1 0
181 25 -1 0
79 306 -1 0
190 12 -1 0
107 134 -1 0
342 365 -1 0
233 215 -1 0
212 315 -1 0
101 205 -1 0
324 16 -1 0
30 364 -1 0
391 147 -1 0
157 387 -1 0
369 240 -1 0
299 299 -1 0
253 125 -1 0
297 85 -1 0
372 97 -1 0
173 9 -1 0
288 242 -1 0
235 33 -1 0
367 138 -1 0
110 139 -1 0
171 144 -1 0
171 143 -1 0
184 383 -1 0
283 160 -1 0
31 173 -1 0
104 158 -1 0
40 358 -1 0
338 80 -1 0
282 118 -1 0
40 121 -1 0
162 148 -1 0
113 12 -1 0
79 325 -1 0
26 119 -1 0
69 142 -1 0
348 104 -1 0
339 300 -1 0
210 40 -1 0
46 394 -1 0
324 14 -1 0
49 113 -1 0
211 115 -1 0
33 243 -1 0
335 363 -1 0
199 27 -1 0
115 5 -1 0
277 146 -1 0
30 246 -1 0
311 184 -1 0
350 72 -1 0
114 309 -1 0
72 216 -1 0
228 325 -1 0
364 210 -1 0
338 41 -1 0
389 64 -1 0
302 213 -1 0
162 144 -1 0
195 199 -1 0
106 388 -1 0
24 273 -1 0
287 283 -1 0
96 172 -1 0
205 282 -1 0
390 58 -1 0
255 243 -1 0
38 98 -1 0
29 395 -1 0
387 355 -1 0
277 318 -1 0
246 127 -1 0
143 49 -1 0
133 145 -1 0
117 296 -1 0
234 270 -1 0
8 104 -1 0
91 373 -1 0
189 46 -1 0
310 223 -1 0
297 201 -1 0
376 227 -1 0
238 14 -1 0
43 294 -1 0
337 144 -1 0
103 177 -1 0
243 353 -1 0
285 15 -1 0
348 91 -1 0
11 116 -1 0
290 230 -1 0
344 20 -1 0
337 335 -1 0
335 37 -1 0
334 151 -1 0
47 261 -1 0
97 191 -1 0
358 188 -1 0
387 284 -1 0
72 130 -1 0
73 147 -1 0
212 166 -1 0
226 149 -1 0
92 206 -1 0
36 115 -1 0
49 156 -1 0
110 269 -1 0
162 206 -1 0
305 74 -1 0
233 397 -1 0
95 271 -1 0
39 284 -1 0
310 84 -1 0
170 227 -1 0
117 163 -1 0
222 167 -1 0
255 11 -1 0
130 84 -1 0
168 129 -1 0
107 281 -1 0
116 77 -1 0
118 98 -1 0
128 382 -1 0
41 358 -1 0
132 215 -1 0
335 139 -1 0
230 162 -1 0
272 339 -1 0
395 336 -1 0
172 171 -1 0
88 121 -1 0
274 48 -1 0
178 184 -1 0
72 65 -1 0
208 338 -1 0
205 288 -1 0
215 205 -1 0
212 346 -1 0
77 113 -1 0
159 381 -1 0
138 380 -1 0
115 386 -1 0
299 204 -1 0
55 290 -1 0
393 364 -1 0
56 3 -1 0
98 175 -1 0
301 221 -1 0
392 33 -1 0
72 17 -1 0
150 205 -1 0
15 312 -1 0
26 116 -1 0
282 385 -1 0
297 370 -1 0
213 288 -1 0
151 19 -1 0
276 88 -1 0
180 49 -1 0
390 6 -1 0
181 194 -1 0
236 125 -1 0
395 382 -1 0
45 59 -1 0
120 196 -1 0
72 1 -1 0
355 137 -1 0
215 208 -1 0
108 332 -1 0
223 38 -1 0
33 186 -1 0
66 29 -1 0
32 6 -1 0
99 79 -1 0
246 386 -1 0
170 34 -1 0
215 142 -1 0
381 313 -1 0
372 56 -1 0
177 217 -1 0
199 221 -1 0
85 376 -1 0
103 183 -1 0
339 153 -1 0
347 15 -1 0
304 292 -1 0
62 384 -1 0
378 384 -1 0
293 364 -1 0
211 117 -1 0
202 253 -1 0
214 204 -1 0
269 311 -1 0
388 304 -1 0
104 123 -1 0
112 355 -1 0
317 302 -1 0
45 108 -1 0
362 241 -1 0
310 383 -1 0
138 8 -1 0
75 138 -1 0
291 369 -1 0
38 329 -1 0
368 309 -1 0
165 36 -1 0
235 37 -1 0
54 293 -1 0
168 174 -1 0
286 336 -1 0
307 145 -1 0
28 300 -1 0
241 209 -1 0
227 253 -1 0
73 8 -1 0
16 56 -1 0
395 238 -1 0
129 87 -1 0
139 215 -1 0
386 333 -1 0
60 158 -1 0
79 2 -1 0
103 320 -1 0
77 303 -1 0
95 164 -1 0
348 137 -1 0
264 187 -1 0
160 142 -1 0
293 396 -1 0
21 186 -1 0
65 5 -1 0
184 171 -1 0
294 40 -1 0
127 301 -1 0
276 260 -1 0
297 139 -1 0
248 156 -1 0
114 131 -1 0
338 246 -1 0
186 273 -1 0
5 12 -1 0
48 176 -1 0
142 121 -1 0
126 117 -1 0
69 212 -1 0
244 219 -1 0
345 171 -1 0
86 275 -1 0
354 181 -1 0
382 89 -1 0
280 53 -1 0
2 187 -1 0
388 123 -1 0
342 219 -1 0
304 17 -1 0
121 50 -1 0
119 274 -1 0
349 77 -1 0
367 59 -1 0
16 118 -1 0
159 54 -1 0
224 122 -1 0
387 199 -1 0
15 275 -1 0
154 348 -1 0
355 148 -1 0
182 43 -1 0
59 79 -1 0
217 260 -1 0
39 110 -1 0
340 373 -1 0
341 316 -1 0
361 183 -1 0
79 393 -1 0
209 332 -1 0
229 135 -1 0
215 211 -1 0
294 290 -1 0
257 333 -1 0
231 9 -1 0
64 142 -1 0
127 208 -1 0
176 123 -1 0
354 53 -1 0
73 299 -1 0
181 299 -1 0
305 194 -1 0
82 172 -1 0
286 26 -1 0
328 132 -1 0
371 143 -1 0
61 338 -1 0
142 269 -1 0
51 268 -1 0
61 33 -1 0
245 185 -1 0
359 58 -1 0
362 219 -1 0
318 386 -1 0
19 258 -1 0
158 276 -1 0
255 35 -1 0
378 112 -1 0
275 46 -1 0
27 364 -1 0
238 195 -1 0
221 248 -1 0
296 237 -1 0
311 105 -1 0
23 311 -1 0
388 335 -1 0
293 84 -1 0
149 158 -1 0
328 262 -1 0
368 338 -1 0
266 371 -1 0
318 92 -1 0
289 36 -1 0
355 291 -1 0
384 211 -1 0
27 370 -1 0
397 238 -1 0
214 190 -1 0
269 289 -1 0
381 94 -1 0
373 157 -1 0
102 71 -1 0
149 380 -1 0
373 154 -1 0
301 8 -1 0
210 291 -1 0
129 49 -1 0
73 380 -1 0
235 364 -1 0
256 133 -1 0
347 220 -1 0
309 207 -1 0
256 287 -1 0
304 193 -1 0
14 213 -1 0
2 335 -1 0
379 75 -1 0
49 397 -1 0
82 280 -1 0
57 28 -1 0
179 282 -1 0
19 294 -1 0
50 265 -1 0
114 60 -1 0
306 204 -1 0
22 231 -1 0
375 255 -1 0
24 173 -1 0
391 196 -1 0
61 247 -1 0
207 368 -1 0
326 246 -1 0
268 22 -1 0
139 335 -1 0
10 25 -1 0
129 29 -1 0
270 312 -1 0
399 222 -1 0
57 80 -1 0
292 380 -1 0
140 101 -1 0
167 356 -1 0
328 82 -1 0
219 380 -1 0
356 284 -1 0
326 302 -1 0
41 344 -1 0
208 4 -1 0
244 207 -1 0
283 373 -1 0
8 211 -1 0
237 363 -1 0
180 130 -1 0
280 6 -1 0
147 216 -1 0
133 365 -1 0
355 244 -1 0
139 85 -1 0
49 180 -1 0
353 363 -1 0
178 229 -1 0
354 325 -1 0
285 53 -1 0
107 72 -1 0
88 31 -1 0
111 397 -1 0
368 64 -1 0
91 187 -1 0
146 232 -1 0
4 97 -1 0
326 391 -1 0
387 15 -1 0
64 73 -1 0
261 107 -1 0
117 277 -1 0
155 397 -1 0
207 249 -1 0
317 194 -1 0
19 341 -1 0
231 38 -1 0
82 17 -1 0
250 283 -1 0
7 96 -1 0
286 320 -1 0
181 212 -1 0
3 308 -1 0
226 253 -1 0
186 392 -1 0
248 108 -1 0
93 258 -1 0
237 220 -1 0
143 181 -1 0
261 138 -1 0
368 6 -1 0
114 151 -1 0
216 283 -1 0
179 197 -1 0
289 148 -1 0
137 39 -1 0
100 17 -1 0
381 291 -1 0
136 97 -1 0
177 294 -1 0
210 151 -1 0
64 306 -1 0
301 392 -1 0
87 362 -1 0
93 129 -1 0
222 226 -1 0
392 201 -1 0
225 343 -1 0
125 374 -1 0
307 376 -1 0
214 241 -1 0
384 82 -1 0
243 288 -1 0
83 54 -1 0
110 264 -1 0
64 395 -1 0
85 86 -1 0
158 353 -1 0
298 58 -1 0
173 272 -1 0
322 222 -1 0
34 143 -1 0
343 355 -1 0
206 239 -1 0
125 73 -1 0
124 222 -1 0
54 4 -1 0
251 47 -1 0
319 351 -1 0
330 251 -1 0
360 317 -1 0
68 186 -1 0
382 26 -1 0
74 160 -1 0
315 182 -1 0
359 269 -1 0
191 183 -1 0
308 99 -1 0
103 244 -1 0
145 211 -1 0
108 61 -1 0
210 38 -1 0
84 335 -1 0
139 8 -1 0
62 8 -1 0
335 318 -1 0
378 234 -1 0
53 363 -1 0
250 20 -1 0
317 3 -1 0
154 24 -1 0
228 274 -1 0
95 393 -1 0
151 351 -1 0
319 262 -1 0
383 111 -1 0
290 72 -1 0
24 42 -1 0
126 135 -1 0
19 383 -1 0
377 7 -1 0
268 72 -1 0
219 224 -1 0
211 395 -1 0
267 301 -1 0
144 39 -1 0
66 99 -1 0
61 21 -1 0
45 184 -1 0
227 386 -1 0
368 335 -1 0
184 216 -1 0
357 78 -1 0
15 178 -1 0
119 396 -1 0
255 214 -1 0
282 140 -1 0
313 175 -1 0
315 141 -1 0
349 319 -1 0
352 297 -1 0
146 271 -1 0
349 169 -1 0
185 171 -1 0
254 255 -1 0
295 232 -1 0
150 206 -1 0
73 71 -1 0
55 227 -1 0
106 30 -1 0
28 222 -1 0
292 255 -1 0
11 137 -1 0
71 14 -1 0
231 393 -1 0
120 377 -1 0
167 316 -1 0
24 235 -1 0
343 356 -1 0
328 361 -1 0
205 386 -1 0
64 185 -1 0
293 386 -1 0
346 105 -1 0
288 181 -1 0
43 369 -1 0
164 130 -1 0
325 97 -1 0
143 329 -1 0
201 267 -1 0
23 215 -1 0
375 158 -1 0
382 86 -1 0
256 137 -1 0
388 366 -1 0
209 167 -1 0
227 339 -1 0
257 287 -1 0
229 256 -1 0
231 144 -1 0
163 214 -1 0
31 41 -1 0
213 388 -1 0
125 3 -1 0
302 389 -1 0
230 298 -1 0
132 235 -1 0
201 256 -1 0
64 115 -1 0
327 272 -1 0
364 109 -1 0
373 147 -1 0
121 124 -1 0
41 289 -1 0
95 97 -1 0
283 319 -1 0
311 391 -1 0
308 151 -1 0
307 335 -1 0
161 201 -1 0
236 300 -1 0
379 61 -1 0
183 204 -1 0
150 371 -1 0
337 356 -1 0
301 109 -1 0
296 100 -1 0
67 60 -1 0
376 301 -1 0
131 125 -1 0
168 171 -1 0
109 132 -1 0
232 257 -1 0
377 394 -1 0
41 139 -1 0
107 82 -1 0
392 251 -1 0
185 167 -1 0
287 67 -1 0
321 379 -1 0
55 370 -1 0
265 39 -1 0
359 60 -1 0
39 383 -1 0
281 230 -1 0
15 93 -1 0
32 12 -1 0
50 283 -1 0
57 292 -1 0
389 218 -1 0
236 305 -1 0
96 154 -1 0
336 178 -1 0
139 259 -1 0
85 0 -1 0
55 237 -1 0
308 35 -1 0
340 55 -1 0
338 93 -1 0
243 176 -1 0
330 74 -1 0
345 237 -1 0
341 185 -1 0
144 209 -1 0
53 378 -1 0
144 380 -1 0
211 192 -1 0
0 226 -1 0
398 201 -1 0
151 142 -1 0
368 362 -1 0
377 209 -1 0
209 197 -1 0
327 267 -1 0
135 210 -1 0
229 170 -1 0
1 27 -1 0
41 45 -1 0
287 293 -1 0
352 391 -1 0
315 242 -1 0
336 257 -1 0
90 215 -1 0
388 376 -1 0
151 201 -1 0
0 366 -1 0
128 365 -1 0
278 287 -1 0
184 249 -1 0
25 31 -1 0
64 204 -1 0
275 219 -1 0
60 194 -1 0
289 377 -1 0
143 302 -1 0
384 13 -1 0
274 221 -1 0
354 190 -1 0
171 328 -1 0
130 334 -1 0
333 103 -1 0
134 306 -1 0
316 295 -1 0
189 329 -1 0
115 182 -1 0
329 140 -1 0
279 96 -1 0
390 390 -1 0
238 32 -1 0
47 180 -1 0
116 170 -1 0
136 19 -1 0
202 184 -1 0
384 298 -1 0
338 27 -1 0
247 245 -1 0
55 273 -1 0
356 226 -1 0
78 270 -1 0
255 248 -1 0
105 277 -1 0
251 139 -1 0
274 51 -1 0
77 364 -1 0
382 250 -1 0
98 61 -1 0
396 245 -1 0
372 183 -1 0
131 250 -1 0
201 123 -1 0
369 224 -1 0
24 144 -1 0
198 125 -1 0
71 109 -1 0
159 230 -1 0
332 386 -1 0
179 127 -1 0
375 41 -1 0
243 358 -1 0
43 261 -1 0
221 275 -1 0
254 186 -1 0
312 93 -1 0
214 299 -1 0
84 132 -1 0
128 88 -1 0
75 304 -1 0
2 348 -1 0
93 29 -1 0
392 347 -1 0
224 338 -1 0
152 259 -1 0
201 274 -1 0
341 374 -1 0
276 140 -1 0
259 275 -1 0
72 333 -1 0
318 392 -1 0
121 393 -1 0
214 300 -1 0
162 60 -1 0
77 175 -1 0
145 114 -1 0
154 310 -1 0
34 316 -1 0
295 174 -1 0
374 68 -1 0
263 25 -1 0
158 192 -1 0
383 67 -1 0
268 146 -1 0
200 281 -1 0
312 184 -1 0
173 172 -1 0
232 284 -1 0
239 369 -1 0
356 212 -1 0
1 182 -1 0
260 256 -1 0
74 132 -1 0
126 348 -1 0
190 170 -1 0
326 253 -1 0
4 14 -1 0
317 307 -1 0
391 31 -1 0
305 234 -1 0
373 292 -1 0
270 327 -1 0
35 215 -1 0
162 50 -1 0
129 11 -1 0
342 27 -1 0
394 32 -1 0
334 388 -1 0
19 23 -1 0
328 26 -1 0
247 159 -1 0
71 45 -1 0
88 78 -1 0
341 33 -1 0
326 50 -1 0
69 91 -1 0
389 125 -1 0
294 68 -1 0
380 327 -1 0
189 141 -1 0
99 327 -1 0
127 363 -1 0
231 271 -1 0
69 356 -1 0
367 68 -1 0
122 382 -1 0
154 115 -1 0
138 54 -1 0
294 48 -1 0
77 234 -1 0
377 381 -1 0
11 148 -1 0
348 21 -1 0
363 321 -1 0
193 331 -1 0
248 350 -1 0
203 6 -1 0
363 85 -1 0
128 133 -1 0
188 257 -1 0
48 398 -1 0
259 185 -1 0
150 46 -1 0
263 195 -1 0
274 38 -1 0
214 216 -1 0
272 365 -1 0
177 296 -1 0
130 156 -1 0
260 255 -1 0
242 40 -1 0
267 283 -1 0
15 183 -1 0
68 377 -1 0
239 144 -1 0
91 10 -1 0
360 169 -1 0
356 100 -1 0
342 315 -1 0
379 107 -1 0
73 317 -1 0
297 309 -1 0
248 170 -1 0
175 216 -1 0
238 222 -1 0
124 93 -1 0
253 128 -1 0
322 349 -1 0
3 293 -1 0
106 297 -1 0
51 97 -1 0
251 342 -1 0
399 213 -1 0
66 113 -1 0
118 219 -1 0
258 298 -1 0
373 151 -1 0
58 19 -1 0
361 342 -1 0
81 372 -1 0
85 173 -1 0
284 165 -1 0
40 333 -1 0
250 11 -1 0
372 298 -1 0
36 342 -1 0
185 324 -1 0
237 147 -1 0
321 186 -1 0
311 20 -1 0
17 195 -1 0
281 396 -1 0
151 244 -1 0
243 228 -1 0
16 137 -1 0
184 284 -1 0
390 361 -1 0
284 95 -1 0
376 187 -1 0
81 9 -1 0
123 373 -1 0
305 328 -1 0
151 368 -1 0
145 264 -1 0
92 127 -1 0
299 244 -1 0
44 103 -1 0
125 143 -1 0
17 89 -1 0
168 306 -1 0
296 109 -1 0
376 129 -1 0
40 310 -1 0
35 349 -1 0
87 197 -1 0
159 385 -1 0
63 246 -1 0
243 160 -1 0
246 242 -1 0
26 313 -1 0
389 210 -1 0
178 123 -1 0
254 36 -1 0
41 346 -1 0
97 248 -1 0
302 171 -1 0
160 241 -1 0
125 35 -1 0
285 96 -1 0
374 387 -1 0
296 26 -1 0
374 194 -1 0
286 264 -1 0
314 256 -1 0
147 150 -1 0
22 149 -1 0
80 164 -1 0
14 387 -1 0
80 62 -1 0
28 362 -1 0
19 323 -1 0
111 288 -1 0
398 2 -1 0
72 378 -1 0
147 187 -1 0
367 315 -1 0
152 143 -1 0
2 79 -1 0
197 316 -1 0
185 213 -1 0
88 111 -1 0
312 271 -1 0
208 125 -1 0
331 293 -1 0
21 308 -1 0
157 108 -1 0
19 317 -1 0
136 360 -1 0
144 378 -1 0
321 312 -1 0
336 329 -1 0
115 165 -1 0
188 339 -1 0
362 235 -1 0
290 206 -1 0
311 206 -1 0
280 269 -1 0
350 205 -1 0
301 132 -1 0
269 104 -1 0
38 388 -1 0
149 44 -1 0
13 176 -1 0
366 124 -1 0
139 250 -1 0
280 298 -1 0
285 64 -1 0
199 325 -1 0
176 17 -1 0
393 296 -1 0
109 387 -1 0
60 215 -1 0
106 78 -1 0
265 346 -1 0
143 21 -1 0
272 182 -1 0
313 383 -1 0
329 290 -1 0
359 39 -1 0
385 369 -1 0
136 63 -1 0
235 310 -1 0
366 45 -1 0
285 48 -1 0
177 243 -1 0
294 302 -1 0
7 219 -1 0
246 249 -1 0
108 37 -1 0
277 131 -1 0
180 220 -1 0
87 343 -1 0
307 339 -1 0
13 19 -1 0
204 213 -1 0
137 99 -1 0
119 27 -1 0
23 336 -1 0
54 109 -1 0
19 337 -1 0
349 247 -1 0
24 362 -1 0
178 164 -1 0
385 90 -1 0
112 64 -1 0
165 311 -1 0
317 179 -1 0
122 257 -1 0
327 312 -1 0
397 64 -1 0
14 32 -1 0
91 13 -1 0
236 112 -1 0
356 166 -1 0
239 254 -1 0
181 335 -1 0
111 168 -1 0
396 97 -1 0
332 366 -1 0
233 393 -1 0
371 209 -1 0
21 372 -1 0
357 8 -1 0
308 51 -1 0
143 120 -1 0
28 112 -1 0
265 44 -1 0
317 119 -1 0
27 243 -1 0
296 116 -1 0
107 256 -1 0
371 318 -1 0
210 219 -1 0
178 358 -1 0
115 91 -1 0
171 316 -1 0
16 81 -1 0
225 125 -1 0
151 104 -1 0
107 191 -1 0
220 168 -1 0
111 77 -1 0
59 71 -1 0
143 85 -1 0
365 49 -1 0
373 192 -1 0
209 172 -1 0
337 36 -1 0
321 381 -1 0
329 300 -1 0
308 32 -1 0
200 291 -1 0
265 390 -1 0
55 108 -1 0
380 26 -1 0
171 364 -1 0
370 106 -1 0
201 168 -1 0
238 395 -1 0
281 171 -1 0
148 66 -1 0
365 386 -1 0
125 51 -1 0
268 276 -1 0
327 294 -1 0
212 258 -1 0
356 214 -1 0
107 341 -1 0
307 295 -1 0
71 197 -1 0
219 180 -1 0
16 171 -1 0
78 229 -1 0
350 82 -1 0
321 70 -1 0
74 79 -1 0
348 103 -1 0
214 156 -1 0
207 394 -1 0
22 298 -1 0
16 144 -1 0
187 165 -1 0
71 54 -1 0
222 33 -1 0
323 305 -1 0
303 321 -1 0
83 291 -1 0
33 212 -1 0
314 354 -1 0
135 89 -1 0
374 89 -1 0
225 14 -1 0
117 349 -1 0
69 391 -1 0
207 153 -1 0
315 231 -1 0
41 232 -1 0
249 1 -1 0
210 271 -1 0
38 92 -1 0
207 333 -1 0
113 331 -1 0
253 294 -1 0
45 159 -1 0
274 234 -1 0
176 307 -1 0
320 245 -1 0
372 308 -1 0
346 308 -1 0
140 111 -1 0
77 280 -1 0
219 179 -1 0
70 388 -1 0
234 178 -1 0
5 2 -1 0
84 116 -1 0
94 228 -1 0
36 380 -1 0
208 145 -1 0
255 120 -1 0
208 378 -1 0
76 103 -1 0
377 174 -1 0
217 323 -1 0
75 393 -1 0
397 271 -1 0
157 129 -1 0
263 394 -1 0
226 306 -1 0
322 360 -1 0
337 363 -1 0
106 116 -1 0
253 385 -1 0
251 322 -1 0
265 98 -1 0
47 72 -1 0
178 295 -1 0
388 80 -1 0
186 269 -1 0
152 273 -1 0
74 1 -1 0
395 330 -1 0
158 22 -1 0
164 168 -1 0
57 305 -1 0
167 374 -1 0
323 253 -1 0
338 21 -1 0
20 298 -1 0
318 82 -1 0
255 97 -1 0
52 69 -1 0
115 93 -1 0
94 128 -1 0
99 248 -1 0
213 226 -1 0
203 391 -1 0
186 146 -1 0
139 179 -1 0
198 370 -1 0
263 253 -1 0
51 245 -1 0
214 326 -1 0
242 117 -1 0
375 298 -1 0
389 167 -1 0
293 48 -1 0
21 135 -1 0
70 64 -1 0
31 352 -1 0
278 44 -1 0
271 345 -1 0
156 268 -1 0
261 391 -1 0
33 307 -1 0
92 336 -1 0
361 25 -1 0
223 315 -1 0
282 83 -1 0
106 98 -1 0
146 285 -1 0
389 40 -1 0
269 389 -1 0
6 332 -1 0
329 258 -1 0
299 224 -1 0
334 398 -1 0
315 230 -1 0
294 186 -1 0
59 170 -1 0
17 202 -1 0
376 202 -1 0
110 193 -1 0
196 196 -1 0
21 399 -1 0
384 5 -1 0
190 284 -1 0
242 30 -1 0
9 397 -1 0
144 190 -1 0
336 151 -1 0
8 315 -1 0
285 206 -1 0
84 359 -1 0
186 330 -1 0
45 352 -1 0
366 399 -1 0
368 247 -1 0
145 194 -1 0
101 393 -1 0
292 251 -1 0
240 343 -1 0
370 8 -1 0
20 259 -1 0
224 253 -1 0
134 204 -1 0
72 154 -1 0
125 367 -1 0
107 22 -1 0
153 304 -1 0
383 219 -1 0
295 103 -1 0
123 356 -1 0
325 155 -1 0
38 341 -1 0
321 130 -1 0
378 280 -1 0
21 182 -1 0
177 5 -1 0
370 49 -1 0
158 154 -1 0
172 119 -1 0
271 76 -1 0
366 134 -1 0
348 71 -1 0
48 300 -1 0
308 359 -1 0
6 106 -1 0
313 287 -1 0
170 164 -1 0
21 146 -1 0
122 396 -1 0
137 101 -1 0
317 72 -1 0
274 75 -1 0
257 152 -1 0
260 144 -1 0
382 105 -1 0
387 120 -1 0
38 326 -1 0
114 182 -1 0
253 185 -1 0
281 88 -1 0
14 324 -1 0
51 41 -1 0
291 298 -1 0
379 235 -1 0
257 311 -1 0
309 105 -1 0
19 198 -1 0
19 176 -1 0
154 26 -1 0
164 58 -1 0
213 282 -1 0
165 329 -1 0
53 224 -1 0
126 283 -1 0
113 48 -1 0
81 397 -1 0
345 132 -1 0
152 109 -1 0
278 119 -1 0
133 163 -1 0
322 57 -1 0
89 319 -1 0
17 197 -1 0
283 313 -1 0
196 151 -1 0
5 300 -1 0
30 72 -1 0
31 332 -1 0
299 283 -1 0
26 69 -1 0
208 303 -1 0
43 291 -1 0
267 349 -1 0
146 79 -1 0
119 216 -1 0
129 140 -1 0
184 126 -1 0
258 165 -1 0
38 84 -1 0
81 123 -1 0
80 61 -1 0
139 319 -1 0
129 377 -1 0
282 398 -1 0
314 41 -1 0
32 229 -1 0
158 119 -1 0
378 292 -1 0
71 354 -1 0
49 98 -1 0
219 298 -1 0
318 42 -1 0
37 253 -1 0
261 157 -1 0
297 84 -1 0
208 162 -1 0
21 50 -1 0
199 148 -1 0
313 297 -1 0
85 242 -1 0
264 93 -1 0
192 217 -1 0
13 190 -1 0
165 201 -1 0
214 294 -1 0
90 17 -1 0
168 207 -1 0
370 155 -1 0
24 323 -1 0
391 253 -1 0
389 176 -1 0
258 242 -1 0
211 156 -1 0
239 282 -1 0
45 379 -1 0
217 367 -1 0
51 270 -1 0
84 310 -1 0
245 266 -1 0
286 180 -1 0
305 147 -1 0
156 130 -1 0
296 254 -1 0
153 307 -1 0
297 339 -1 0
321 81 -1 0
136 257 -1 0
273 188 -1 0
63 178 -1 0
223 357 -1 0
256 311 -1 0
301 298 -1 0
87 261 -1 0
80 288 -1 0
369 326 -1 0
379 318 -1 0
310 22 -1 0
112 287 -1 0
23 196 -1 0
122 123 -1 0
30 355 -1 0
66 203 -1 0
235 193 -1 0
216 6 -1 0
15 387 -1 0
100 242 -1 0
76 19 -1 0
107 247 -1 0
101 257 -1 0
96 288 -1 0
363 99 -1 0
379 105 -1 0
160 240 -1 0
252 293 -1 0
92 25 -1 0
4 384 -1 0
307 175 -1 0
217 364 -1 0
393 196 -1 0
27 210 -1 0
53 200 -1 0
151 37 -1 0
60 392 -1 0
32 121 -1 0
161 181 -1 0
93 370 -1 0
165 208 -1 0
354 11 -1 0
282 212 -1 0
24 217 -1 0
175 204 -1 0
350 238 -1 0
208 40 -1 0
393 326 -1 0
392 78 -1 0
261 304 -1 0
92 370 -1 0
227 286 -1 0
353 68 -1 0
157 357 -1 0
55 289 -1 0
162 306 -1 0
73 100 -1 0
261 321 -1 0
282 180 -1 0
83 65 -1 0
249 270 -1 0
303 71 -1 0
80 263 -1 0
328 77 -1 0
260 137 -1 0
132 249 -1 0
73 76 -1 0
112 176 -1 0
257 220 -1 0
215 399 -1 0
248 307 -1 0
195 139 -1 0
160 159 -1 0
127 337 -1 0
277 373 -1 0
14 251 -1 0
355 181 -1 0
120 170 -1 0
371 98 -1 0
308 194 -1 0
84 34 -1 0
148 42 -1 0
370 147 -1 0
181 48 -1 0
363 374 -1 0
217 252 -1 0
367 342 -1 0
300 262 -1 0
348 249 -1 0
200 342 -1 0
368 318 -1 0
80 208 -1 0
135 86 -1 0
136 317 -1 0
391 252 -1 0
344 265 -1 0
180 219 -1 0
371 114 -1 0
77 361 -1 0
61 154 -1 0
119 231 -1 0
123 58 -1 0
366 82 -1 0
95 58 -1 0
369 23 -1 0
376 368 -1 0
380 60 -1 0
303 150 -1 0
222 18 -1 0
82 229 -1 0
4 104 -1 0
141 15 -1 0
273 385 -1 0
246 345 -1 0
77 370 -1 0
189 267 -1 0
147 211 -1 0
168 161 -1 0
85 95 -1 0
262 325 -1 0
61 385 -1 0
123 123 -1 0
283 88 -1 0
227 341 -1 0
386 62 -1 0
246 135 -1 0
115 13 -1 0
311 32 -1 0
332 247 -1 0
25 332 -1 0
62 368 -1 0
28 82 -1 0
24 185 -1 0
101 290 -1 0
73 311 -1 0
84 231 -1 0
103 29 -1 0
8 290 -1 0
365 33 -1 0
41 43 -1 0
180 164 -1 0
337 82 -1 0
61 153 -1 0
117 122 -1 0
201 162 -1 0
178 342 -1 0
392 188 -1 0
30 189 -1 0
3 199 -1 0
119 305 -1 0
344 282 -1 0
4 182 -1 0
176 398 -1 0
310 93 -1 0
83 356 -1 0
129 381 -1 0
361 221 -1 0
66 163 -1 0
291 222 -1 0
386 129 -1 0
99 317 -1 0
114 365 -1 0
91 48 -1 0
91 253 -1 0
13 373 -1 0
124 153 -1 0
313 334 -1 0
197 250 -1 0
132 385 -1 0
95 48 -1 0
82 330 -1 0
360 220 -1 0
14 284 -1 0
177 48 -1 0
121 344 -1 0
90 271 -1 0
253 35 -1 0
137 85 -1 0
0 381 -1 0
123 84 -1 0
253 124 -1 0
245 210 -1 0
356 79 -1 0
235 315 -1 0
374 133 -1 0
268 125 -1 0
269 382 -1 0
300 70 -1 0
342 23 -1 0
160 390 -1 0
290 184 -1 0
78 316 -1 0
267 166 -1 0
36 284 -1 0
3 231 -1 0
335 345 -1 0
265 362 -1 0
66 26 -1 0
283 218 -1 0
199 289 -1 0
25 62 -1 0
275 370 -1 0
17 332 -1 0
316 1 -1 0
245 22 -1 0
150 123 -1 0
167 44 -1 0
49 361 -1 0
41 333 -1 0
195 304 -1 0
121 370 -1 0
29 134 -1 0
21 17 -1 0
186 163 -1 0
352 357 -1 0
355 213 -1 0
240 130 -1 0
239 222 -1 0
137 283 -1 0
115 87 -1 0
109 15 -1 0
121 266 -1 0
385 378 -1 0
172 197 -1 0
55 392 -1 0
62 156 -1 0
253 218 -1 0
386 87 -1 0
228 13 -1 0
122 154 -1 0
200 179 -1 0
115 51 -1 0
291 178 -1 0
224 152 -1 0
126 256 -1 0
325 350 -1 0
396 345 -1 0
44 391 -1 0
365 262 -1 0
308 236 -1 0
210 30 -1 0
78 108 -1 0
380 384 -1 0
159 173 -1 0
159 322 -1 0
111 98 -1 0
262 169 -1 0
377 84 -1 0
288 374 -1 0
55 210 -1 0
242 36 -1 0
383 77 -1 0
260 146 -1 0
264 202 -1 0
117 79 -1 0
263 233 -1 0
35 54 -1 0
70 397 -1 0
43 93 -1 0
304 368 -1 0
4 214 -1 0
377 379 -1 0
50 191 -1 0
124 236 -1 0
64 15 -1 0
264 52 -1 0
198 250 -1 0
185 315 -1 0
396 158 -1 0
384 42 -1 0
106 269 -1 0
200 253 -1 0
24 66 -1 0
308 235 -1 0
206 277 -1 0
203 180 -1 0
351 191 -1 0
26 208 -1 0
142 213 -1 0
10 372 -1 0
26 9 -1 0
393 24 -1 0
79 347 -1 0
201 397 -1 0
168 131 -1 0
230 283 -1 0
34 124 -1 0
23 26 -1 0
144 333 -1 0
308 96 -1 0
46 317 -1 0
327 349 -1 0
312 44 -1 0
40 49 -1 0
191 174 -1 0
291 48 -1 0
185 156 -1 0
63 370 -1 0
107 177 -1 0
301 360 -1 0
79 246 -1 0
169 292 -1 0
8 388 -1 0
351 257 -1 0
3 230 -1 0
385 107 -1 0
302 198 -1 0
270 207 -1 0
113 323 -1 0
375 163 -1 0
98 38 -1 0
146 44 -1 0
69 158 -1 0
310 235 -1 0
284 348 -1 0
196 380 -1 0
131 241 -1 0
298 368 -1 0
398 78 -1 0
257 338 -1 0
83 340 -1 0
35 316 -1 0
18 381 -1 0
6 29 -1 0
298 381 -1 0
76 106 -1 0
193 219 -1 0
138 93 -1 0
156 204 -1 0
30 59 -1 0
275 309 -1 0
396 180 -1 0
299 64 -1 0
311 270 -1 0
320 118 -1 0
18 22 -1 0
125 230 -1 0
179 338 -1 0
266 157 -1 0
188 390 -1 0
0 349 -1 0
276 349 -1 0
259 141 -1 0
306 370 -1 0
62 314 -1 0
143 231 -1 0
28 2 -1 0
243 187 -1 0
299 192 -1 0
86 87 -1 0
141 204 -1 0
296 105 -1 0
382 338 -1 0
327 59 -1 0
333 297 -1 0
199 143 -1 0
15 10 -1 0
202 31 -1 0
172 229 -1 0
63 362 -1 0
396 273 -1 0
235 370 -1 0
233 14 -1 0
340 249 -1 0
299 1 -1 0
378 386 -1 0
245 235 -1 0
65 365 -1 0
57 366 -1 0
130 39 -1 0
19 165 -1 0
47 337 -1 0
133 374 -1 0
395 264 -1 0
358 19 -1 0
22 392 -1 0
270 269 -1 0
233 39 -1 0
240 242 -1 0
327 75 -1 0
213 367 -1 0
347 383 -1 0
169 329 -1 0
263 215 -1 0
298 113 -1 0
10 218 -1 0
186 302 -1 0
185 303 -1 0
190 229 -1 0
121 398 -1 0
103 93 -1 0
97 343 -1 0
314 163 -1 0
29 383 -1 0
83 290 -1 0
4 206 -1 0
273 67 -1 0
88 132 -1 0
328 35 -1 0
374 217 -1 0
327 159 -1 0
276 26 -1 0
152 147 -1 0
304 383 -1 0
366 137 -1 0
200 156 -1 0
147 226 -1 0
65 149 -1 0
348 265 -1 0
301 126 -1 0
132 191 -1 0
303 161 -1 0
200 231 -1 0
173 383 -1 0
103 187 -1 0
31 119 -1 0
64 141 -1 0
44 309 -1 0
287 164 -1 0
19 293 -1 0
249 369 -1 0
56 320 -1 0
141 367 -1 0
5 160 -1 0
82 256 -1 0
250 319 -1 0
351 179 -1 0
389 182 -1 0
92 171 -1 0
368 268 -1 0
122 152 -1 0
45 235 -1 0
252 239 -1 0
302 11 -1 0
171 344 -1 0
332 318 -1 0
40 39 -1 0
100 388 -1 0
23 82 -1 0
276 94 -1 0
33 138 -1 0
140 264 -1 0
351 48 -1 0
212 194 -1 0
365 237 -1 0
178 317 -1 0
12 167 -1 0
167 321 -1 0
269 160 -1 0
268 378 -1 0
48 384 -1 0
96 126 -1 0
176 203 -1 0
205 217 -1 0
129 205 -1 0
387 139 -1 0
28 387 -1 0
377 319 -1 0
358 69 -1 0
94 397 -1 0
313 321 -1 0
110 363 -1 0
380 234 -1 0
282 32 -1 0
293 375 -1 0
355 193 -1 0
74 139 -1 0
240 23 -1 0
187 168 -1 0
8 91 -1 0
291 16 -1 0
50 184 -1 0
376 393 -1 0
383 55 -1 0
292 215 -1 0
227 278 -1 0
389 326 -1 0
64 39 -1 0
63 302 -1 0
25 381 -1 0
127 339 -1 0
88 85 -1 0
99 46 -1 0
311 170 -1 0
63 251 -1 0
266 190 -1 0
270 43 -1 0
104 19 -1 0
270 40 -1 0
303 301 -1 0
323 37 -1 0
164 281 -1 0
245 368 -1 0
96 12 -1 0
390 352 -1 0
374 319 -1 0
295 88 -1 0
39 175 -1 0
295 247 -1 0
202 368 -1 0
327 116 -1 0
61 146 -1 0
350 151 -1 0
171 215 -1 0
373 20 -1 0
11 108 -1 0
65 153 -1 0
299 146 -1 0
351 137 -1 0
54 75 -1 0
149 342 -1 0
124 263 -1 0
368 51 -1 0
186 29 -1 0
392 72 -1 0
14 214 -1 0
259 176 -1 0
256 39 -1 0
141 89 -1 0
250 173 -1 0
224 37 -1 0
216 354 -1 0
64 93 -1 0
88 10 -1 0
372 273 -1 0
242 130 -1 0
104 83 -1 0
101 192 -1 0
169 238 -1 0
50 196 -1 0
336 93 -1 0
137 145 -1 0
214 22 -1 0
135 196 -1 0
374 370 -1 0
369 334 -1 0
353 196 -1 0
389 330 -1 0
224 194 -1 0
4 36 -1 0
318 353 -1 0
277 334 -1 0
333 70 -1 0
133 311 -1 0
149 261 -1 0
234 309 -1 0
167 355 -1 0
55 243 -1 0
85 92 -1 0
231 3 -1 0
161 0 -1 0
319 153 -1 0
14 25 -1 0
162 336 -1 0
357 272 -1 0
309 258 -1 0
100 230 -1 0
79 187 -1 0
311 135 -1 0
334 65 -1 0
110 214 -1 0
336 50 -1 0
36 119 -1 0
177 302 -1 0
216 162 -1 0
91 63 -1 0
70 229 -1 0
233 148 -1 0
296 329 -1 0
135 39 -1 0
284 303 -1 0
120 114 -1 0
65 175 -1 0
321 125 -1 0
399 114 -1 0
60 251 -1 0
303 200 -1 0
200 157 -1 0
191 244 -1 0
121 369 -1 0
296 18 -1 0
224 217 -1 0
28 10 -1 0
164 192 -1 0
313 285 -1 0
51 157 -1 0
204 330 -1 0
11 162 -1 0
119 225 -1 0
80 299 -1 0
72 231 -1 0
179 2 -1 0
386 294 -1 0
233 111 -1 0
32 126 -1 0
104 375 -1 0
66 265 -1 0
337 195 -1 0
314 96 -1 0
168 250 -1 0
317 81 -1 0
309 188 -1 0
135 347 -1 0
296 378 -1 0
112 386 -1 0
283 377 -1 0
76 348 -1 0
15 77 -1 0
178 165 -1 0
167 364 -1 0
240 186 -1 0
363 74 -1 0
92 264 -1 0
362 390 -1 0
40 53 -1 0
42 340 -1 0
366 391 -1 0
213 281 -1 0
229 167 -1 0
68 23 -1 0
207 328 -1 0
261 16 -1 0
291 72 -1 0
313 65 -1 0
34 73 -1 0
143 144 -1 0
237 32 -1 0
204 304 -1 0
30 45 -1 0
50 381 -1 0
156 301 -1 0
167 262 -1 0
89 90 -1 0
240 253 -1 0
376 95 -1 0
220 172 -1 0
396 155 -1 0
289 133 -1 0
271 192 -1 0
132 287 -1 0
378 300 -1 0
311 220 -1 0
263 207 -1 0
301 86 -1 0
294 301 -1 0
240 140 -1 0
370 113 -1 0
107 239 -1 0
93 296 -1 0
147 223 -1 0
31 166 -1 0
15 177 -1 0
66 35 -1 0
189 16 -1 0
43 327 -1 0
380 188 -1 0
342 220 -1 0
98 226 -1 0
241 328 -1 0
116 118 -1 0
357 342 -1 0
282 24 -1 0
344 57 -1 0
395 9 -1 0
324 68 -1 0
109 146 -1 0
248 328 -1 0
262 299 -1 0
334 263 -1 0
286 144 -1 0
83 13 -1 0
189 37 -1 0
96 310 -1 0
38 339 -1 0
386 181 -1 0
368 32 -1 0
78 0 -1 0
319 99 -1 0
9 20 -1 0
369 209 -1 0
241 25 -1 0
366 122 -1 0
382 218 -1 0
8 398 -1 0
57 61 -1 0
41 140 -1 0
176 36 -1 0
312 363 -1 0
352 349 -1 0
250 232 -1 0
116 56 -1 0
372 117 -1 0
73 355 -1 0
111 97 -1 0
329 202 -1 0
124 68 -1 0
175 320 -1 0
188 287 -1 0
202 300 -1 0
370 103 -1 0
187 138 -1 0
80 166 -1 0
217 174 -1 0
275 371 -1 0
392 327 -1 0
68 360 -1 0
45 332 -1 0
349 274 -1 0
72 315 -1 0
123 139 -1 0
213 150 -1 0
377 305 -1 0
198 271 -1 0
150 156 -1 0
200 19 -1 0
62 91 -1 0
254 177 -1 0
2 74 -1 0
182 191 -1 0
65 129 -1 0
105 137 -1 0
29 138 -1 0
389 386 -1 0
339 44 -1 0
239 292 -1 0
296 275 -1 0
44 36 -1 0
78 40 -1 0
169 212 -1 0
21 12 -1 0
250 395 -1 0
6 9 -1 0
332 392 -1 0
189 0 -1 0
43 264 -1 0
261 318 -1 0
323 276 -1 0
183 128 -1 0
193 206 -1 0
370 107 -1 0
396 225 -1 0
252 208 -1 0
70 177 -1 0
105 62 -1 0
65 73 -1 0
358 234 -1 0
141 332 -1 0
81 286 -1 0
172 42 -1 0
88 188 -1 0
87 268 -1 0
72 98 -1 0
85 352 -1 0
69 197 -1 0
78 119 -1 0
244 110 -1 0
207 316 -1 0
331 239 -1 0
259 53 -1 0
225 372 -1 0
168 26 -1 0
221 256 -1 0
259 388 -1 0
165 126 -1 0
188 370 -1 0
217 349 -1 0
252 251 -1 0
279 168 -1 0
376 176 -1 0
7 10 -1 0
136 61 -1 0
168 375 -1 0
394 81 -1 0
87 125 -1 0
170 395 -1 0
198 187 -1 0
210 164 -1 0
306 43 -1 0
361 43 -1 0
21 246 -1 0
136 310 -1 0
38 282 -1 0
312 53 -1 0
284 103 -1 0
381 334 -1 0
345 51 -1 0
59 319 -1 0
390 188 -1 0
29 144 -1 0
345 14 -1 0
339 2 -1 0
163 155 -1 0
300 68 -1 0
78 233 -1 0
37 343 -1 0
336 126 -1 0
82 326 -1 0
5 266 -1 0
361 95 -1 0
85 125 -1 0
43 172 -1 0
41 154 -1 0
358 238 -1 0
307 191 -1 0
65 114 -1 0
167 132 -1 0
129 126 -1 0
23 257 -1 0
97 261 -1 0
238 246 -1 0
119 106 -1 0
50 282 -1 0
303 189 -1 0
77 254 -1 0
371 198 -1 0
377 39 -1 0
381 305 -1 0
3 103 -1 0
298 306 -1 0
332 394 -1 0
112 299 -1 0
373 7 -1 0
320 387 -1 0
327 371 -1 0
244 336 -1 0
192 136 -1 0
76 367 -1 0
319 378 -1 0
377 362 -1 0
169 169 -1 0
76 108 -1 0
261 323 -1 0
137 143 -1 0
45 325 -1 0
198 256 -1 0
236 184 -1 0
181 202 -1 0
1 284 -1 0
91 223 -1 0
275 341 -1 0
333 138 -1 0
31 141 -1 0
278 340 -1 0
66 338 -1 0
324 371 -1 0
99 73 -1 0
19 185 -1 0
62 154 -1 0
70 248 -1 0
354 381 -1 0
293 348 -1 0
225 282 -1 0
158 168 -1 0
93 221 -1 0
327 8 -1 0
89 223 -1 0
294 276 -1 0
282 183 -1 0
102 168 -1 0
298 213 -1 0
42 387 -1 0
43 289 -1 0
79 138 -1 0
138 24 -1 0
395 253 -1 0
139 133 -1 0
31 113 -1 0
229 299 -1 0
57 248 -1 0
39 397 -1 0
128 378 -1 0
211 308 -1 0
329 282 -1 0
326 223 -1 0
136 222 -1 0
96 381 -1 0
109 87 -1 0
32 298 -1 0
66 362 -1 0
284 363 -1 0
287 272 -1 0
103 123 -1 0
70 124 -1 0
17 123 -1 0
376 53 -1 0
135 307 -1 0
0 121 -1 0
126 347 -1 0
269 49 -1 0
23 71 -1 0
47 270 -1 0
116 363 -1 0
135 109 -1 0
317 301 -1 0
132 343 -1 0
148 373 -1 0
6 312 -1 0
377 65 -1 0
364 84 -1 0
87 322 -1 0
211 140 -1 0
197 353 -1 0
202 7 -1 0
144 132 -1 0
106 268 -1 0
364 294 -1 0
185 265 -1 0
165 50 -1 0
5 270 -1 0
360 139 -1 0
333 34 -1 0
274 330 -1 0
15 48 -1 0
238 114 -1 0
258 183 -1 0
352 192 -1 0
214 171 -1 0
22 281 -1 0
219 146 -1 0
188 169 -1 0
111 262 -1 0
116 80 -1 0
309 175 -1 0
9 142 -1 0
16 361 -1 0
369 291 -1 0
328 209 -1 0
179 240 -1 0
363 289 -1 0
83 59 -1 0
365 229 -1 0
79 356 -1 0
258 169 -1 0
103 166 -1 0
13 297 -1 0
238 295 -1 0
268 155 -1 0
368 287 -1 0
174 376 -1 0
286 153 -1 0
167 131 -1 0
51 71 -1 0
89 267 -1 0
310 301 -1 0
153 218 -1 0
219 188 -1 0
109 393 -1 0
12 122 -1 0
111 301 -1 0
23 300 -1 0
221 355 -1 0
223 126 -1 0
131 187 -1 0
333 391 -1 0
116 15 -1 0
98 238 -1 0
364 337 -1 0
65 391 -1 0
50 274 -1 0
181 34 -1 0
354 73 -1 0
267 227 -1 0
288 146 -1 0
74 216 -1 0
183 377 -1 0
302 249 -1 0
55 196 -1 0
271 27 -1 0
142 244 -1 0
239 266 -1 0
101 267 -1 0
240 131 -1 0
282 191 -1 0
362 289 -1 0
168 292 -1 0
316 173 -1 0
312 137 -1 0
237 262 -1 0
309 366 -1 0
49 61 -1 0
325 165 -1 0
103 205 -1 0
303 256 -1 0
315 315 -1 0
321 60 -1 0
179 181 -1 0
169 49 -1 0
275 319 -1 0
258 190 -1 0
227 167 -1 0
232 23 -1 0
76 350 -1 0
102 123 -1 0
64 123 -1 0
394 393 -1 0
206 226 -1 0
350 0 -1 0
7 303 -1 0
137 259 -1 0
263 125 -1 0
382 182 -1 0
125 218 -1 0
224 367 -1 0
333 91 -1 0
133 92 -1 0
366 330 -1 0
45 318 -1 0
285 258 -1 0
341 301 -1 0
223 20 -1 0
66 253 -1 0
164 266 -1 0
175 318 -1 0
279 21 -1 0
258 146 -1 0
256 370 -1 0
16 19 -1 0
8 229 -1 0
105 146 -1 0
265 275 -1 0
167 366 -1 0
194 331 -1 0
10 61 -1 0
187 335 -1 0
271 194 -1 0
191 157 -1 0
152 298 -1 0
0 327 -1 0
213 327 -1 0
359 55 -1 0
105 392 -1 0
266 335 -1 0
76 79 -1 0
218 267 -1 0
273 218 -1 0
178 217 -1 0
291 168 -1 0
227 385 -1 0
108 193 -1 0
109 27 -1 0
268 247 -1 0
190 364 -1 0
295 138 -1 0
252 0 -1 0
9 365 -1 0
62 63 -1 0
86 45 -1 0
6 161 -1 0
169 11 -1 0
347 348 -1 0
141 112 -1 0
15 67 -1 0
76 90 -1 0
149 381 -1 0
109 227 -1 0
63 158 -1 0
291 66 -1 0
379 57 -1 0
350 378 -1 0
271 333 -1 0
306 199 -1 0
396 33 -1 0
209 378 -1 0
326 76 -1 0
12 48 -1 0
109 153 -1 0
324 50 -1 0
361 153 -1 0
291 181 -1 0
134 330 -1 0
204 220 -1 0
15 166 -1 0
367 217 -1 0
78 188 -1 0
17 203 -1 0
327 123 -1 0
132 213 -1 0
151 141 -1 0
27 312 -1 0
68 1 -1 0
53 354 -1 0
101 28 -1 0
368 373 -1 0
358 13 -1 0
122 65 -1 0
47 129 -1 0
296 108 -1 0
67 143 -1 0
110 110 -1 0
103 290 -1 0
145 218 -1 0
357 219 -1 0
216 145 -1 0
233 300 -1 0
25 349 -1 0
357 234 -1 0
92 340 -1 0
355 51 -1 0
235 286 -1 0
302 350 -1 0
370 108 -1 0
65 78 -1 0
233 187 -1 0
150 23 -1 0
313 173 -1 0
382 263 -1 0
40 75 -1 0
166 251 -1 0
164 338 -1 0
71 74 -1 0
47 117 -1 0
355 162 -1 0
71 38 -1 0
354 292 -1 0
120 357 -1 0
32 103 -1 0
377 45 -1 0
344 171 -1 0
233 374 -1 0
391 245 -1 0
353 89 -1 0
165 16 -1 0
100 310 -1 0
188 11 -1 0
224 305 -1 0
84 42 -1 0
197 170 -1 0
65 334 -1 0
286 157 -1 0
399 338 -1 0
44 129 -1 0
356 297 -1 0
44 296 -1 0
330 215 -1 0
289 238 -1 0
58 159 -1 0
217 340 -1 0
227 40 -1 0
387 64 -1 0
130 189 -1 0
220 112 -1 0
47 31 -1 0
282 67 -1 0
274 214 -1 0
325 222 -1 0
255 169 -1 0
45 251 -1 0
47 299 -1 0
94 338 -1 0
36 327 -1 0
355 36 -1 0
97 178 -1 0
333 226 -1 0
373 97 -1 0
134 132 -1 0
228 374 -1 0
282 53 -1 0
211 172 -1 0
128 27 -1 0
170 240 -1 0
16 379 -1 0
201 151 -1 0
86 390 -1 0
30 250 -1 0
23 391 -1 0
11 40 -1 0
207 359 -1 0
183 310 -1 0
15 350 -1 0
106 131 -1 0
188 307 -1 0
190 135 -1 0
265 128 -1 0
167 52 -1 0
58 112 -1 0
301 103 -1 0
44 42 -1 0
273 352 -1 0
13 205 -1 0
299 272 -1 0
308 264 -1 0
312 108 -1 0
201 381 -1 0
72 34 -1 0
283 199 -1 0
105 3 -1 0
74 17 -1 0
33 49 -1 0
46 115 -1 0
209 189 -1 0
296 194 -1 0
281 21 -1 0
54 215 -1 0
288 198 -1 0
282 78 -1 0
296 387 -1 0
107 87 -1 0
166 198 -1 0
137 122 -1 0
137 147 -1 0
301 351 -1 0
325 238 -1 0
93 303 -1 0
182 196 -1 0
256 37 -1 0
84 85 -1 0
75 108 -1 0
102 293 -1 0
351 379 -1 0
5 9 -1 0
280 145 -1 0
317 17 -1 0
6 277 -1 0
259 133 -1 0
99 66 -1 0
383 142 -1 0
177 50 -1 0
50 309 -1 0
198 166 -1 0
216 154 -1 0
51 397 -1 0
65 145 -1 0
266 84 -1 0
302 25 -1 0
194 194 -1 0
172 208 -1 0
197 372 -1 0
258 235 -1 0
215 245 -1 0
351 3 -1 0
91 172 -1 0
368 162 -1 0
253 237 -1 0
394 233 -1 0
79 248 -1 0
0 149 -1 0
392 137 -1 0
9 255 -1 0
286 166 -1 0
327 255 -1 0
131 354 -1 0
385 370 -1 0
117 290 -1 0
361 322 -1 0
26 160 -1 0
229 392 -1 0
91 389 -1 0
340 91 -1 0
323 8 -1 0
4 190 -1 0
221 299 -1 0
232 180 -1 0
299 88 -1 0
94 1 -1 0
4 38 -1 0
374 207 -1 0
123 320 -1 0
131 344 -1 0
398 345 -1 0
311 282 -1 0
247 360 -1 0
370 312 -1 0
328 39 -1 0
271 185 -1 0
188 233 -1 0
21 378 -1 0
226 314 -1 0
310 219 -1 0
336 294 -1 0
5 265 -1 0
349 298 -1 0
317 33 -1 0
136 213 -1 0
297 173 -1 0
328 160 -1 0
160 262 -1 0
362 350 -1 0
340 261 -1 0
303 295 -1 0
212 351 -1 0
149 195 -1 0
386 146 -1 0
331 92 -1 0
119 108 -1 0
379 363 -1 0
384 390 -1 0
219 343 -1 0
298 366 -1 0
22 86 -1 0
65 276 -1 0
313 74 -1 0
224 117 -1 0
244 382 -1 0
180 153 -1 0
116 59 -1 0
4 195 -1 0
162 276 -1 0
367 64 -1 0
367 166 -1 0
331 266 -1 0
102 355 -1 0
217 310 -1 0
327 35 -1 0
92 374 -1 0
342 171 -1 0
196 179 -1 0
242 214 -1 0
0 153 -1 0
249 319 -1 0
156 13 -1 0
299 4 -1 0
179 375 -1 0
185 212 -1 0
179 368 -1 0
69 176 -1 0
282 59 -1 0
398 390 -1 0
313 289 -1 0
129 305 -1 0
180 118 -1 0
164 232 -1 0
45 307 -1 0
358 292 -1 0
144 219 -1 0
226 274 -1 0
305 302 -1 0
155 167 -1 0
219 216 -1 0
128 227 -1 0
110 78 -1 0
47 249 -1 0
205 252 -1 0
330 112 -1 0
20 336 -1 0
131 349 -1 0
95 339 -1 0
149 102 -1 0
385 62 -1 0
158 243 -1 0
308 19 -1 0
366 6 -1 0
355 80 -1 0
3 335 -1 0
202 388 -1 0
107 269 -1 0
139 147 -1 0
313 128 -1 0
3 51 -1 0
389 242 -1 0
336 186 -1 0
96 19 -1 0
146 291 -1 0
229 120 -1 0
356 76 -1 0
140 253 -1 0
332 67 -1 0
301 220 -1 0
243 174 -1 0
341 351 -1 0
280 34 -1 0
121 358 -1 0
264 234 -1 0
295 48 -1 0
152 164 -1 0
86 239 -1 0
246 236 -1 0
320 394 -1 0
121 227 -1 0
126 6 -1 0
222 368 -1 0
210 1 -1 0
185 117 -1 0
126 394 -1 0
114 46 -1 0
306 209 -1 0
49 319 -1 0
341 71 -1 0
377 22 -1 0
220 280 -1 0
336 271 -1 0
276 56 -1 0
119 312 -1 0
108 48 -1 0
375 104 -1 0
298 242 -1 0
311 58 -1 0
234 355 -1 0
180 47 -1 0
139 137 -1 0
73 331 -1 0
360 297 -1 0
154 131 -1 0
115 286 -1 0
216 338 -1 0
321 292 -1 0
260 267 -1 0
351 67 -1 0
6 284 -1 0
100 7 -1 0
228 162 -1 0
212 148 -1 0
359 296 -1 0
146 11 -1 0
361 344 -1 0
303 29 -1 0
79 330 -1 0
218 137 -1 0
295 258 -1 0
109 174 -1 0
359 212 -1 0
10 95 -1 0
189 129 -1 0
167 245 -1 0
17 43 -1 0
19 321 -1 0
158 225 -1 0
337 137 -1 0
399 58 -1 0
148 326 -1 0
105 296 -1 0
113 154 -1 0
109 30 -1 0
290 391 -1 0
26 363 -1 0
184 246 -1 0
195 385 -1 0
279 189 -1 0
300 228 -1 0
257 366 -1 0
265 110 -1 0
47 113 -1 0
186 127 -1 0
212 342 -1 0
306 395 -1 0
30 311 -1 0
97 358 -1 0
115 66 -1 0
397 190 -1 0
185 252 -1 0
296 219 -1 0
295 341 -1 0
193 123 -1 0
322 1 -1 0
313 204 -1 0
99 340 -1 0
209 278 -1 0
181 241 -1 0
88 102 -1 0
183 233 -1 0
346 33 -1 0
236 107 -1 0
299 197 -1 0
351 252 -1 0
280 285 -1 0
65 42 -1 0
285 61 -1 0
369 11 -1 0
298 327 -1 0
39 80 -1 0
35 372 -1 0
211 3 -1 0
94 34 -1 0
293 366 -1 0
334 7 -1 0
388 53 -1 0
47 138 -1 0
22 18 -1 0
236 246 -1 0
7 60 -1 0
340 81 -1 0
299 287 -1 0
338 345 -1 0
63 192 -1 0
47 205 -1 0
205 18 -1 0
197 200 -1 0
69 371 -1 0
372 109 -1 0
238 142 -1 0
44 300 -1 0
31 101 -1 0
238 143 -1 0
392 276 -1 0
242 345 -1 0
180 199 -1 0
5 365 -1 0
373 107 -1 0
113 244 -1 0
184 139 -1 0
150 101 -1 0
290 115 -1 0
188 218 -1 0
84 337 -1 0
257 194 -1 0
42 314 -1 0
257 226 -1 0
384 180 -1 0
352 172 -1 0
204 143 -1 0
60 11 -1 0
57 203 -1 0
121 121 -1 0
105 210 -1 0
142 42 -1 0
188 0 -1 0
100 66 -1 0
184 345 -1 0
265 174 -1 0
291 42 -1 0
35 127 -1 0
253 0 -1 0
272 60 -1 0
146 175 -1 0
78 102 -1 0
318 166 -1 0
218 203 -1 0
279 131 -1 0
38 389 -1 0
67 90 -1 0
331 187 -1 0
296 282 -1 0
340 358 -1 0
31 23 -1 0
397 312 -1 0
54 163 -1 0
347 258 -1 0
221 42 -1 0
241 398 -1 0
172 19 -1 0
47 18 -1 0
284 135 -1 0
331 317 -1 0
128 213 -1 0
53 117 -1 0
29 190 -1 0
394 391 -1 0
395 24 -1 0
281 234 -1 0
265 109 -1 0
217 19 -1 0
266 15 -1 0
202 128 -1 0
112 39 -1 0
175 298 -1 0
215 382 -1 0
98 374 -1 0
267 13 -1 0
305 54 -1 0
257 181 -1 0
388 372 -1 0
25 212 -1 0
328 313 -1 0
348 380 -1 0
65 138 -1 0
214 265 -1 0
171 179 -1 0
344 38 -1 0
142 138 -1 0
372 230 -1 0
391 70 -1 0
142 78 -1 0
354 195 -1 0
364 316 -1 0
144 118 -1 0
305 360 -1 0
269 272 -1 0
94 327 -1 0
334 113 -1 0
330 273 -1 0
74 241 -1 0
369 395 -1 0
340 378 -1 0
72 198 -1 0
368 344 -1 0
294 183 -1 0
279 258 -1 0
200 315 -1 0
268 239 -1 0
246 318 -1 0
281 111 -1 0
280 230 -1 0
50 23 -1 0
227 124 -1 0
234 0 -1 0
14 350 -1 0
358 148 -1 0
299 62 -1 0
88 74 -1 0
217 139 -1 0
338 130 -1 0
229 107 -1 0
214 342 -1 0
292 130 -1 0
216 9 -1 0
319 265 -1 0
0 253 -1 0
353 241 -1 0
339 94 -1 0
284 299 -1 0
364 391 -1 0
216 218 -1 0
106 133 -1 0
133 363 -1 0
158 356 -1 0
257 140 -1 0
138 230 -1 0
247 104 -1 0
364 163 -1 0
296 358 -1 0
319 148 -1 0
32 125 -1 0
244 390 -1 0
349 222 -1 0
189 208 -1 0
168 303 -1 0
274 383 -1 0
198 382 -1 0
39 355 -1 0
366 176 -1 0
42 188 -1 0
201 147 -1 0
224 352 -1 0
253 258 -1 0
5 384 -1 0
189 189 -1 0
272 131 -1 0
296 6 -1 0
87 228 -1 0
293 87 -1 0
161 150 -1 0
251 25 -1 0
179 31 -1 0
377 155 -1 0
123 39 -1 0
69 52 -1 0
325 147 -1 0
55 206 -1 0
344 96 -1 0
317 365 -1 0
287 205 -1 0
99 166 -1 0
2 23 -1 0
262 243 -1 0
354 296 -1 0
393 283 -1 0
22 343 -1 0
84 397 -1 0
107 79 -1 0
361 235 -1 0
241 45 -1 0
122 53 -1 0
149 220 -1 0
81 172 -1 0
158 312 -1 0
249 129 -1 0
39 260 -1 0
272 397 -1 0
63 220 -1 0
269 324 -1 0
271 178 -1 0
163 290 -1 0
82 188 -1 0
7 147 -1 0
57 274 -1 0
147 32 -1 0
317 275 -1 0
366 79 -1 0
69 347 -1 0
357 354 -1 0
125 226 -1 0
166 121 -1 0
288 43 -1 0
10 168 -1 0
354 187 -1 0
334 241 -1 0
152 287 -1 0
250 130 -1 0
4 361 -1 0
95 342 -1 0
38 314 -1 0
146 149 -1 0
242 216 -1 0
12 342 -1 0
372 174 -1 0
337 105 -1 0
210 113 -1 0
354 272 -1 0
241 249 -1 0
160 358 -1 0
262 283 -1 0
291 169 -1 0
199 306 -1 0
120 11 -1 0
28 219 -1 0
26 275 -1 0
364 116 -1 0
390 212 -1 0
332 379 -1 0
287 1 -1 0
368 185 -1 0
43 344 -1 0
366 103 -1 0
373 253 -1 0
360 38 -1 0
102 104 -1 0
36 363 -1 0
277 18 -1 0
114 162 -1 0
107 322 -1 0
289 166 -1 0
326 298 -1 0
393 298 -1 0
373 346 -1 0
40 3 -1 0
366 311 -1 0
146 267 -1 0
334 288 -1 0
284 307 -1 0
139 274 -1 0
75 372 -1 0
289 41 -1 0
159 157 -1 0
237 18 -1 0
176 380 -1 0
329 158 -1 0
8 21 -1 0
46 14 -1 0
57 106 -1 0
239 330 -1 0
92 186 -1 0
237 369 -1 0
50 118 -1 0
308 322 -1 0
347 222 -1 0
246 228 -1 0
36 98 -1 0
154 32 -1 0
262 264 -1 0
233 319 -1 0
107 28 -1 0
272 173 -1 0
348 107 -1 0
377 389 -1 0
289 140 -1 0
30 194 -1 0
342 344 -1 0
345 392 -1 0
262 350 -1 0
209 203 -1 0
144 384 -1 0
147 313 -1 0
233 210 -1 0
254 15 -1 0
95 130 -1 0
179 47 -1 0
319 1 -1 0
337 148 -1 0
315 259 -1 0
374 302 -1 0
38 387 -1 0
296 296 -1 0
96 330 -1 0
239 126 -1 0
2 62 -1 0
216 392 -1 0
384 40 -1 0
362 386 -1 0
288 175 -1 0
134 266 -1 0
298 383 -1 0
306 227 -1 0
259 264 -1 0
241 184 -1 0
235 325 -1 0
102 296 -1 0
83 210 -1 0
232 43 -1 0
132 28 -1 0
236 347 -1 0
199 192 -1 0
82 315 -1 0
247 254 -1 0
169 384 -1 0
110 125 -1 0
319 291 -1 0
104 213 -1 0
223 361 -1 0
54 265 -1 0
145 307 -1 0
269 392 -1 0
366 198 -1 0
114 352 -1 0
194 253 -1 0
64 323 -1 0
222 391 -1 0
24 289 -1 0
245 258 -1 0
153 217 -1 0
30 285 -1 0
292 70 -1 0
290 122 -1 0
100 175 -1 0
317 2 -1 0
374 232 -1 0
58 245 -1 0
47 56 -1 0
1 134 -1 0
28 177 -1 0
298 187 -1 0
168 280 -1 0
333 370 -1 0
311 248 -1 0
193 9 -1 0
166 115 -1 0
44 82 -1 0
169 137 -1 0
391 145 -1 0
106 3 -1 0
148 74 -1 0
37 166 -1 0
212 257 -1 0
329 256 -1 0
397 366 -1 0
356 397 -1 0
316 168 -1 0
152 8 -1 0
43 40 -1 0
19 214 -1 0
252 398 -1 0
203 340 -1 0
42 207 -1 0
96 239 -1 0
261 146 -1 0
129 163 -1 0
158 341 -1 0
389 45 -1 0
342 240 -1 0
21 133 -1 0
22 364 -1 0
61 181 -1 0
160 209 -1 0
339 157 -1 0
31 342 -1 0
341 279 -1 0
88 310 -1 0
222 219 -1 0
367 200 -1 0
17 143 -1 0
85 339 -1 0
170 372 -1 0
341 145 -1 0
98 353 -1 0
276 222 -1 0
280 300 -1 0
246 156 -1 0
220 293 -1 0
82 22 -1 0
36 251 -1 0
24 308 -1 0
45 320 -1 0
255 272 -1 0
393 171 -1 0
238 264 -1 0
26 229 -1 0
72 260 -1 0
373 342 -1 0
364 338 -1 0
305 337 -1 0
315 108 -1 0
111 119 -1 0
58 32 -1 0
126 5 -1 0
18 205 -1 0
372 292 -1 0
260 240 -1 0
11 397 -1 0
347 203 -1 0
317 83 -1 0
58 128 -1 0
321 82 -1 0
286 103 -1 0
43 258 -1 0
25 17 -1 0
28 376 -1 0
89 363 -1 0
383 108 -1 0
117 76 -1 0
244 133 -1 0
103 60 -1 0
302 367 -1 0
363 195 -1 0
353 199 -1 0
129 182 -1 0
303 15 -1 0
93 305 -1 0
345 335 -1 0
239 30 -1 0
49 142 -1 0
232 166 -1 0
293 338 -1 0
345 187 -1 0
302 208 -1 0
337 55 -1 0
140 265 -1 0
32 395 -1 0
381 322 -1 0
106 337 -1 0
5 87 -1 0
20 229 -1 0
296 382 -1 0
256 394 -1 0
142 368 -1 0
89 336 -1 0
88 176 -1 0
101 68 -1 0
208 288 -1 0
59 67 -1 0
378 194 -1 0
103 217 -1 0
295 305 -1 0
284 91 -1 0
223 274 -1 0
40 4 -1 0
28 144 -1 0
215 261 -1 0
163 370 -1 0
319 164 -1 0
174 304 -1 0
84 286 -1 0
7 57 -1 0
172 279 -1 0
56 311 -1 0
164 135 -1 0
324 178 -1 0
289 311 -1 0
164 188 -1 0
50 397 -1 0
116 29 -1 0
388 382 -1 0
144 208 -1 0
253 399 -1 0
349 210 -1 0
326 45 -1 0
43 272 -1 0
103 246 -1 0
345 106 -1 0
369 61 -1 0
274 287 -1 0
345 158 -1 0
114 175 -1 0
17 344 -1 0
216 286 -1 0
326 332 -1 0
199 183 -1 0
245 5 -1 0
294 361 -1 0
207 300 -1 0
177 25 -1 0
221 136 -1 0
387 295 -1 0
50 72 -1 0
386 202 -1 0
117 144 -1 0
277 232 -1 0
332 123 -1 0
276 29 -1 0
99 21 -1 0
329 330 -1 0
206 338 -1 0
264 348 -1 0
222 27 -1 0
158 21 -1 0
122 44 -1 0
373 15 -1 0
199 205 -1 0
139 163 -1 0
307 336 -1 0
48 215 -1 0
312 136 -1 0
351 109 -1 0
172 322 -1 0
124 119 -1 0
201 215 -1 0
4 297 -1 0
56 209 -1 0
279 341 -1 0
316 368 -1 0
182 49 -1 0
217 355 -1 0
24 230 -1 0
116 298 -1 0
270 325 -1 0
253 212 -1 0
152 384 -1 0
187 154 -1 0
341 217 -1 0
385 255 -1 0
45 219 -1 0
214 181 -1 0
54 85 -1 0
227 226 -1 0
242 147 -1 0
286 317 -1 0
13 110 -1 0
190 137 -1 0
157 252 -1 0
34 266 -1 0
46 241 -1 0
149 264 -1 0
309 225 -1 0
21 285 -1 0
41 242 -1 0
378 232 -1 0
296 150 -1 0
202 235 -1 0
173 36 -1 0
54 100 -1 0
2 59 -1 0
359 197 -1 0
40 199 -1 0
232 176 -1 0
311 130 -1 0
317 13 -1 0
259 368 -1 0
323 137 -1 0
264 246 -1 0
234 241 -1 0
252 379 -1 0
43 96 -1 0
370 337 -1 0
364 172 -1 0
356 61 -1 0
28 174 -1 0
73 388 -1 0
128 259 -1 0
342 169 -1 0
111 250 -1 0
31 317 -1 0
94 180 -1 0
281 251 -1 0
40 133 -1 0
295 35 -1 0
365 122 -1 0
70 379 -1 0
83 52 -1 0
382 388 -1 0
269 45 -1 0
15 50 -1 0
379 197 -1 0
51 366 -1 0
46 171 -1 0
347 280 -1 0
12 211 -1 0
66 193 -1 0
87 59 -1 0
59 64 -1 0
171 376 -1 0
363 185 -1 0
378 264 -1 0
374 114 -1 0
116 284 -1 0
85 222 -1 0
280 237 -1 0
245 176 -1 0
333 131 -1 0
256 223 -1 0
212 378 -1 0
395 110 -1 0
285 57 -1 0
159 187 -1 0
227 235 -1 0
191 350 -1 0
24 260 -1 0
283 113 -1 0
230 316 -1 0
130 224 -1 0
3 192 -1 0
24 243 -1 0
228 391 -1 0
224 160 -1 0
387 77 -1 0
119 311 -1 0
40 35 -1 0
226 158 -1 0
91 72 -1 0
12 174 -1 0
34 288 -1 0
64 192 -1 0
360 354 -1 0
389 96 -1 0
83 16 -1 0
270 1 -1 0
160 252 -1 0
347 26 -1 0
343 20 -1 0
181 211 -1 0
233 250 -1 0
142 303 -1 0
275 391 -1 0
210 216 -1 0
94 288 -1 0
106 38 -1 0
62 120 -1 0
11 6 -1 0
38 83 -1 0
118 20 -1 0
283 297 -1 0
334 327 -1 0
345 62 -1 0
120 188 -1 0
124 342 -1 0
371 32 -1 0
270 257 -1 0
155 226 -1 0
306 301 -1 0
65 223 -1 0
260 209 -1 0
188 283 -1 0
31 48 -1 0
214 43 -1 0
362 87 -1 0
61 191 -1 0
148 15 -1 0
185 187 -1 0
123 337 -1 0
140 330 -1 0
308 283 -1 0
173 340 -1 0
39 312 -1 0
34 46 -1 0
281 371 -1 0
68 387 -1 0
61 323 -1 0
274 272 -1 0
364 21 -1 0
230 109 -1 0
283 341 -1 0
281 126 -1 0
258 106 -1 0
109 385 -1 0
147 323 -1 0
293 391 -1 0
200 248 -1 0
182 330 -1 0
311 19 -1 0
121 63 -1 0
31 2 -1 0
38 2 -1 0
338 13 -1 0
287 364 -1 0
315 267 -1 0
55 127 -1 0
74 365 -1 0
231 5 -1 0
390 85 -1 0
10 326 -1 0
374 313 -1 0
257 343 -1 0
281 56 -1 0
34 190 -1 0
283 107 -1 0
395 109 -1 0
41 11 -1 0
55 347 -1 0
1 360 -1 0
72 277 -1 0
252 34 -1 0
79 255 -1 0
186 265 -1 0
148 53 -1 0
171 271 -1 0
70 9 -1 0
42 399 -1 0
183 271 -1 0
300 40 -1 0
220 16 -1 0
0 337 -1 0
178 314 -1 0
97 125 -1 0
258 278 -1 0
83 353 -1 0
366 16 -1 0
135 398 -1 0
91 166 -1 0
140 42 -1 0
79 225 -1 0
291 315 -1 0
94 299 -1 0
102 368 -1 0
385 213 -1 0
60 132 -1 0
252 4 -1 0
367 185 -1 0
124 137 -1 0
55 192 -1 0
148 387 -1 0
256 129 -1 0
282 181 -1 0
257 332 -1 0
107 293 -1 0
210 190 -1 0
257 36 -1 0
284 4 -1 0
29 225 -1 0
121 279 -1 0
160 12 -1 0
333 241 -1 0
267 199 -1 0
337 46 -1 0
62 47 -1 0
214 260 -1 0
317 352 -1 0
120 342 -1 0
124 120 -1 0
152 45 -1 0
341 178 -1 0
346 380 -1 0
281 340 -1 0
182 291 -1 0
349 1 -1 0
179 394 -1 0
95 266 -1 0
275 160 -1 0
40 55 -1 0
59 200 -1 0
85 251 -1 0
170 315 -1 0
290 154 -1 0
50 375 -1 0
32 380 -1 0
143 228 -1 0
390 73 -1 0
19 296 -1 0
160 49 -1 0
146 163 -1 0
17 299 -1 0
111 184 -1 0
56 229 -1 0
58 375 -1 0
18 33 -1 0
14 59 -1 0
318 384 -1 0
41 64 -1 0
176 136 -1 0
394 136 -1 0
164 220 -1 0
19 156 -1 0
73 321 -1 0
67 120 -1 0
244 259 -1 0
266 308 -1 0
231 329 -1 0
284 360 -1 0
144 299 -1 0
139 144 -1 0
166 296 -1 0
278 273 -1 0
122 91 -1 0
79 313 -1 0
255 369 -1 0
364 176 -1 0
306 295 -1 0
233 268 -1 0
230 203 -1 0
242 33 -1 0
346 292 -1 0
347 44 -1 0
269 317 -1 0
375 45 -1 0
127 340 -1 0
138 373 -1 0
325 54 -1 0
109 246 -1 0
98 105 -1 0
42 205 -1 0
359 214 -1 0
313 322 -1 0
40 369 -1 0
100 309 -1 0
156 295 -1 0
317 216 -1 0
328 276 -1 0
35 195 -1 0
360 198 -1 0
352 235 -1 0
3 3 -1 0
7 233 -1 0
47 50 -1 0
130 71 -1 0
268 69 -1 0
260 252 -1 0
3 216 -1 0
170 36 -1 0
87 19 -1 0
263 242 -1 0
65 293 -1 0
132 113 -1 0
212 34 -1 0
32 379 -1 0
186 373 -1 0
99 321 -1 0
196 398 -1 0
186 316 -1 0
56 187 -1 0
22 244 -1 0
160 172 -1 0
188 323 -1 0
128 70 -1 0
12 384 -1 0
175 384 -1 0
382 53 -1 0
315 293 -1 0
98 375 -1 0
26 217 -1 0
153 32 -1 0
52 239 -1 0
272 294 -1 0
351 254 -1 0
179 36 -1 0
152 260 -1 0
5 252 -1 0
248 381 -1 0
143 51 -1 0
302 368 -1 0
177 346 -1 0
177 209 -1 0
338 282 -1 0
212 245 -1 0
100 88 -1 0
189 13 -1 0
89 298 -1 0
118 74 -1 0
392 126 -1 0
311 27 -1 0
56 259 -1 0
106 310 -1 0
293 220 -1 0
209 228 -1 0
352 324 -1 0
94 88 -1 0
276 266 -1 0
31 204 -1 0
328 341 -1 0
292 384 -1 0
314 221 -1 0
23 193 -1 0
161 142 -1 0
329 311 -1 0
355 200 -1 0
397 343 -1 0
330 367 -1 0
282 273 -1 0
117 380 -1 0
179 320 -1 0
135 130 -1 0
77 105 -1 0
171 279 -1 0
343 77 -1 0
2 162 -1 0
350 182 -1 0
33 142 -1 0
26 299 -1 0
399 156 -1 0
65 210 -1 0
171 157 -1 0
82 146 -1 0
356 103 -1 0
69 248 -1 0
146 176 -1 0
56 68 -1 0
300 199 -1 0
313 182 -1 0
36 55 -1 0
176 23 -1 0
277 118 -1 0
357 111 -1 0
302 261 -1 0
250 279 -1 0
72 164 -1 0
78 317 -1 0
392 193 -1 0
81 336 -1 0
144 345 -1 0
126 387 -1 0
282 213 -1 0
164 140 -1 0
33 222 -1 0
114 333 -1 0
275 52 -1 0
369 299 -1 0
98 315 -1 0
340 252 -1 0
360 262 -1 0
206 78 -1 1
205 87 -1 1
247 66 -1 1
234 77 -1 1
208 65 -1 1
174 98 -1 1
194 80 -1 1
229 80 -1 1
200 65 -1 1
191 64 -1 1
178 87 -1 1
246 71 -1 1
239 77 -1 1
244 68 -1 1
243 76 -1 1
216 83 -1 1
196 82 -1 1
173 79 -1 1
219 86 -1 1
182 69 -1 1
188 78 -1 1
179 79 -1 1
191 98 -1 1
202 64 -1 1
200 93 -1 1
240 72 -1 1
211 87 -1 1
188 96 -1 1
168 81 -1 1
247 78 -1 1
223 66 -1 1
223 80 -1 1
236 62 -1 1
190 73 -1 1
226 70 -1 1
172 81 -1 1
209 72 -1 1
202 88 -1 1
169 92 -1 1
172 72 -1 1
182 86 -1 1
230 85 -1 1
237 71 -1 1
232 71 -1 1
202 63 -1 1
215 78 -1 1
243 68 -1 1
209 83 -1 1
192 101 -1 1
251 67 -1 1
250 69 -1 1
240 82 -1 1
189 101 -1 1
185 73 -1 1
185 88 -1 1
225 76 -1 1
247 70 -1 1
201 90 -1 1
179 93 -1 1
186 84 -1 1
201 98 -1 1
204 69 -1 1
234 83 -1 1
199 67 -1 1
218 85 -1 1
174 88 -1 1
207 68 -1 1
236 69 -1 1
197 80 -1 1
180 69 -1 1
218 65 -1 1
186 95 -1 1
182 68 -1 1
225 64 -1 1
188 72 -1 1
218 67 -1 1
219 66 -1 1
167 96 -1 1
188 100 -1 1
206 79 -1 1
219 72 -1 1
167 88 -1 1
231 67 -1 1
237 72 -1 1
190 69 -1 1
247 67 -1 1
247 68 -1 1
171 79 -1 1
197 91 -1 1
198 65 -1 1
173 76 -1 1
208 68 -1 1
199 80 -1 1
227 86 -1 1
181 89 -1 1
237 78 -1 1
239 78 -1 1
229 87 -1 1
200 87 -1 1
209 89 -1 1
166 88 -1 1
233 77 -1 1
203 77 -1 1
172 85 -1 1
178 86 -1 1
210 64 -1 1
187 66 -1 1
219 76 -1 1
203 91 -1 1
184 74 -1 1
218 74 -1 1
215 84 -1 1
236 64 -1 1
203 62 -1 1
185 79 -1 1
241 67 -1 1
186 97 -1 1
212 76 -1 1
246 73 -1 1
190 85 -1 1
176 84 -1 1
240 63 -1 1
167 85 -1 1
216 87 -1 1
226 82 -1 1
196 85 -1 1
182 95 -1 1
199 63 -1 1
220 77 -1 1
189 72 -1 1
193 89 -1 1
210 91 -1 1
190 97 -1 1
165 79 -1 1
201 96 -1 1
191 65 -1 1
227 67 -1 1
232 60 -1 1
224 76 -1 1
205 69 -1 1
200 62 -1 1
201 66 -1 1
218 76 -1 1
193 74 -1 1
210 68 -1 1
247 72 -1 1
208 97 -1 1
240 77 -1 1
220 62 -1 1
197 96 -1 1
246 70 -1 1
176 88 -1 1
231 62 -1 1
214 83 -1 1
167 86 -1 1
215 83 -1 1
197 79 -1 1
206 76 -1 1
216 90 -1 1
166 84 -1 1
185 97 -1 1
234 85 -1 1
235 80 -1 1
237 81 -1 1
177 78 -1 1
195 95 -1 1
213 86 -1 1
186 74 -1 1
195 85 -1 1
224 77 -1 1
182 82 -1 1
176 76 -1 1
210 96 -1 1
174 73 -1 1
170 82 -1 1
235 61 -1 1
184 88 -1 1
163 82 -1 1
229 65 -1 1
165 86 -1 1
175 88 -1 1
189 77 -1 1
176 82 -1 1
183 78 -1 1
226 80 -1 1
189 76 -1 1
215 86 -1 1
227 65 -1 1
170 74 -1 1
231 79 -1 1
196 101 -1 1
241 77 -1 1
183 99 -1 1
189 92 -1 1
204 65 -1 1
179 84 -1 1
187 83 -1 1
167 77 -1 1
244 76 -1 1
171 96 -1 1
207 74 -1 1
224 79 -1 1
175 82 -1 1
203 65 -1 1
202 97 -1 1
192 89 -1 1
188 90 -1 1
205 73 -1 1
188 88 -1 1
236 66 -1 1
201 65 -1 1
250 72 -1 1
193 68 -1 1
208 84 -1 1
196 75 -1 1
243 64 -1 1
196 74 -1 1
236 87 -1 1
181 101 -1 1
179 86 -1 1
224 85 -1 1
222 89 -1 1
211 73 -1 1
179 100 -1 1
202 74 -1 1
171 75 -1 1
199 82 -1 1
186 75 -1 1
187 72 -1 1
190 70 -1 1
221 92 -1 1
164 89 -1 1
235 66 -1 1
198 101 -1 1
240 83 -1 1
168 88 -1 1
191 86 -1 1
232 68 -1 1
231 88 -1 1
169 79 -1 1
198 94 -1 1
220 68 -1 1
198 98 -1 1
190 89 -1 1
192 84 -1 1
201 73 -1 1
221 83 -1 1
173 84 -1 1
190 93 -1 1
215 80 -1 1
183 81 -1 1
211 93 -1 1
223 84 -1 1
190 79 -1 1
191 73 -1 1
216 91 -1 1
206 65 -1 1
201 80 -1 1
228 77 -1 1
187 89 -1 1
182 89 -1 1
195 77 -1 1
229 74 -1 1
228 84 -1 1
170 87 -1 1
205 83 -1 1
245 77 -1 1
167 89 -1 1
197 67 -1 1
224 70 -1 1
211 90 -1 1
225 71 -1 1
235 78 -1 1
232 75 -1 1
221 93 -1 1
211 82 -1 1
179 74 -1 1
186 66 -1 1
230 76 -1 1
170 89 -1 1
181 72 -1 1
185 99 -1 1
243 71 -1 1
189 98 -1 1
205 75 -1 1
210 77 -1 1
169 93 -1 1
191 90 -1 1
212 95 -1 1
242 74 -1 1
181 70 -1 1
197 89 -1 1
182 76 -1 1
231 86 -1 1
171 86 -1 1
173 97 -1 1
242 77 -1 1
208 82 -1 1
235 76 -1 1
166 85 -1 1
