4800 400 400
305 365 -1 0
109 123 -1 0
280 246 -1 0
363 63 -1 0
83 394 -1 0
261 377 -1 0
92 17 -1 0
301 153 -1 0
44 347 -1 0
65 214 -1 0
375 50 -1 0
133 92 -1 0
37 326 -1 0
89 134 -1 0
90 211 -1 0
281 180 -1 0
0 0 -1 0
260 206 -1 0
289 121 -1 0
237 207 -1 0
188 317 -1 0
232 4 -1 0
385 128 -1 0
327 154 -1 0
385 52 -1 0
15 308 -1 0
213 64 -1 0
259 235 -1 0
111 355 -1 0
133 373 -1 0
16 13 -1 0
36 6 -1 0
338 213 -1 0
171 274 -1 0
76 209 -1 0
190 255 -1 0
24 247 -1 0
172 248 -1 0
62 218 -1 0
220 252 -1 0
104 94 -1 0
270 325 -1 0
161 369 -1 0
325 352 -1 0
125 18 -1 0
345 356 -1 0
31 375 -1 0
327 55 -1 0
289 179 -1 0
167 356 -1 0
116 109 -1 0
270 250 -1 0
167 304 -1 0
349 149 -1 0
381 317 -1 0
179 227 -1 0
303 165 -1 0
135 60 -1 0
349 140 -1 0
214 79 -1 0
396 386 -1 0
8 222 -1 0
146 357 -1 0
325 83 -1 0
301 7 -1 0
366 53 -1 0
272 145 -1 0
208 328 -1 0
36 122 -1 0
19 86 -1 0
313 278 -1 0
309 35 -1 0
383 93 -1 0
66 44 -1 0
261 341 -1 0
159 174 -1 0
233 271 -1 0
96 190 -1 0
310 344 -1 0
277 256 -1 0
332 307 -1 0
23 216 -1 0
306 20 -1 0
275 365 -1 0
342 262 -1 0
363 366 -1 0
258 240 -1 0
287 19 -1 0
280 331 -1 0
315 102 -1 0
26 284 -1 0
320 325 -1 0
44 203 -1 0
271 370 -1 0
360 304 -1 0
307 271 -1 0
68 251 -1 0
211 12 -1 0
69 73 -1 0
231 203 -1 0
47 270 -1 0
94 322 -1 0
134 295 -1 0
122 78 -1 0
310 256 -1 0
171 223 -1 0
345 385 -1 0
117 212 -1 0
51 259 -1 0
0 346 -1 0
313 363 -1 0
265 360 -1 0
243 376 -1 0
336 18 -1 0
77 71 -1 0
163 167 -1 0
88 69 -1 0
366 373 -1 0
211 352 -1 0
123 244 -1 0
301 360 -1 0
395 40 -1 0
121 231 -1 0
34 316 -1 0
243 315 -1 0
368 304 -1 0
220 328 -1 0
26 158 -1 0
237 335 -1 0
366 320 -1 0
286 13 -1 0
320 133 -1 0
216 83 -1 0
46 39 -1 0
254 368 -1 0
346 86 -1 0
320 383 -1 0
20 206 -1 0
68 157 -1 0
175 368 -1 0
21 359 -1 0
345 152 -1 0
164 59 -1 0
161 71 -1 0
393 393 -1 0
360 52 -1 0
303 308 -1 0
254 18 -1 0
104 129 -1 0
5 150 -1 0
382 97 -1 0
187 211 -1 0
390 150 -1 0
311 286 -1 0
102 13 -1 0
346 338 -1 0
381 328 -1 0
113 184 -1 0
79 288 -1 0
372 133 -1 0
133 111 -1 0
389 237 -1 0
262 374 -1 0
300 238 -1 0
105 156 -1 0
129 325 -1 0
383 351 -1 0
304 290 -1 0
219 5 -1 0
15 82 -1 0
163 67 -1 0
130 238 -1 0
2 166 -1 0
180 33 -1 0
333 129 -1 0
175 270 -1 0
192 224 -1 0
79 342 -1 0
192 380 -1 0
133 214 -1 0
358 389 -1 0
47 101 -1 0
281 38 -1 0
177 37 -1 0
382 306 -1 0
199 243 -1 0
120 9 -1 0
34 218 -1 0
199 369 -1 0
149 250 -1 0
269 314 -1 0
244 311 -1 0
172 106 -1 0
236 256 -1 0
11 70 -1 0
282 285 -1 0
60 249 -1 0
176 262 -1 0
295 137 -1 0
298 235 -1 0
110 299 -1 0
372 234 -1 0
373 333 -1 0
234 168 -1 0
233 197 -1 0
64 18 -1 0
200 21 -1 0
287 230 -1 0
146 329 -1 0
136 197 -1 0
277 133 -1 0
332 218 -1 0
383 274 -1 0
363 74 -1 0
147 2 -1 0
143 59 -1 0
270 203 -1 0
172 388 -1 0
132 156 -1 0
15 299 -1 0
294 267 -1 0
391 180 -1 0
368 171 -1 0
31 265 -1 0
209 70 -1 0
21 399 -1 0
365 21 -1 0
157 373 -1 0
203 70 -1 0
110 277 -1 0
139 360 -1 0
45 125 -1 0
221 192 -1 0
164 390 -1 0
259 344 -1 0
35 285 -1 0
347 394 -1 0
300 325 -1 0
354 21 -1 0
212 299 -1 0
7 97 -1 0
399 252 -1 0
135 332 -1 0
116 275 -1 0
230 20 -1 0
160 25 -1 0
101 39 -1 0
332 287 -1 0
398 362 -1 0
183 352 -1 0
286 56 -1 0
353 35 -1 0
142 329 -1 0
203 302 -1 0
103 297 -1 0
116 73 -1 0
154 36 -1 0
338 45 -1 0
264 301 -1 0
10 364 -1 0
58 334 -1 0
377 24 -1 0
285 50 -1 0
213 214 -1 0
316 380 -1 0
252 87 -1 0
290 161 -1 0
288 39 -1 0
122 139 -1 0
215 199 -1 0
77 359 -1 0
68 218 -1 0
364 72 -1 0
220 173 -1 0
38 204 -1 0
12 380 -1 0
244 355 -1 0
266 271 -1 0
363 218 -1 0
100 364 -1 0
391 216 -1 0
59 129 -1 0
121 342 -1 0
90 112 -1 0
197 295 -1 0
7 225 -1 0
93 214 -1 0
222 91 -1 0
145 75 -1 0
222 317 -1 0
318 161 -1 0
275 349 -1 0
173 192 -1 0
19 298 -1 0
137 275 -1 0
227 312 -1 0
396 81 -1 0
23 240 -1 0
304 245 -1 0
323 224 -1 0
83 162 -1 0
356 45 -1 0
325 205 -1 0
68 70 -1 0
10 165 -1 0
160 95 -1 0
332 378 -1 0
111 386 -1 0
396 72 -1 0
244 239 -1 0
308 116 -1 0
19 4 -1 0
8 227 -1 0
89 145 -1 0
353 331 -1 0
81 299 -1 0
306 136 -1 0
196 238 -1 0
394 399 -1 0
245 26 -1 0
199 39 -1 0
99 296 -1 0
107 132 -1 0
248 16 -1 0
332 99 -1 0
327 384 -1 0
262 65 -1 0
205 301 -1 0
124 111 -1 0
200 17 -1 0
18 42 -1 0
76 3 -1 0
227 230 -1 0
312 55 -1 0
379 180 -1 0
393 87 -1 0
95 36 -1 0
68 333 -1 0
168 377 -1 0
81 276 -1 0
246 186 -1 0
222 49 -1 0
375 231 -1 0
91 242 -1 0
208 78 -1 0
95 342 -1 0
340 317 -1 0
216 55 -1 0
30 15 -1 0
279 148 -1 0
229 339 -1 0
370 92 -1 0
347 302 -1 0
116 116 -1 0
42 277 -1 0
326 127 -1 0
293 177 -1 0
170 190 -1 0
42 98 -1 0
146 212 -1 0
84 140 -1 0
110 149 -1 0
286 22 -1 0
104 174 -1 0
298 325 -1 0
220 97 -1 0
376 301 -1 0
19 273 -1 0
210 359 -1 0
257 265 -1 0
222 41 -1 0
227 347 -1 0
160 36 -1 0
63 196 -1 0
23 109 -1 0
69 19 -1 0
284 399 -1 0
388 326 -1 0
72 231 -1 0
249 55 -1 0
107 167 -1 0
265 385 -1 0
275 348 -1 0
278 204 -1 0
152 10 -1 0
136 200 -1 0
262 347 -1 0
382 313 -1 0
163 106 -1 0
51 177 -1 0
293 303 -1 0
139 222 -1 0
187 193 -1 0
387 86 -1 0
215 291 -1 0
201 335 -1 0
314 220 -1 0
343 20 -1 0
144 348 -1 0
321 8 -1 0
31 114 -1 0
381 32 -1 0
369 27 -1 0
325 328 -1 0
154 281 -1 0
331 338 -1 0
97 386 -1 0
242 24 -1 0
229 0 -1 0
159 287 -1 0
381 2 -1 0
378 107 -1 0
371 395 -1 0
375 288 -1 0
310 210 -1 0
248 25 -1 0
273 277 -1 0
48 63 -1 0
314 126 -1 0
249 25 -1 0
143 261 -1 0
242 229 -1 0
41 225 -1 0
32 151 -1 0
287 327 -1 0
392 340 -1 0
8 78 -1 0
334 274 -1 0
211 35 -1 0
387 177 -1 0
392 291 -1 0
145 51 -1 0
78 117 -1 0
250 325 -1 0
40 120 -1 0
2 155 -1 0
205 57 -1 0
133 234 -1 0
252 327 -1 0
311 203 -1 0
22 175 -1 0
327 231 -1 0
139 49 -1 0
174 73 -1 0
135 45 -1 0
182 77 -1 0
84 130 -1 0
276 384 -1 0
311 165 -1 0
155 97 -1 0
97 110 -1 0
303 29 -1 0
269 295 -1 0
137 168 -1 0
340 9 -1 0
331 24 -1 0
181 372 -1 0
32 12 -1 0
228 331 -1 0
385 359 -1 0
140 247 -1 0
69 203 -1 0
342 324 -1 0
121 399 -1 0
205 37 -1 0
281 64 -1 0
394 101 -1 0
307 107 -1 0
329 54 -1 0
316 141 -1 0
304 301 -1 0
397 66 -1 0
47 1 -1 0
77 159 -1 0
44 163 -1 0
77 29 -1 0
258 325 -1 0
37 388 -1 0
95 248 -1 0
70 352 -1 0
366 253 -1 0
388 240 -1 0
75 110 -1 0
19 179 -1 0
357 226 -1 0
251 212 -1 0
326 310 -1 0
306 126 -1 0
103 34 -1 0
361 180 -1 0
257 342 -1 0
164 199 -1 0
11 89 -1 0
29 194 -1 0
82 78 -1 0
280 299 -1 0
140 120 -1 0
14 371 -1 0
239 385 -1 0
277 289 -1 0
208 373 -1 0
320 1 -1 0
227 352 -1 0
4 16 -1 0
359 247 -1 0
131 289 -1 0
1 27 -1 0
262 14 -1 0
236 276 -1 0
110 113 -1 0
41 244 -1 0
302 117 -1 0
240 79 -1 0
240 245 -1 0
314 236 -1 0
328 281 -1 0
69 61 -1 0
274 379 -1 0
390 71 -1 0
17 110 -1 0
68 102 -1 0
38 74 -1 0
352 30 -1 0
245 302 -1 0
1 283 -1 0
215 348 -1 0
283 202 -1 0
283 34 -1 0
287 275 -1 0
317 75 -1 0
287 118 -1 0
85 280 -1 0
200 280 -1 0
294 134 -1 0
353 351 -1 0
306 69 -1 0
245 7 -1 0
21 175 -1 0
132 200 -1 0
275 259 -1 0
230 297 -1 0
122 338 -1 0
307 57 -1 0
87 80 -1 0
66 282 -1 0
198 225 -1 0
294 36 -1 0
205 13 -1 0
256 16 -1 0
221 341 -1 0
328 213 -1 0
276 331 -1 0
143 238 -1 0
37 299 -1 0
294 184 -1 0
150 246 -1 0
364 362 -1 0
200 252 -1 0
35 241 -1 0
275 341 -1 0
240 328 -1 0
223 287 -1 0
15 30 -1 0
209 207 -1 0
23 11 -1 0
394 297 -1 0
187 280 -1 0
380 46 -1 0
74 11 -1 0
275 227 -1 0
322 183 -1 0
168 34 -1 0
397 6 -1 0
98 189 -1 0
65 316 -1 0
104 385 -1 0
10 219 -1 0
108 278 -1 0
250 386 -1 0
156 178 -1 0
387 282 -1 0
314 21 -1 0
282 141 -1 0
263 313 -1 0
202 357 -1 0
299 356 -1 0
241 45 -1 0
344 212 -1 0
271 113 -1 0
274 377 -1 0
227 98 -1 0
73 237 -1 0
383 108 -1 0
100 156 -1 0
98 6 -1 0
235 305 -1 0
130 389 -1 0
119 217 -1 0
100 276 -1 0
49 138 -1 0
286 90 -1 0
73 161 -1 0
294 129 -1 0
333 251 -1 0
274 117 -1 0
73 97 -1 0
343 395 -1 0
34 73 -1 0
324 69 -1 0
30 160 -1 0
325 265 -1 0
184 94 -1 0
335 220 -1 0
0 151 -1 0
75 193 -1 0
199 22 -1 0
128 329 -1 0
109 112 -1 0
257 192 -1 0
216 218 -1 0
333 341 -1 0
323 150 -1 0
223 367 -1 0
104 124 -1 0
339 334 -1 0
258 50 -1 0
146 200 -1 0
159 344 -1 0
51 168 -1 0
396 296 -1 0
11 349 -1 0
287 371 -1 0
308 315 -1 0
358 34 -1 0
249 184 -1 0
185 262 -1 0
234 237 -1 0
328 134 -1 0
24 38 -1 0
331 261 -1 0
95 43 -1 0
153 14 -1 0
229 238 -1 0
370 24 -1 0
202 246 -1 0
388 280 -1 0
191 196 -1 0
8 94 -1 0
9 338 -1 0
261 352 -1 0
294 223 -1 0
216 70 -1 0
359 117 -1 0
267 173 -1 0
369 292 -1 0
56 187 -1 0
260 272 -1 0
287 143 -1 0
324 127 -1 0
145 121 -1 0
315 137 -1 0
365 370 -1 0
106 262 -1 0
115 364 -1 0
64 236 -1 0
130 42 -1 0
260 352 -1 0
231 32 -1 0
31 361 -1 0
240 361 -1 0
147 305 -1 0
107 198 -1 0
191 95 -1 0
45 343 -1 0
114 121 -1 0
96 188 -1 0
330 302 -1 0
143 390 -1 0
25 287 -1 0
266 38 -1 0
342 283 -1 0
10 58 -1 0
22 194 -1 0
214 183 -1 0
192 201 -1 0
315 285 -1 0
326 131 -1 0
147 237 -1 0
311 44 -1 0
39 126 -1 0
309 96 -1 0
19 69 -1 0
27 96 -1 0
159 351 -1 0
398 96 -1 0
46 367 -1 0
56 167 -1 0
26 44 -1 0
284 156 -1 0
136 265 -1 0
368 25 -1 0
2 96 -1 0
145 111 -1 0
158 209 -1 0
53 208 -1 0
29 25 -1 0
219 4 -1 0
63 322 -1 0
30 67 -1 0
78 241 -1 0
313 133 -1 0
341 21 -1 0
253 96 -1 0
378 286 -1 0
362 158 -1 0
232 228 -1 0
297 142 -1 0
309 42 -1 0
115 368 -1 0
162 364 -1 0
261 61 -1 0
334 97 -1 0
274 122 -1 0
52 236 -1 0
309 115 -1 0
23 323 -1 0
80 84 -1 0
50 63 -1 0
219 226 -1 0
284 214 -1 0
124 363 -1 0
310 52 -1 0
262 61 -1 0
188 330 -1 0
383 233 -1 0
221 378 -1 0
284 203 -1 0
256 310 -1 0
326 2 -1 0
149 379 -1 0
336 267 -1 0
139 95 -1 0
250 377 -1 0
83 325 -1 0
282 198 -1 0
296 172 -1 0
371 223 -1 0
137 229 -1 0
65 245 -1 0
386 141 -1 0
1 304 -1 0
153 56 -1 0
184 18 -1 0
363 205 -1 0
61 154 -1 0
240 95 -1 0
371 192 -1 0
145 174 -1 0
120 19 -1 0
341 205 -1 0
87 294 -1 0
324 128 -1 0
152 300 -1 0
170 177 -1 0
295 359 -1 0
77 351 -1 0
28 339 -1 0
170 100 -1 0
305 68 -1 0
351 345 -1 0
373 17 -1 0
45 177 -1 0
54 335 -1 0
354 163 -1 0
394 379 -1 0
210 98 -1 0
19 191 -1 0
282 185 -1 0
40 264 -1 0
309 15 -1 0
256 335 -1 0
25 173 -1 0
340 382 -1 0
318 102 -1 0
224 298 -1 0
146 36 -1 0
364 139 -1 0
215 337 -1 0
68 212 -1 0
2 243 -1 0
369 397 -1 0
53 316 -1 0
335 293 -1 0
139 305 -1 0
268 267 -1 0
279 12 -1 0
229 49 -1 0
6 263 -1 0
17 103 -1 0
262 34 -1 0
194 13 -1 0
131 305 -1 0
289 184 -1 0
252 388 -1 0
264 363 -1 0
21 35 -1 0
124 202 -1 0
191 364 -1 0
116 25 -1 0
117 118 -1 0
84 303 -1 0
336 318 -1 0
243 284 -1 0
351 393 -1 0
109 45 -1 0
238 180 -1 0
43 63 -1 0
385 351 -1 0
65 197 -1 0
372 332 -1 0
295 291 -1 0
154 303 -1 0
108 25 -1 0
320 306 -1 0
154 12 -1 0
296 121 -1 0
13 366 -1 0
333 216 -1 0
27 316 -1 0
230 206 -1 0
276 16 -1 0
107 364 -1 0
306 141 -1 0
167 387 -1 0
397 241 -1 0
5 398 -1 0
387 109 -1 0
46 75 -1 0
390 83 -1 0
147 9 -1 0
311 243 -1 0
139 33 -1 0
95 128 -1 0
368 128 -1 0
125 136 -1 0
397 134 -1 0
205 383 -1 0
10 160 -1 0
252 174 -1 0
281 156 -1 0
134 358 -1 0
285 71 -1 0
240 101 -1 0
109 104 -1 0
76 142 -1 0
78 12 -1 0
266 325 -1 0
383 101 -1 0
38 133 -1 0
120 89 -1 0
196 301 -1 0
95 40 -1 0
152 370 -1 0
282 14 -1 0
83 96 -1 0
139 98 -1 0
54 244 -1 0
12 364 -1 0
121 27 -1 0
100 5 -1 0
341 139 -1 0
386 395 -1 0
99 186 -1 0
55 66 -1 0
347 309 -1 0
170 217 -1 0
14 326 -1 0
77 212 -1 0
218 41 -1 0
217 60 -1 0
7 215 -1 0
116 136 -1 0
341 200 -1 0
114 388 -1 0
360 273 -1 0
193 284 -1 0
320 173 -1 0
115 283 -1 0
60 56 -1 0
276 244 -1 0
55 84 -1 0
209 367 -1 0
87 356 -1 0
83 319 -1 0
162 112 -1 0
245 48 -1 0
344 137 -1 0
226 397 -1 0
177 271 -1 0
265 88 -1 0
142 373 -1 0
32 46 -1 0
387 224 -1 0
37 203 -1 0
41 229 -1 0
197 14 -1 0
319 294 -1 0
20 137 -1 0
313 178 -1 0
350 353 -1 0
240 15 -1 0
204 79 -1 0
337 98 -1 0
347 231 -1 0
101 399 -1 0
95 336 -1 0
227 37 -1 0
72 147 -1 0
18 262 -1 0
266 192 -1 0
135 190 -1 0
290 285 -1 0
390 115 -1 0
263 140 -1 0
316 167 -1 0
390 143 -1 0
219 207 -1 0
392 97 -1 0
140 153 -1 0
57 270 -1 0
288 207 -1 0
172 67 -1 0
54 191 -1 0
36 272 -1 0
344 284 -1 0
179 74 -1 0
237 228 -1 0
285 163 -1 0
382 168 -1 0
222 11 -1 0
117 74 -1 0
382 114 -1 0
21 282 -1 0
142 69 -1 0
135 84 -1 0
153 382 -1 0
136 358 -1 0
233 216 -1 0
320 129 -1 0
291 162 -1 0
19 340 -1 0
150 337 -1 0
398 172 -1 0
157 104 -1 0
377 47 -1 0
367 185 -1 0
299 60 -1 0
358 338 -1 0
98 289 -1 0
344 206 -1 0
339 346 -1 0
110 96 -1 0
187 381 -1 0
169 380 -1 0
14 392 -1 0
30 206 -1 0
343 290 -1 0
68 365 -1 0
47 3 -1 0
313 176 -1 0
384 222 -1 0
295 33 -1 0
23 17 -1 0
280 206 -1 0
240 312 -1 0
352 98 -1 0
119 394 -1 0
355 370 -1 0
106 289 -1 0
96 19 -1 0
74 77 -1 0
281 48 -1 0
370 6 -1 0
341 195 -1 0
371 109 -1 0
19 383 -1 0
115 56 -1 0
276 197 -1 0
68 1 -1 0
115 395 -1 0
336 209 -1 0
276 332 -1 0
113 38 -1 0
217 187 -1 0
383 28 -1 0
15 6 -1 0
286 70 -1 0
259 386 -1 0
72 34 -1 0
314 133 -1 0
201 314 -1 0
239 54 -1 0
272 218 -1 0
283 222 -1 0
128 376 -1 0
296 184 -1 0
56 150 -1 0
302 15 -1 0
184 293 -1 0
82 384 -1 0
396 384 -1 0
368 364 -1 0
114 100 -1 0
194 254 -1 0
346 205 -1 0
95 312 -1 0
234 305 -1 0
387 106 -1 0
214 355 -1 0
169 303 -1 0
382 91 -1 0
388 242 -1 0
331 383 -1 0
114 8 -1 0
77 127 -1 0
352 369 -1 0
215 329 -1 0
200 310 -1 0
61 36 -1 0
128 37 -1 0
334 293 -1 0
386 175 -1 0
42 337 -1 0
117 138 -1 0
288 300 -1 0
359 210 -1 0
219 254 -1 0
49 8 -1 0
374 53 -1 0
29 240 -1 0
158 76 -1 0
241 216 -1 0
149 334 -1 0
117 156 -1 0
72 2 -1 0
305 320 -1 0
328 303 -1 0
363 164 -1 0
351 126 -1 0
44 189 -1 0
129 133 -1 0
164 92 -1 0
206 187 -1 0
51 5 -1 0
11 173 -1 0
178 40 -1 0
384 301 -1 0
248 261 -1 0
283 129 -1 0
64 154 -1 0
138 117 -1 0
349 247 -1 0
122 274 -1 0
370 11 -1 0
262 177 -1 0
278 104 -1 0
30 100 -1 0
179 213 -1 0
334 220 -1 0
171 173 -1 0
17 276 -1 0
151 183 -1 0
64 78 -1 0
13 52 -1 0
184 188 -1 0
351 107 -1 0
31 221 -1 0
253 17 -1 0
159 49 -1 0
52 275 -1 0
257 69 -1 0
336 56 -1 0
337 100 -1 0
291 52 -1 0
31 106 -1 0
132 201 -1 0
346 275 -1 0
277 348 -1 0
395 142 -1 0
58 43 -1 0
246 70 -1 0
190 261 -1 0
240 93 -1 0
391 373 -1 0
154 317 -1 0
152 185 -1 0
54 13 -1 0
377 332 -1 0
136 123 -1 0
327 212 -1 0
181 291 -1 0
22 334 -1 0
204 9 -1 0
34 133 -1 0
249 209 -1 0
58 107 -1 0
87 52 -1 0
336 299 -1 0
43 300 -1 0
65 196 -1 0
307 173 -1 0
210 26 -1 0
286 119 -1 0
327 135 -1 0
213 338 -1 0
90 270 -1 0
2 269 -1 0
366 32 -1 0
32 187 -1 0
30 56 -1 0
51 221 -1 0
332 386 -1 0
399 258 -1 0
86 277 -1 0
154 35 -1 0
13 96 -1 0
84 46 -1 0
105 364 -1 0
396 196 -1 0
228 249 -1 0
334 238 -1 0
2 90 -1 0
252 311 -1 0
146 336 -1 0
162 74 -1 0
327 156 -1 0
295 263 -1 0
118 339 -1 0
323 371 -1 0
63 80 -1 0
184 36 -1 0
239 292 -1 0
95 213 -1 0
88 370 -1 0
32 240 -1 0
387 191 -1 0
159 290 -1 0
310 81 -1 0
32 156 -1 0
41 65 -1 0
181 380 -1 0
342 151 -1 0
276 8 -1 0
95 292 -1 0
231 48 -1 0
105 380 -1 0
312 364 -1 0
328 120 -1 0
263 395 -1 0
33 209 -1 0
153 288 -1 0
67 195 -1 0
122 214 -1 0
163 335 -1 0
126 68 -1 0
6 291 -1 0
399 280 -1 0
376 27 -1 0
90 283 -1 0
297 294 -1 0
10 266 -1 0
82 57 -1 0
38 206 -1 0
79 232 -1 0
362 256 -1 0
247 174 -1 0
146 198 -1 0
73 248 -1 0
273 368 -1 0
339 247 -1 0
203 22 -1 0
299 335 -1 0
339 24 -1 0
45 29 -1 0
95 313 -1 0
80 224 -1 0
125 71 -1 0
323 380 -1 0
263 86 -1 0
268 356 -1 0
35 73 -1 0
251 380 -1 0
260 285 -1 0
179 303 -1 0
177 344 -1 0
195 4 -1 0
368 208 -1 0
334 373 -1 0
122 212 -1 0
317 363 -1 0
98 116 -1 0
261 6 -1 0
247 217 -1 0
208 365 -1 0
373 245 -1 0
184 394 -1 0
180 392 -1 0
33 364 -1 0
240 230 -1 0
142 326 -1 0
19 52 -1 0
329 65 -1 0
0 31 -1 0
167 173 -1 0
197 60 -1 0
274 188 -1 0
200 233 -1 0
124 83 -1 0
326 391 -1 0
342 15 -1 0
168 66 -1 0
200 91 -1 0
43 278 -1 0
12 244 -1 0
212 250 -1 0
78 196 -1 0
163 341 -1 0
122 38 -1 0
33 17 -1 0
158 284 -1 0
230 82 -1 0
89 321 -1 0
291 213 -1 0
241 308 -1 0
282 393 -1 0
263 246 -1 0
116 92 -1 0
73 259 -1 0
324 221 -1 0
342 182 -1 0
391 127 -1 0
348 6 -1 0
127 146 -1 0
124 284 -1 0
333 198 -1 0
329 142 -1 0
25 39 -1 0
51 17 -1 0
265 292 -1 0
254 83 -1 0
54 295 -1 0
350 146 -1 0
307 306 -1 0
21 197 -1 0
171 362 -1 0
309 114 -1 0
292 227 -1 0
132 203 -1 0
362 343 -1 0
175 374 -1 0
350 376 -1 0
242 242 -1 0
91 73 -1 0
137 289 -1 0
216 52 -1 0
73 265 -1 0
182 320 -1 0
234 75 -1 0
268 353 -1 0
369 55 -1 0
113 273 -1 0
3 224 -1 0
132 134 -1 0
46 356 -1 0
239 240 -1 0
229 66 -1 0
207 223 -1 0
42 4 -1 0
12 47 -1 0
33 352 -1 0
329 252 -1 0
171 318 -1 0
254 187 -1 0
305 26 -1 0
86 159 -1 0
110 184 -1 0
307 270 -1 0
384 184 -1 0
129 85 -1 0
123 245 -1 0
258 212 -1 0
372 57 -1 0
100 38 -1 0
246 335 -1 0
115 8 -1 0
39 8 -1 0
143 319 -1 0
24 236 -1 0
135 363 -1 0
192 20 -1 0
306 3 -1 0
85 24 -1 0
162 275 -1 0
328 102 -1 0
266 351 -1 0
286 263 -1 0
66 95 -1 0
396 65 -1 0
304 41 -1 0
34 123 -1 0
45 383 -1 0
355 7 -1 0
374 65 -1 0
296 225 -1 0
129 386 -1 0
124 302 -1 0
32 39 -1 0
384 84 -1 0
1 21 -1 0
236 185 -1 0
242 386 -1 0
127 336 -1 0
283 217 -1 0
145 70 -1 0
224 179 -1 0
175 47 -1 0
360 215 -1 0
396 130 -1 0
128 177 -1 0
286 132 -1 0
154 320 -1 0
220 298 -1 0
90 272 -1 0
171 171 -1 0
12 173 -1 0
242 256 -1 0
348 233 -1 0
278 207 -1 0
13 65 -1 0
124 228 -1 0
20 30 -1 0
112 223 -1 0
280 256 -1 0
290 125 -1 0
30 14 -1 0
145 100 -1 0
163 377 -1 0
382 316 -1 0
71 236 -1 0
43 357 -1 0
15 362 -1 0
221 386 -1 0
252 186 -1 0
308 386 -1 0
37 90 -1 0
87 183 -1 0
109 369 -1 0
82 116 -1 0
344 83 -1 0
322 329 -1 0
155 268 -1 0
127 216 -1 0
272 157 -1 0
13 76 -1 0
133 126 -1 0
60 367 -1 0
371 168 -1 0
376 339 -1 0
154 288 -1 0
215 257 -1 0
316 136 -1 0
268 215 -1 0
315 40 -1 0
223 388 -1 0
115 3 -1 0
309 389 -1 0
96 299 -1 0
178 236 -1 0
187 257 -1 0
21 98 -1 0
266 273 -1 0
165 93 -1 0
290 141 -1 0
84 108 -1 0
334 289 -1 0
214 83 -1 0
89 320 -1 0
313 391 -1 0
48 147 -1 0
67 336 -1 0
303 202 -1 0
97 301 -1 0
137 58 -1 0
316 205 -1 0
209 371 -1 0
38 357 -1 0
103 93 -1 0
22 86 -1 0
36 57 -1 0
233 302 -1 0
267 109 -1 0
396 172 -1 0
354 118 -1 0
215 258 -1 0
379 165 -1 0
301 128 -1 0
333 72 -1 0
390 252 -1 0
347 168 -1 0
176 62 -1 0
356 379 -1 0
118 370 -1 0
153 39 -1 0
224 57 -1 0
65 383 -1 0
340 231 -1 0
160 80 -1 0
397 11 -1 0
360 283 -1 0
341 292 -1 0
82 220 -1 0
82 306 -1 0
341 150 -1 0
143 180 -1 0
116 260 -1 0
84 0 -1 0
96 238 -1 0
206 35 -1 0
299 53 -1 0
137 395 -1 0
56 178 -1 0
197 67 -1 0
384 238 -1 0
128 187 -1 0
264 210 -1 0
94 378 -1 0
178 380 -1 0
378 193 -1 0
73 227 -1 0
139 203 -1 0
122 133 -1 0
52 363 -1 0
95 211 -1 0
362 198 -1 0
281 268 -1 0
253 211 -1 0
59 172 -1 0
325 26 -1 0
313 44 -1 0
168 294 -1 0
354 391 -1 0
340 243 -1 0
318 258 -1 0
193 216 -1 0
32 377 -1 0
294 202 -1 0
75 366 -1 0
205 365 -1 0
175 288 -1 0
190 250 -1 0
337 30 -1 0
199 205 -1 0
366 220 -1 0
223 195 -1 0
331 377 -1 0
399 302 -1 0
344 13 -1 0
359 222 -1 0
127 192 -1 0
352 328 -1 0
295 334 -1 0
192 88 -1 0
378 306 -1 0
190 296 -1 0
368 329 -1 0
312 183 -1 0
43 131 -1 0
399 82 -1 0
394 390 -1 0
146 32 -1 0
251 181 -1 0
347 171 -1 0
81 19 -1 0
393 185 -1 0
249 299 -1 0
259 27 -1 0
264 246 -1 0
394 273 -1 0
26 228 -1 0
25 271 -1 0
264 249 -1 0
32 278 -1 0
109 129 -1 0
169 50 -1 0
157 364 -1 0
384 251 -1 0
362 57 -1 0
12 247 -1 0
165 185 -1 0
135 251 -1 0
84 107 -1 0
45 226 -1 0
381 135 -1 0
335 109 -1 0
338 92 -1 0
220 231 -1 0
349 386 -1 0
97 112 -1 0
256 41 -1 0
339 358 -1 0
17 262 -1 0
154 276 -1 0
38 188 -1 0
160 394 -1 0
78 300 -1 0
329 118 -1 0
41 77 -1 0
326 304 -1 0
129 348 -1 0
10 29 -1 0
119 348 -1 0
377 338 -1 0
130 260 -1 0
136 275 -1 0
392 374 -1 0
391 130 -1 0
191 276 -1 0
241 333 -1 0
287 317 -1 0
393 91 -1 0
75 301 -1 0
130 57 -1 0
294 176 -1 0
137 97 -1 0
387 310 -1 0
252 316 -1 0
114 176 -1 0
148 63 -1 0
190 25 -1 0
326 193 -1 0
271 62 -1 0
239 398 -1 0
116 282 -1 0
102 186 -1 0
398 173 -1 0
139 285 -1 0
305 369 -1 0
67 214 -1 0
199 183 -1 0
246 257 -1 0
320 118 -1 0
251 348 -1 0
21 172 -1 0
320 254 -1 0
364 13 -1 0
158 308 -1 0
300 31 -1 0
353 235 -1 0
256 293 -1 0
54 328 -1 0
139 216 -1 0
199 49 -1 0
97 11 -1 0
263 27 -1 0
300 32 -1 0
345 388 -1 0
354 22 -1 0
252 26 -1 0
143 158 -1 0
343 44 -1 0
396 69 -1 0
245 33 -1 0
273 396 -1 0
38 79 -1 0
125 110 -1 0
68 63 -1 0
164 328 -1 0
31 132 -1 0
284 327 -1 0
211 363 -1 0
174 272 -1 0
173 356 -1 0
141 63 -1 0
152 382 -1 0
110 98 -1 0
270 52 -1 0
398 47 -1 0
127 235 -1 0
8 382 -1 0
328 141 -1 0
286 21 -1 0
164 322 -1 0
367 331 -1 0
368 350 -1 0
185 6 -1 0
113 75 -1 0
85 120 -1 0
172 258 -1 0
336 22 -1 0
47 187 -1 0
395 45 -1 0
23 197 -1 0
165 38 -1 0
314 217 -1 0
349 365 -1 0
51 297 -1 0
348 153 -1 0
249 256 -1 0
127 40 -1 0
176 284 -1 0
210 184 -1 0
112 377 -1 0
325 136 -1 0
62 10 -1 0
182 171 -1 0
82 86 -1 0
160 316 -1 0
317 91 -1 0
288 317 -1 0
133 310 -1 0
79 172 -1 0
276 217 -1 0
321 223 -1 0
269 80 -1 0
367 113 -1 0
44 350 -1 0
287 293 -1 0
377 297 -1 0
171 83 -1 0
394 342 -1 0
106 215 -1 0
101 96 -1 0
210 220 -1 0
125 299 -1 0
112 147 -1 0
4 19 -1 0
102 343 -1 0
139 372 -1 0
308 174 -1 0
324 166 -1 0
210 333 -1 0
217 11 -1 0
238 299 -1 0
180 342 -1 0
379 324 -1 0
28 141 -1 0
106 188 -1 0
252 20 -1 0
179 196 -1 0
156 204 -1 0
173 245 -1 0
309 229 -1 0
295 125 -1 0
92 285 -1 0
78 362 -1 0
108 82 -1 0
158 189 -1 0
54 9 -1 0
179 373 -1 0
87 329 -1 0
221 368 -1 0
48 395 -1 0
11 112 -1 0
320 245 -1 0
389 87 -1 0
354 134 -1 0
216 77 -1 0
13 307 -1 0
98 93 -1 0
296 115 -1 0
275 310 -1 0
160 349 -1 0
243 198 -1 0
180 385 -1 0
79 247 -1 0
372 159 -1 0
273 243 -1 0
252 313 -1 0
105 212 -1 0
62 107 -1 0
150 36 -1 0
174 346 -1 0
107 249 -1 0
129 173 -1 0
190 242 -1 0
25 35 -1 0
6 83 -1 0
388 387 -1 0
220 26 -1 0
136 196 -1 0
250 265 -1 0
300 257 -1 0
37 145 -1 0
63 143 -1 0
385 399 -1 0
31 387 -1 0
237 58 -1 0
116 362 -1 0
217 323 -1 0
8 289 -1 0
390 2 -1 0
114 378 -1 0
330 188 -1 0
185 316 -1 0
381 134 -1 0
190 70 -1 0
14 317 -1 0
295 214 -1 0
227 94 -1 0
256 272 -1 0
345 109 -1 0
212 294 -1 0
262 308 -1 0
94 92 -1 0
235 317 -1 0
229 360 -1 0
185 378 -1 0
149 313 -1 0
115 330 -1 0
75 166 -1 0
340 339 -1 0
8 237 -1 0
18 208 -1 0
39 208 -1 0
230 270 -1 0
81 207 -1 0
145 119 -1 0
43 89 -1 0
52 388 -1 0
23 44 -1 0
229 177 -1 0
15 109 -1 0
144 251 -1 0
147 299 -1 0
115 60 -1 0
391 325 -1 0
127 17 -1 0
265 297 -1 0
126 387 -1 0
399 396 -1 0
14 70 -1 0
397 346 -1 0
82 21 -1 0
69 184 -1 0
176 398 -1 0
219 291 -1 0
246 39 -1 0
51 370 -1 0
185 59 -1 0
69 311 -1 0
212 45 -1 0
389 47 -1 0
201 244 -1 0
150 303 -1 0
100 220 -1 0
253 250 -1 0
3 37 -1 0
32 398 -1 0
270 221 -1 0
228 343 -1 0
59 340 -1 0
359 18 -1 0
314 214 -1 0
55 85 -1 0
42 27 -1 0
185 336 -1 0
322 92 -1 0
178 337 -1 0
361 248 -1 0
112 362 -1 0
47 165 -1 0
354 78 -1 0
52 60 -1 0
397 311 -1 0
122 181 -1 0
108 258 -1 0
155 313 -1 0
226 60 -1 0
324 31 -1 0
53 13 -1 0
272 95 -1 0
62 168 -1 0
232 255 -1 0
344 335 -1 0
312 169 -1 0
15 84 -1 0
7 367 -1 0
150 169 -1 0
91 211 -1 0
81 372 -1 0
332 8 -1 0
203 50 -1 0
154 103 -1 0
111 95 -1 0
138 44 -1 0
329 102 -1 0
52 244 -1 0
203 99 -1 0
95 257 -1 0
182 319 -1 0
302 220 -1 0
277 358 -1 0
83 79 -1 0
389 316 -1 0
364 71 -1 0
362 109 -1 0
9 89 -1 0
280 192 -1 0
20 170 -1 0
138 69 -1 0
399 64 -1 0
11 75 -1 0
4 49 -1 0
141 194 -1 0
34 174 -1 0
232 36 -1 0
354 381 -1 0
192 301 -1 0
215 32 -1 0
88 292 -1 0
273 390 -1 0
394 91 -1 0
304 26 -1 0
253 364 -1 0
384 90 -1 0
1 170 -1 0
138 263 -1 0
109 173 -1 0
264 61 -1 0
383 386 -1 0
92 50 -1 0
199 277 -1 0
206 295 -1 0
194 259 -1 0
62 216 -1 0
255 341 -1 0
184 296 -1 0
227 198 -1 0
23 182 -1 0
246 172 -1 0
143 230 -1 0
58 73 -1 0
262 64 -1 0
262 70 -1 0
207 88 -1 0
32 154 -1 0
183 58 -1 0
292 298 -1 0
373 135 -1 0
146 166 -1 0
204 52 -1 0
127 33 -1 0
171 306 -1 0
106 322 -1 0
373 291 -1 0
147 213 -1 0
23 355 -1 0
333 77 -1 0
58 78 -1 0
184 14 -1 0
242 349 -1 0
75 391 -1 0
327 149 -1 0
373 232 -1 0
98 233 -1 0
244 1 -1 0
156 272 -1 0
295 79 -1 0
377 333 -1 0
289 331 -1 0
133 295 -1 0
343 157 -1 0
324 235 -1 0
20 308 -1 0
338 246 -1 0
212 309 -1 0
186 309 -1 0
279 94 -1 0
397 280 -1 0
25 181 -1 0
85 388 -1 0
43 180 -1 0
0 2 -1 0
12 99 -1 0
34 398 -1 0
74 380 -1 0
20 138 -1 0
327 103 -1 0
250 378 -1 0
20 88 -1 0
90 398 -1 0
15 324 -1 0
76 393 -1 0
341 272 -1 0
373 114 -1 0
168 52 -1 0
72 307 -1 0
14 361 -1 0
21 364 -1 0
33 99 -1 0
276 385 -1 0
51 323 -1 0
185 84 -1 0
271 65 -1 0
56 296 -1 0
336 71 -1 0
138 270 -1 0
93 274 -1 0
71 1 -1 0
172 331 -1 0
94 22 -1 0
365 169 -1 0
307 305 -1 0
221 374 -1 0
319 254 -1 0
276 21 -1 0
290 298 -1 0
27 73 -1 0
276 83 -1 0
226 63 -1 0
260 80 -1 0
109 113 -1 0
111 249 -1 0
286 227 -1 0
209 391 -1 0
125 139 -1 0
345 180 -1 0
264 370 -1 0
259 254 -1 0
72 246 -1 0
4 327 -1 0
147 100 -1 0
244 299 -1 0
151 169 -1 0
397 47 -1 0
331 122 -1 0
10 60 -1 0
149 352 -1 0
152 44 -1 0
6 346 -1 0
110 269 -1 0
266 391 -1 0
278 307 -1 0
254 336 -1 0
287 25 -1 0
44 316 -1 0
271 73 -1 0
125 84 -1 0
53 286 -1 0
273 40 -1 0
280 389 -1 0
180 332 -1 0
311 259 -1 0
378 225 -1 0
27 305 -1 0
376 231 -1 0
80 188 -1 0
292 171 -1 0
159 203 -1 0
116 204 -1 0
277 194 -1 0
354 197 -1 0
250 236 -1 0
367 5 -1 0
99 285 -1 0
155 30 -1 0
350 303 -1 0
320 191 -1 0
77 147 -1 0
230 315 -1 0
15 208 -1 0
181 359 -1 0
365 330 -1 0
163 352 -1 0
147 184 -1 0
381 248 -1 0
309 195 -1 0
102 393 -1 0
294 252 -1 0
382 343 -1 0
345 8 -1 0
1 260 -1 0
220 254 -1 0
270 205 -1 0
318 150 -1 0
199 367 -1 0
44 22 -1 0
6 305 -1 0
75 221 -1 0
155 88 -1 0
229 356 -1 0
20 153 -1 0
187 341 -1 0
349 116 -1 0
298 281 -1 0
220 183 -1 0
162 5 -1 0
10 49 -1 0
4 151 -1 0
131 102 -1 0
300 68 -1 0
277 122 -1 0
172 65 -1 0
314 300 -1 0
4 360 -1 0
97 90 -1 0
213 288 -1 0
40 165 -1 0
361 138 -1 0
121 194 -1 0
262 86 -1 0
24 66 -1 0
23 68 -1 0
123 148 -1 0
347 136 -1 0
74 90 -1 0
58 104 -1 0
230 326 -1 0
313 183 -1 0
42 187 -1 0
81 77 -1 0
211 324 -1 0
334 40 -1 0
161 299 -1 0
25 237 -1 0
90 312 -1 0
1 90 -1 0
173 199 -1 0
235 177 -1 0
79 26 -1 0
334 55 -1 0
129 283 -1 0
348 329 -1 0
134 225 -1 0
38 284 -1 0
273 47 -1 0
58 160 -1 0
305 119 -1 0
20 93 -1 0
290 102 -1 0
304 163 -1 0
93 55 -1 0
300 319 -1 0
174 198 -1 0
109 314 -1 0
338 146 -1 0
271 300 -1 0
254 65 -1 0
206 332 -1 0
210 284 -1 0
200 63 -1 0
63 304 -1 0
334 291 -1 0
392 349 -1 0
334 70 -1 0
221 217 -1 0
116 130 -1 0
11 111 -1 0
299 166 -1 0
26 74 -1 0
366 106 -1 0
345 57 -1 0
350 319 -1 0
175 377 -1 0
149 37 -1 0
196 41 -1 0
99 230 -1 0
117 102 -1 0
264 293 -1 0
184 354 -1 0
68 84 -1 0
89 299 -1 0
197 42 -1 0
36 254 -1 0
322 155 -1 0
167 74 -1 0
272 162 -1 0
60 49 -1 0
116 142 -1 0
185 298 -1 0
114 243 -1 0
303 80 -1 0
291 218 -1 0
190 191 -1 0
309 202 -1 0
95 295 -1 0
41 17 -1 0
296 208 -1 0
65 153 -1 0
224 323 -1 0
387 254 -1 0
203 178 -1 0
287 243 -1 0
30 154 -1 0
155 283 -1 0
87 379 -1 0
292 367 -1 0
97 396 -1 0
321 310 -1 0
205 267 -1 0
90 182 -1 0
96 141 -1 0
76 116 -1 0
290 255 -1 0
398 307 -1 0
50 340 -1 0
149 72 -1 0
123 258 -1 0
54 190 -1 0
273 179 -1 0
326 357 -1 0
89 312 -1 0
170 299 -1 0
63 262 -1 0
379 288 -1 0
158 327 -1 0
192 319 -1 0
246 22 -1 0
14 288 -1 0
184 197 -1 0
7 107 -1 0
140 355 -1 0
206 204 -1 0
2 195 -1 0
197 6 -1 0
35 387 -1 0
129 243 -1 0
22 19 -1 0
123 248 -1 0
88 258 -1 0
395 288 -1 0
184 85 -1 0
71 90 -1 0
194 241 -1 0
136 294 -1 0
21 25 -1 0
33 384 -1 0
125 177 -1 0
300 364 -1 0
151 198 -1 0
148 211 -1 0
202 201 -1 0
45 37 -1 0
66 392 -1 0
104 104 -1 0
363 182 -1 0
160 370 -1 0
291 209 -1 0
320 11 -1 0
395 213 -1 0
125 218 -1 0
311 205 -1 0
389 239 -1 0
94 40 -1 0
183 327 -1 0
181 70 -1 0
114 305 -1 0
159 370 -1 0
131 287 -1 0
128 63 -1 0
261 357 -1 0
352 289 -1 0
10 307 -1 0
293 85 -1 0
66 322 -1 0
86 182 -1 0
312 60 -1 0
198 271 -1 0
128 65 -1 0
51 264 -1 0
238 69 -1 0
138 126 -1 0
141 250 -1 0
220 68 -1 0
328 177 -1 0
347 221 -1 0
147 46 -1 0
93 308 -1 0
55 129 -1 0
58 158 -1 0
288 337 -1 0
335 373 -1 0
19 252 -1 0
156 183 -1 0
353 171 -1 0
291 84 -1 0
72 196 -1 0
387 33 -1 0
28 42 -1 0
288 141 -1 0
340 47 -1 0
17 375 -1 0
217 253 -1 0
112 343 -1 0
272 263 -1 0
357 250 -1 0
346 342 -1 0
181 319 -1 0
206 209 -1 0
284 75 -1 0
353 317 -1 0
391 253 -1 0
307 266 -1 0
274 220 -1 0
330 97 -1 0
170 361 -1 0
308 150 -1 0
180 232 -1 0
293 55 -1 0
75 73 -1 0
265 55 -1 0
301 23 -1 0
48 369 -1 0
245 57 -1 0
319 145 -1 0
169 18 -1 0
149 230 -1 0
263 88 -1 0
98 15 -1 0
297 385 -1 0
384 345 -1 0
145 370 -1 0
148 268 -1 0
264 212 -1 0
11 161 -1 0
16 82 -1 0
56 326 -1 0
87 385 -1 0
8 107 -1 0
83 77 -1 0
376 341 -1 0
144 397 -1 0
278 123 -1 0
78 13 -1 0
219 32 -1 0
346 248 -1 0
201 332 -1 0
136 368 -1 0
256 72 -1 0
216 186 -1 0
395 290 -1 0
308 311 -1 0
145 232 -1 0
20 29 -1 0
303 290 -1 0
269 33 -1 0
319 42 -1 0
51 165 -1 0
46 73 -1 0
55 149 -1 0
327 105 -1 0
155 162 -1 0
324 342 -1 0
394 395 -1 0
211 190 -1 0
155 200 -1 0
371 305 -1 0
259 283 -1 0
204 183 -1 0
328 383 -1 0
349 80 -1 0
138 396 -1 0
166 381 -1 0
48 223 -1 0
129 163 -1 0
376 223 -1 0
308 115 -1 0
317 317 -1 0
197 365 -1 0
252 47 -1 0
90 254 -1 0
73 373 -1 0
118 149 -1 0
81 335 -1 0
204 251 -1 0
158 385 -1 0
255 47 -1 0
263 330 -1 0
50 222 -1 0
326 284 -1 0
337 47 -1 0
263 344 -1 0
39 272 -1 0
152 35 -1 0
6 75 -1 0
38 381 -1 0
112 74 -1 0
303 108 -1 0
365 211 -1 0
25 71 -1 0
58 316 -1 0
48 121 -1 0
5 110 -1 0
303 382 -1 0
242 64 -1 0
275 23 -1 0
172 390 -1 0
83 186 -1 0
299 316 -1 0
374 167 -1 0
348 284 -1 0
65 232 -1 0
72 346 -1 0
355 362 -1 0
392 25 -1 0
380 219 -1 0
96 290 -1 0
184 58 -1 0
342 370 -1 0
194 332 -1 0
310 1 -1 0
181 22 -1 0
35 107 -1 0
41 44 -1 0
143 361 -1 0
214 333 -1 0
50 305 -1 0
190 370 -1 0
103 121 -1 0
373 16 -1 0
357 163 -1 0
56 358 -1 0
65 215 -1 0
269 116 -1 0
325 223 -1 0
51 284 -1 0
147 76 -1 0
65 15 -1 0
84 267 -1 0
29 379 -1 0
329 198 -1 0
62 392 -1 0
283 153 -1 0
351 219 -1 0
302 76 -1 0
190 13 -1 0
369 150 -1 0
112 397 -1 0
83 50 -1 0
100 180 -1 0
92 148 -1 0
116 257 -1 0
49 351 -1 0
133 346 -1 0
54 391 -1 0
337 263 -1 0
354 237 -1 0
124 30 -1 0
17 92 -1 0
8 385 -1 0
384 174 -1 0
364 322 -1 0
130 84 -1 0
87 171 -1 0
247 74 -1 0
344 374 -1 0
176 211 -1 0
139 36 -1 0
293 69 -1 0
221 396 -1 0
7 204 -1 0
306 70 -1 0
318 234 -1 0
169 52 -1 0
61 187 -1 0
189 80 -1 0
377 368 -1 0
114 215 -1 0
19 380 -1 0
225 192 -1 0
171 237 -1 0
22 15 -1 0
82 51 -1 0
206 251 -1 0
9 316 -1 0
296 157 -1 0
262 42 -1 0
60 270 -1 0
199 398 -1 0
141 61 -1 0
357 236 -1 0
137 278 -1 0
8 182 -1 0
124 193 -1 0
153 209 -1 0
254 214 -1 0
74 372 -1 0
0 9 -1 0
323 24 -1 0
213 347 -1 0
208 293 -1 0
304 117 -1 0
144 284 -1 0
399 107 -1 0
350 25 -1 0
317 333 -1 0
30 83 -1 0
265 317 -1 0
53 350 -1 0
186 44 -1 0
143 48 -1 0
13 176 -1 0
395 47 -1 0
5 154 -1 0
132 370 -1 0
321 178 -1 0
397 360 -1 0
98 247 -1 0
58 293 -1 0
27 388 -1 0
337 258 -1 0
68 231 -1 0
325 91 -1 0
55 200 -1 0
398 208 -1 0
315 323 -1 0
144 164 -1 0
390 37 -1 0
21 44 -1 0
130 156 -1 0
359 236 -1 0
14 349 -1 0
237 380 -1 0
164 242 -1 0
371 368 -1 0
188 70 -1 0
16 339 -1 0
238 340 -1 0
257 316 -1 0
57 381 -1 0
324 28 -1 0
335 381 -1 0
168 90 -1 0
288 220 -1 0
284 80 -1 0
294 205 -1 0
102 56 -1 0
115 310 -1 0
200 182 -1 0
130 60 -1 0
262 271 -1 0
281 101 -1 0
356 21 -1 0
189 231 -1 0
338 338 -1 0
329 155 -1 0
201 390 -1 0
129 349 -1 0
4 350 -1 0
103 132 -1 0
374 370 -1 0
290 314 -1 0
205 232 -1 0
22 2 -1 0
28 189 -1 0
70 194 -1 0
119 76 -1 0
279 205 -1 0
390 89 -1 0
139 339 -1 0
297 56 -1 0
207 298 -1 0
29 135 -1 0
387 9 -1 0
113 31 -1 0
239 230 -1 0
156 362 -1 0
337 274 -1 0
304 370 -1 0
192 14 -1 0
349 250 -1 0
294 1 -1 0
0 387 -1 0
295 236 -1 0
149 365 -1 0
138 366 -1 0
19 39 -1 0
381 165 -1 0
210 337 -1 0
191 374 -1 0
362 265 -1 0
302 19 -1 0
31 392 -1 0
224 270 -1 0
121 39 -1 0
270 243 -1 0
76 68 -1 0
291 367 -1 0
378 383 -1 0
354 329 -1 0
369 216 -1 0
294 96 -1 0
110 219 -1 0
47 303 -1 0
44 304 -1 0
257 230 -1 0
201 312 -1 0
249 80 -1 0
243 343 -1 0
85 164 -1 0
62 383 -1 0
379 290 -1 0
137 207 -1 0
163 62 -1 0
335 118 -1 0
227 35 -1 0
74 219 -1 0
344 158 -1 0
201 26 -1 0
346 140 -1 0
336 383 -1 0
372 126 -1 0
20 154 -1 0
223 227 -1 0
108 143 -1 0
313 266 -1 0
128 111 -1 0
307 192 -1 0
147 161 -1 0
261 232 -1 0
206 383 -1 0
289 188 -1 0
392 101 -1 0
309 131 -1 0
287 309 -1 0
158 165 -1 0
307 293 -1 0
321 369 -1 0
268 320 -1 0
219 367 -1 0
21 159 -1 0
74 257 -1 0
63 320 -1 0
158 181 -1 0
188 184 -1 0
324 172 -1 0
324 269 -1 0
391 147 -1 0
96 236 -1 0
290 240 -1 0
269 11 -1 0
314 344 -1 0
148 319 -1 0
330 38 -1 0
119 388 -1 0
252 72 -1 0
209 81 -1 0
39 127 -1 0
109 265 -1 0
55 48 -1 0
378 195 -1 0
9 239 -1 0
397 317 -1 0
119 168 -1 0
375 321 -1 0
1 160 -1 0
314 378 -1 0
79 384 -1 0
324 110 -1 0
316 204 -1 0
307 218 -1 0
264 206 -1 0
376 129 -1 0
50 387 -1 0
189 320 -1 0
17 64 -1 0
378 366 -1 0
120 322 -1 0
200 363 -1 0
32 236 -1 0
190 32 -1 0
348 375 -1 0
123 195 -1 0
336 128 -1 0
173 23 -1 0
389 169 -1 0
379 78 -1 0
243 16 -1 0
245 185 -1 0
380 393 -1 0
343 53 -1 0
399 216 -1 0
156 279 -1 0
181 327 -1 0
354 38 -1 0
326 302 -1 0
65 381 -1 0
284 339 -1 0
357 74 -1 0
345 45 -1 0
144 172 -1 0
69 252 -1 0
43 192 -1 0
147 43 -1 0
50 19 -1 0
155 40 -1 0
166 302 -1 0
216 37 -1 0
85 282 -1 0
320 368 -1 0
61 12 -1 0
109 353 -1 0
186 320 -1 0
96 77 -1 0
259 176 -1 0
311 248 -1 0
277 368 -1 0
235 99 -1 0
2 139 -1 0
93 147 -1 0
278 216 -1 0
314 20 -1 0
351 91 -1 0
60 149 -1 0
366 139 -1 0
358 126 -1 0
322 67 -1 0
298 342 -1 0
96 264 -1 0
263 50 -1 0
103 29 -1 0
99 66 -1 0
125 215 -1 0
76 178 -1 0
144 39 -1 0
340 77 -1 0
75 175 -1 0
118 37 -1 0
331 354 -1 0
210 80 -1 0
59 10 -1 0
315 274 -1 0
272 116 -1 0
212 73 -1 0
274 193 -1 0
211 239 -1 0
212 197 -1 0
375 80 -1 0
352 137 -1 0
150 22 -1 0
296 197 -1 0
43 371 -1 0
139 335 -1 0
113 198 -1 0
171 331 -1 0
390 195 -1 0
302 35 -1 0
35 354 -1 0
48 335 -1 0
275 64 -1 0
370 311 -1 0
127 262 -1 0
76 310 -1 0
280 355 -1 0
84 244 -1 0
343 79 -1 0
220 3 -1 0
160 0 -1 0
40 150 -1 0
343 24 -1 0
328 336 -1 0
303 273 -1 0
294 259 -1 0
165 231 -1 0
265 188 -1 0
344 123 -1 0
53 61 -1 0
221 215 -1 0
306 49 -1 0
396 101 -1 0
39 303 -1 0
282 162 -1 0
141 59 -1 0
139 230 -1 0
278 142 -1 0
81 330 -1 0
24 39 -1 0
143 304 -1 0
115 97 -1 0
285 176 -1 0
59 110 -1 0
359 97 -1 0
67 252 -1 0
52 202 -1 0
141 155 -1 0
216 245 -1 0
195 369 -1 0
244 18 -1 0
326 218 -1 0
0 10 -1 0
336 193 -1 0
222 286 -1 0
394 154 -1 0
387 330 -1 0
367 161 -1 0
199 226 -1 0
352 299 -1 0
135 232 -1 0
172 2 -1 0
270 295 -1 0
319 94 -1 0
261 110 -1 0
161 375 -1 0
33 266 -1 0
100 197 -1 0
36 83 -1 0
177 251 -1 0
147 72 -1 0
92 190 -1 0
271 347 -1 0
343 378 -1 0
138 386 -1 0
334 377 -1 0
209 348 -1 0
44 69 -1 0
140 166 -1 0
254 364 -1 0
29 188 -1 0
232 67 -1 0
62 265 -1 0
375 390 -1 0
256 51 -1 0
198 340 -1 0
377 391 -1 0
134 282 -1 0
394 168 -1 0
2 23 -1 0
396 328 -1 0
214 16 -1 0
398 65 -1 0
32 61 -1 0
141 66 -1 0
261 399 -1 0
145 32 -1 0
60 305 -1 0
303 44 -1 0
91 381 -1 0
22 302 -1 0
143 263 -1 0
174 78 -1 0
240 254 -1 0
202 82 -1 0
48 174 -1 0
92 153 -1 0
365 120 -1 0
43 194 -1 0
37 288 -1 0
245 301 -1 0
3 222 -1 0
392 208 -1 0
335 75 -1 0
158 302 -1 0
358 130 -1 0
366 96 -1 0
148 240 -1 0
373 296 -1 0
232 224 -1 0
73 167 -1 0
231 178 -1 0
367 34 -1 0
142 16 -1 0
236 327 -1 0
162 190 -1 0
34 222 -1 0
176 227 -1 0
30 329 -1 0
39 101 -1 0
105 343 -1 0
212 24 -1 0
116 55 -1 0
367 9 -1 0
100 63 -1 0
50 139 -1 0
37 329 -1 0
133 300 -1 0
306 264 -1 0
373 136 -1 0
46 13 -1 0
84 37 -1 0
337 310 -1 0
197 339 -1 0
188 183 -1 0
275 32 -1 0
78 0 -1 0
142 85 -1 0
353 19 -1 0
92 211 -1 0
169 25 -1 0
175 106 -1 0
80 220 -1 0
66 120 -1 0
323 57 -1 0
30 130 -1 0
73 36 -1 0
2 364 -1 0
81 350 -1 0
309 233 -1 0
75 54 -1 0
297 100 -1 0
188 355 -1 0
232 83 -1 0
72 204 -1 0
13 63 -1 0
387 320 -1 0
93 288 -1 0
71 301 -1 0
231 88 -1 0
321 127 -1 0
122 167 -1 0
40 176 -1 0
343 371 -1 0
183 328 -1 0
168 360 -1 0
225 332 -1 0
289 275 -1 0
299 315 -1 0
386 128 -1 0
105 145 -1 0
230 306 -1 0
148 272 -1 0
371 153 -1 0
146 19 -1 0
32 79 -1 0
68 179 -1 0
390 66 -1 0
357 192 -1 0
284 114 -1 0
386 125 -1 0
36 127 -1 0
14 387 -1 0
212 44 -1 0
130 293 -1 0
234 276 -1 0
342 35 -1 0
365 39 -1 0
286 213 -1 0
387 11 -1 0
250 395 -1 0
380 8 -1 0
341 392 -1 0
187 0 -1 0
14 265 -1 0
78 319 -1 0
259 277 -1 0
299 113 -1 0
326 207 -1 0
311 91 -1 0
75 227 -1 0
380 209 -1 0
286 178 -1 0
263 58 -1 0
172 66 -1 0
11 236 -1 0
320 332 -1 0
390 286 -1 0
52 42 -1 0
273 189 -1 0
46 269 -1 0
92 84 -1 0
208 352 -1 0
229 198 -1 0
39 102 -1 0
386 93 -1 0
30 317 -1 0
371 240 -1 0
394 51 -1 0
291 372 -1 0
94 26 -1 0
213 257 -1 0
279 388 -1 0
393 110 -1 0
260 370 -1 0
348 349 -1 0
259 252 -1 0
82 170 -1 0
192 178 -1 0
378 9 -1 0
2 58 -1 0
226 375 -1 0
224 72 -1 0
137 109 -1 0
172 395 -1 0
385 188 -1 0
83 165 -1 0
183 43 -1 0
237 43 -1 0
43 247 -1 0
377 310 -1 0
359 282 -1 0
47 52 -1 0
145 88 -1 0
153 335 -1 0
241 50 -1 0
275 319 -1 0
172 190 -1 0
389 135 -1 0
303 14 -1 0
331 2 -1 0
136 152 -1 0
76 63 -1 0
137 234 -1 0
186 343 -1 0
163 111 -1 0
278 326 -1 0
371 266 -1 0
188 82 -1 0
135 109 -1 0
274 173 -1 0
290 150 -1 0
0 240 -1 0
82 193 -1 0
60 97 -1 0
15 119 -1 0
358 110 -1 0
14 258 -1 0
76 262 -1 0
258 247 -1 0
211 90 -1 0
371 282 -1 0
83 191 -1 0
77 255 -1 0
126 200 -1 0
265 39 -1 0
235 306 -1 0
350 87 -1 0
149 307 -1 0
336 394 -1 0
385 299 -1 0
351 7 -1 0
344 387 -1 0
395 371 -1 0
12 337 -1 0
348 124 -1 0
157 367 -1 0
368 378 -1 0
70 363 -1 0
397 170 -1 0
13 397 -1 0
65 324 -1 0
369 134 -1 0
245 325 -1 0
191 257 -1 0
31 186 -1 0
326 203 -1 0
316 284 -1 0
178 224 -1 0
28 342 -1 0
67 128 -1 0
277 131 -1 0
34 341 -1 0
229 338 -1 0
392 371 -1 0
206 66 -1 0
213 186 -1 0
311 150 -1 0
86 249 -1 0
394 381 -1 0
26 349 -1 0
145 283 -1 0
362 169 -1 0
185 222 -1 0
302 8 -1 0
176 224 -1 0
230 277 -1 0
80 185 -1 0
306 169 -1 0
11 215 -1 0
68 387 -1 0
345 289 -1 0
85 127 -1 0
70 24 -1 0
395 254 -1 0
99 120 -1 0
69 96 -1 0
101 300 -1 0
73 249 -1 0
299 238 -1 0
178 378 -1 0
58 309 -1 0
248 283 -1 0
11 225 -1 0
225 223 -1 0
138 381 -1 0
141 76 -1 0
308 298 -1 0
162 362 -1 0
375 363 -1 0
234 273 -1 0
199 396 -1 0
36 108 -1 0
305 106 -1 0
111 52 -1 0
385 307 -1 0
73 104 -1 0
263 347 -1 0
310 48 -1 0
365 64 -1 0
2 271 -1 0
209 363 -1 0
5 93 -1 0
182 302 -1 0
281 343 -1 0
213 373 -1 0
243 312 -1 0
96 61 -1 0
235 74 -1 0
296 322 -1 0
329 130 -1 0
318 353 -1 0
181 7 -1 0
392 118 -1 0
66 269 -1 0
249 295 -1 0
153 266 -1 0
204 49 -1 0
360 270 -1 0
350 129 -1 0
235 34 -1 0
58 331 -1 0
177 47 -1 0
198 97 -1 0
56 185 -1 0
125 194 -1 0
46 173 -1 0
346 281 -1 0
289 139 -1 0
16 171 -1 0
88 263 -1 0
185 71 -1 0
129 177 -1 0
384 132 -1 0
115 361 -1 0
263 292 -1 0
53 211 -1 0
218 241 -1 0
180 396 -1 0
155 56 -1 0
33 231 -1 0
191 356 -1 0
85 171 -1 0
145 167 -1 0
292 297 -1 0
121 296 -1 0
365 152 -1 0
273 288 -1 0
230 376 -1 0
9 150 -1 0
305 117 -1 0
393 64 -1 0
52 268 -1 0
176 302 -1 0
254 219 -1 0
3 190 -1 0
117 393 -1 0
150 105 -1 0
378 301 -1 0
294 300 -1 0
336 355 -1 0
51 111 -1 0
318 188 -1 0
346 391 -1 0
73 15 -1 0
143 239 -1 0
128 338 -1 0
80 391 -1 0
393 274 -1 0
85 34 -1 0
343 66 -1 0
341 228 -1 0
357 139 -1 0
181 217 -1 0
236 377 -1 0
314 250 -1 0
218 197 -1 0
193 27 -1 0
170 245 -1 0
204 267 -1 0
64 268 -1 0
378 117 -1 0
58 193 -1 0
262 290 -1 0
61 293 -1 0
142 175 -1 0
320 126 -1 0
214 263 -1 0
392 366 -1 0
315 57 -1 0
369 166 -1 0
240 206 -1 0
296 257 -1 0
142 316 -1 0
188 57 -1 0
383 182 -1 0
272 48 -1 0
91 320 -1 0
37 192 -1 0
393 168 -1 0
166 23 -1 0
206 350 -1 0
389 106 -1 0
351 106 -1 0
1 394 -1 0
284 227 -1 0
348 0 -1 0
270 303 -1 0
122 260 -1 0
2 110 -1 0
183 184 -1 0
225 219 -1 0
306 367 -1 0
192 79 -1 0
391 79 -1 0
150 331 -1 0
265 318 -1 0
272 259 -1 0
207 302 -1 0
165 20 -1 0
69 254 -1 0
130 267 -1 0
394 318 -1 0
218 21 -1 0
328 139 -1 0
329 370 -1 0
363 18 -1 0
79 230 -1 0
48 139 -1 0
205 276 -1 0
252 366 -1 0
377 331 -1 0
277 57 -1 0
359 335 -1 0
38 196 -1 0
134 155 -1 0
28 299 -1 0
196 327 -1 0
7 328 -1 0
319 53 -1 0
117 392 -1 0
37 336 -1 0
266 70 -1 0
180 268 -1 0
373 219 -1 0
282 218 -1 0
94 170 -1 0
258 385 -1 0
279 194 -1 0
32 27 -1 0
286 248 -1 0
280 364 -1 0
29 128 -1 0
250 0 -1 0
98 365 -1 0
114 59 -1 0
359 44 -1 0
138 160 -1 0
137 11 -1 0
81 349 -1 0
226 95 -1 0
20 62 -1 0
161 78 -1 0
192 381 -1 0
185 228 -1 0
126 156 -1 0
297 61 -1 0
152 55 -1 0
0 379 -1 0
48 334 -1 0
59 201 -1 0
300 33 -1 0
260 378 -1 0
356 68 -1 0
174 47 -1 0
104 149 -1 0
294 49 -1 0
83 150 -1 0
95 183 -1 0
321 330 -1 0
299 221 -1 0
58 167 -1 0
70 219 -1 0
264 189 -1 0
161 204 -1 0
295 107 -1 0
247 214 -1 0
397 131 -1 0
265 312 -1 0
64 1 -1 0
173 354 -1 0
22 28 -1 0
32 374 -1 0
319 13 -1 0
351 60 -1 0
267 114 -1 0
168 92 -1 0
300 134 -1 0
314 93 -1 0
2 291 -1 0
246 219 -1 0
53 221 -1 0
32 138 -1 0
103 301 -1 0
159 349 -1 0
12 236 -1 0
251 340 -1 0
251 50 -1 0
144 287 -1 0
32 351 -1 0
241 92 -1 0
375 69 -1 0
20 189 -1 0
85 23 -1 0
140 175 -1 0
355 264 -1 0
309 67 -1 0
174 252 -1 0
328 338 -1 0
59 67 -1 0
356 99 -1 0
21 163 -1 0
364 37 -1 0
246 293 -1 0
231 357 -1 0
379 87 -1 0
224 45 -1 0
176 173 -1 0
295 374 -1 0
15 247 -1 0
39 78 -1 0
119 16 -1 0
343 310 -1 0
155 11 -1 0
81 306 -1 0
366 41 -1 0
33 172 -1 0
241 334 -1 0
351 155 -1 0
161 339 -1 0
160 114 -1 0
234 298 -1 0
327 296 -1 0
38 217 -1 0
333 239 -1 0
360 157 -1 0
375 340 -1 0
114 40 -1 0
218 60 -1 0
313 190 -1 0
259 95 -1 0
359 30 -1 0
174 62 -1 0
386 215 -1 0
14 224 -1 0
83 171 -1 0
54 252 -1 0
322 299 -1 0
259 338 -1 0
232 327 -1 0
251 36 -1 0
311 179 -1 0
10 228 -1 0
395 83 -1 0
383 118 -1 0
291 374 -1 0
18 52 -1 0
41 174 -1 0
51 27 -1 0
209 241 -1 0
66 379 -1 0
346 146 -1 0
105 390 -1 0
43 251 -1 0
40 391 -1 0
299 39 -1 0
312 359 -1 0
26 311 -1 0
147 350 -1 0
135 117 -1 0
39 308 -1 0
102 123 -1 0
382 113 -1 0
61 51 -1 0
144 95 -1 0
163 88 -1 0
326 41 -1 0
397 352 -1 0
152 206 -1 0
247 273 -1 0
279 265 -1 0
184 92 -1 0
244 381 -1 0
376 33 -1 0
37 201 -1 0
224 398 -1 0
26 17 -1 0
138 48 -1 0
6 98 -1 0
391 190 -1 0
64 196 -1 0
220 21 -1 0
165 216 -1 0
45 200 -1 0
73 70 -1 0
322 387 -1 0
140 76 -1 0
323 199 -1 0
348 105 -1 0
333 140 -1 0
28 352 -1 0
369 239 -1 0
356 303 -1 0
345 197 -1 0
150 37 -1 0
354 74 -1 0
16 92 -1 0
393 293 -1 0
399 379 -1 0
379 8 -1 0
96 138 -1 0
267 17 -1 0
343 277 -1 0
336 120 -1 0
217 61 -1 0
86 134 -1 0
216 49 -1 0
297 309 -1 0
309 167 -1 0
64 151 -1 0
45 159 -1 0
282 137 -1 0
138 74 -1 0
230 25 -1 0
363 195 -1 0
301 209 -1 0
266 372 -1 0
311 236 -1 0
240 246 -1 0
340 3 -1 0
323 173 -1 0
34 163 -1 0
301 238 -1 0
51 235 -1 0
97 249 -1 0
45 143 -1 0
0 127 -1 0
7 256 -1 0
396 167 -1 0
323 256 -1 0
252 354 -1 0
58 371 -1 0
17 291 -1 0
169 323 -1 0
44 159 -1 0
242 392 -1 0
113 389 -1 0
199 79 -1 0
298 8 -1 0
185 191 -1 0
95 300 -1 0
40 182 -1 0
101 77 -1 0
90 1 -1 0
297 37 -1 0
105 209 -1 0
338 320 -1 0
280 344 -1 0
142 346 -1 0
232 283 -1 0
349 360 -1 0
206 313 -1 0
217 39 -1 0
65 187 -1 0
248 234 -1 0
75 378 -1 0
58 315 -1 0
8 221 -1 0
224 295 -1 0
376 265 -1 0
225 299 -1 0
222 33 -1 0
251 214 -1 0
124 175 -1 0
61 160 -1 0
139 263 -1 0
92 351 -1 0
320 262 -1 0
188 296 -1 0
341 351 -1 0
316 196 -1 0
55 140 -1 0
79 80 -1 0
60 92 -1 0
73 364 -1 0
2 391 -1 0
369 343 -1 0
383 366 -1 0
174 75 -1 0
5 277 -1 0
184 67 -1 0
132 100 -1 0
285 382 -1 0
304 149 -1 0
189 56 -1 0
171 196 -1 0
101 277 -1 0
198 60 -1 0
77 168 -1 0
297 267 -1 0
220 355 -1 0
60 311 -1 0
226 35 -1 0
157 374 -1 0
175 173 -1 0
7 181 -1 0
355 215 -1 0
397 148 -1 0
67 320 -1 0
119 13 -1 0
285 4 -1 0
241 375 -1 0
304 213 -1 0
260 368 -1 0
289 177 -1 0
254 56 -1 0
15 391 -1 0
214 290 -1 0
387 305 -1 0
104 101 -1 0
226 233 -1 0
298 307 -1 0
251 293 -1 0
243 220 -1 0
170 275 -1 0
170 303 -1 0
322 168 -1 0
326 217 -1 0
205 228 -1 0
20 70 -1 0
62 250 -1 0
211 253 -1 0
370 95 -1 0
192 336 -1 0
265 349 -1 0
258 339 -1 0
185 87 -1 0
37 59 -1 0
190 244 -1 0
252 19 -1 0
347 6 -1 0
306 71 -1 0
178 335 -1 0
227 388 -1 0
66 270 -1 0
335 140 -1 0
30 114 -1 0
373 49 -1 0
22 244 -1 0
126 188 -1 0
42 19 -1 0
43 292 -1 0
304 103 -1 0
387 68 -1 0
144 254 -1 0
223 62 -1 0
397 221 -1 0
68 176 -1 0
68 352 -1 0
182 34 -1 0
230 358 -1 0
320 235 -1 0
0 48 -1 0
26 165 -1 0
129 240 -1 0
297 237 -1 0
327 394 -1 0
199 228 -1 0
108 6 -1 0
303 368 -1 0
206 1 -1 0
93 100 -1 0
135 394 -1 0
361 45 -1 0
32 211 -1 0
268 319 -1 0
167 65 -1 0
312 22 -1 0
148 281 -1 0
288 272 -1 0
146 54 -1 0
357 312 -1 0
269 47 -1 0
152 89 -1 0
332 243 -1 0
385 55 -1 0
352 355 -1 0
390 46 -1 0
21 126 -1 0
259 331 -1 0
239 298 -1 0
293 117 -1 0
27 287 -1 0
381 338 -1 0
215 293 -1 0
224 268 -1 0
242 62 -1 0
324 284 -1 0
80 7 -1 0
296 162 -1 0
131 142 -1 0
241 297 -1 0
114 11 -1 0
108 345 -1 0
220 29 -1 0
268 330 -1 0
100 126 -1 0
284 259 -1 0
335 175 -1 0
77 214 -1 0
343 81 -1 0
9 115 -1 0
193 246 -1 0
296 42 -1 0
233 321 -1 0
240 226 -1 0
346 126 -1 0
72 56 -1 0
347 326 -1 0
388 296 -1 0
363 150 -1 0
24 30 -1 0
306 391 -1 0
123 363 -1 0
208 247 -1 0
229 385 -1 0
62 191 -1 0
373 229 -1 0
344 366 -1 0
9 94 -1 0
85 96 -1 0
108 112 -1 0
366 342 -1 0
311 395 -1 0
272 311 -1 0
207 358 -1 0
233 61 -1 0
176 192 -1 0
192 253 -1 0
395 220 -1 0
52 342 -1 0
81 107 -1 0
317 1 -1 0
53 206 -1 0
260 340 -1 0
143 279 -1 0
219 242 -1 0
125 87 -1 0
243 234 -1 0
251 33 -1 0
179 91 -1 0
59 199 -1 0
357 253 -1 0
193 286 -1 0
347 41 -1 0
46 58 -1 0
335 11 -1 0
94 328 -1 0
109 71 -1 0
107 372 -1 0
201 3 -1 0
398 33 -1 0
380 366 -1 0
312 7 -1 0
123 52 -1 0
55 127 -1 0
372 17 -1 0
260 247 -1 0
378 56 -1 0
171 72 -1 0
207 288 -1 0
83 346 -1 0
238 193 -1 0
186 206 -1 0
153 18 -1 0
350 201 -1 0
143 371 -1 0
177 93 -1 0
343 133 -1 0
317 300 -1 0
159 86 -1 0
71 135 -1 0
331 277 -1 0
388 345 -1 0
335 200 -1 0
97 365 -1 0
316 91 -1 0
143 245 -1 0
48 129 -1 0
277 86 -1 0
222 98 -1 0
290 219 -1 0
254 337 -1 0
26 196 -1 0
276 314 -1 0
336 227 -1 0
191 182 -1 0
182 174 -1 0
38 135 -1 0
29 11 -1 0
202 204 -1 0
263 104 -1 0
230 211 -1 0
23 42 -1 0
186 0 -1 0
218 61 -1 0
331 345 -1 0
90 176 -1 0
171 42 -1 0
358 111 -1 0
251 0 -1 0
141 57 -1 0
369 176 -1 0
115 87 -1 0
29 168 -1 0
363 204 -1 0
17 118 -1 0
63 389 -1 0
153 78 -1 0
120 189 -1 0
218 283 -1 0
49 359 -1 0
367 22 -1 0
235 313 -1 0
121 163 -1 0
336 259 -1 0
102 42 -1 0
317 341 -1 0
118 19 -1 0
396 17 -1 0
320 123 -1 0
155 318 -1 0
245 214 -1 0
363 99 -1 0
211 191 -1 0
10 392 -1 0
325 24 -1 0
338 235 -1 0
71 93 -1 0
162 19 -1 0
222 15 -1 0
320 113 -1 0
2 39 -1 0
54 299 -1 0
258 382 -1 0
165 374 -1 0
229 13 -1 0
356 52 -1 0
63 183 -1 0
58 373 -1 0
146 213 -1 0
164 314 -1 0
396 380 -1 0
73 127 -1 0
184 266 -1 0
383 180 -1 0
235 38 -1 0
279 127 -1 0
39 232 -1 0
334 64 -1 0
53 70 -1 0
120 197 -1 0
191 317 -1 0
69 101 -1 0
9 361 -1 0
220 273 -1 0
292 327 -1 0
332 96 -1 0
277 274 -1 0
113 242 -1 0
375 395 -1 0
393 378 -1 0
231 199 -1 0
116 345 -1 0
94 185 -1 0
269 259 -1 0
31 316 -1 0
311 240 -1 0
68 319 -1 0
368 94 -1 0
348 231 -1 0
385 22 -1 0
280 108 -1 0
232 0 -1 0
148 350 -1 0
4 143 -1 0
352 58 -1 0
77 67 -1 0
80 129 -1 0
369 116 -1 0
172 91 -1 0
369 342 -1 0
323 116 -1 0
189 9 -1 0
289 266 -1 0
6 254 -1 0
390 242 -1 0
273 81 -1 0
159 300 -1 0
381 391 -1 0
319 219 -1 0
68 120 -1 0
230 363 -1 0
274 356 -1 0
376 130 -1 0
208 231 -1 0
25 89 -1 0
137 164 -1 0
6 359 -1 0
366 142 -1 0
84 109 -1 0
265 390 -1 0
40 224 -1 0
320 209 -1 0
33 304 -1 0
314 383 -1 0
242 382 -1 0
159 355 -1 0
267 399 -1 0
230 189 -1 0
398 140 -1 0
351 352 -1 0
243 259 -1 0
45 384 -1 0
373 190 -1 0
11 118 -1 0
277 6 -1 0
162 229 -1 0
211 76 -1 0
55 145 -1 0
179 25 -1 0
91 31 -1 0
75 153 -1 0
13 39 -1 0
365 50 -1 0
120 141 -1 0
193 207 -1 0
67 83 -1 0
7 366 -1 0
25 207 -1 0
143 167 -1 0
338 22 -1 0
295 244 -1 0
238 297 -1 0
313 284 -1 0
176 343 -1 0
87 397 -1 0
298 70 -1 0
15 237 -1 0
90 45 -1 0
339 51 -1 0
247 221 -1 0
314 173 -1 0
398 312 -1 0
69 115 -1 0
25 261 -1 0
273 397 -1 0
161 221 -1 0
74 325 -1 0
85 180 -1 0
64 291 -1 0
270 189 -1 0
77 140 -1 0
4 275 -1 0
57 32 -1 0
259 276 -1 0
38 71 -1 0
212 347 -1 0
78 355 -1 0
206 227 -1 0
307 104 -1 0
166 43 -1 0
177 169 -1 0
142 189 -1 0
213 399 -1 0
62 288 -1 0
281 116 -1 0
108 361 -1 0
251 342 -1 0
273 314 -1 0
317 143 -1 0
350 217 -1 0
169 342 -1 0
197 176 -1 0
32 90 -1 0
209 96 -1 0
304 273 -1 0
256 250 -1 0
272 358 -1 0
183 284 -1 0
120 171 -1 0
56 307 -1 0
89 11 -1 0
130 220 -1 0
370 275 -1 0
274 99 -1 0
108 214 -1 0
384 379 -1 0
282 1 -1 0
162 187 -1 0
195 344 -1 0
229 88 -1 0
377 254 -1 0
251 38 -1 0
363 88 -1 0
134 363 -1 0
224 18 -1 0
73 162 -1 0
320 322 -1 0
1 168 -1 0
205 299 -1 0
271 299 -1 0
117 347 -1 0
32 3 -1 0
207 312 -1 0
112 268 -1 0
240 289 -1 0
137 308 -1 0
86 275 -1 0
148 372 -1 0
172 41 -1 0
104 155 -1 0
185 18 -1 0
226 380 -1 0
113 157 -1 0
349 20 -1 0
6 14 -1 0
152 90 -1 0
29 331 -1 0
285 187 -1 0
318 369 -1 0
375 100 -1 0
119 323 -1 0
38 224 -1 0
321 229 -1 0
58 84 -1 0
64 32 -1 0
236 265 -1 0
53 320 -1 0
28 28 -1 0
101 175 -1 0
291 91 -1 0
0 390 -1 0
9 131 -1 0
201 195 -1 0
92 345 -1 0
360 392 -1 0
396 350 -1 0
354 204 -1 0
183 384 -1 0
385 313 -1 0
358 211 -1 0
210 15 -1 0
19 116 -1 0
389 46 -1 0
314 1 -1 0
384 142 -1 0
303 260 -1 0
241 303 -1 0
70 387 -1 0
180 297 -1 0
287 330 -1 0
69 111 -1 0
162 58 -1 0
232 392 -1 0
269 40 -1 0
395 386 -1 0
111 177 -1 0
103 267 -1 0
340 383 -1 0
383 228 -1 0
233 265 -1 0
39 186 -1 0
38 326 -1 0
387 296 -1 0
209 211 -1 0
110 43 -1 0
53 28 -1 0
378 347 -1 0
375 193 -1 0
315 315 -1 0
249 255 -1 0
208 384 -1 0
162 109 -1 0
217 292 -1 0
222 214 -1 0
327 361 -1 0
27 266 -1 0
0 308 -1 0
285 392 -1 0
124 200 -1 0
243 352 -1 0
199 254 -1 0
275 323 -1 0
241 391 -1 0
330 289 -1 0
236 259 -1 0
259 218 -1 0
347 285 -1 0
236 64 -1 0
102 106 -1 0
324 176 -1 0
309 2 -1 0
37 234 -1 0
86 246 -1 0
8 54 -1 0
79 121 -1 0
247 178 -1 0
87 189 -1 0
98 281 -1 0
10 371 -1 0
330 249 -1 0
166 9 -1 0
127 98 -1 0
274 72 -1 0
52 126 -1 0
336 138 -1 0
96 3 -1 0
136 67 -1 0
82 167 -1 0
206 258 -1 0
325 257 -1 0
85 367 -1 0
358 397 -1 0
122 170 -1 0
129 8 -1 0
331 39 -1 0
135 215 -1 0
323 220 -1 0
365 340 -1 0
177 208 -1 0
141 240 -1 0
333 139 -1 0
305 163 -1 0
318 341 -1 0
237 45 -1 0
383 241 -1 0
384 119 -1 0
118 364 -1 0
269 182 -1 0
289 210 -1 0
5 156 -1 0
189 342 -1 0
273 280 -1 0
335 310 -1 0
322 220 -1 0
120 202 -1 0
121 134 -1 0
251 339 -1 0
244 372 -1 0
287 138 -1 0
225 353 -1 0
368 223 -1 0
153 301 -1 0
69 154 -1 0
114 294 -1 0
20 22 -1 0
49 252 -1 0
277 308 -1 0
265 320 -1 0
207 273 -1 0
227 173 -1 0
213 265 -1 0
100 230 -1 0
59 261 -1 0
129 343 -1 0
131 339 -1 0
75 338 -1 0
188 92 -1 0
73 102 -1 0
368 31 -1 0
111 5 -1 0
159 206 -1 0
268 293 -1 0
302 241 -1 0
16 397 -1 0
92 205 -1 0
309 73 -1 0
77 113 -1 0
32 73 -1 0
149 88 -1 0
36 259 -1 0
378 16 -1 0
91 376 -1 0
188 363 -1 0
255 92 -1 0
267 68 -1 0
323 120 -1 0
75 57 -1 0
389 367 -1 0
130 197 -1 0
108 201 -1 0
334 183 -1 0
259 15 -1 0
355 305 -1 0
121 336 -1 0
153 30 -1 0
26 133 -1 0
344 167 -1 0
61 339 -1 0
134 189 -1 0
33 210 -1 0
298 53 -1 0
113 266 -1 0
42 395 -1 0
193 323 -1 0
278 337 -1 0
40 76 -1 0
94 230 -1 0
341 382 -1 0
267 394 -1 0
227 368 -1 0
263 336 -1 0
310 177 -1 0
392 62 -1 0
116 289 -1 0
65 62 -1 0
148 196 -1 0
211 218 -1 0
155 306 -1 0
145 79 -1 0
171 275 -1 0
29 4 -1 0
390 135 -1 0
199 262 -1 0
242 370 -1 0
287 165 -1 0
37 305 -1 0
399 286 -1 0
276 54 -1 0
363 399 -1 0
301 311 -1 0
78 123 -1 0
138 180 -1 0
132 312 -1 0
352 189 -1 0
55 397 -1 0
34 29 -1 0
32 383 -1 0
276 209 -1 0
118 153 -1 0
75 212 -1 0
175 45 -1 0
397 272 -1 0
129 247 -1 0
362 90 -1 0
130 58 -1 0
185 288 -1 0
129 157 -1 0
339 176 -1 0
170 344 -1 0
130 287 -1 0
110 333 -1 0
0 185 -1 0
230 5 -1 0
397 361 -1 0
82 301 -1 0
106 25 -1 0
379 124 -1 0
274 296 -1 0
276 65 -1 0
133 204 -1 0
80 136 -1 0
341 233 -1 0
301 107 -1 0
193 29 -1 0
40 21 -1 0
119 331 -1 0
374 338 -1 0
5 349 -1 0
145 27 -1 0
98 21 -1 0
398 43 -1 0
329 15 -1 0
339 206 -1 0
315 163 -1 0
81 337 -1 0
161 216 -1 0
70 125 -1 0
157 93 -1 0
386 322 -1 0
87 102 -1 0
313 216 -1 0
289 297 -1 0
186 210 -1 0
39 342 -1 0
1 369 -1 0
286 48 -1 0
338 355 -1 0
96 231 -1 0
398 298 -1 0
75 326 -1 0
373 213 -1 0
193 384 -1 0
37 151 -1 0
47 219 -1 0
385 256 -1 0
147 220 -1 0
21 183 -1 0
326 74 -1 0
309 227 -1 0
39 141 -1 0
113 318 -1 0
218 93 -1 0
73 126 -1 0
167 253 -1 0
5 267 -1 0
87 242 -1 0
125 265 -1 0
393 226 -1 0
339 285 -1 0
79 243 -1 0
42 234 -1 0
317 145 -1 0
259 236 -1 0
71 36 -1 0
278 85 -1 0
76 56 -1 0
120 199 -1 0
199 200 -1 0
53 178 -1 0
343 116 -1 0
279 13 -1 0
344 368 -1 0
333 126 -1 0
289 247 -1 0
274 242 -1 0
306 379 -1 0
270 82 -1 0
140 338 -1 0
196 174 -1 0
117 58 -1 0
257 175 -1 0
104 388 -1 0
118 260 -1 0
172 171 -1 0
126 251 -1 0
260 317 -1 0
305 181 -1 0
292 252 -1 0
4 120 -1 0
195 35 -1 0
177 106 -1 0
125 379 -1 0
379 50 -1 0
11 389 -1 0
118 45 -1 0
56 49 -1 0
140 199 -1 0
143 366 -1 0
282 172 -1 0
277 281 -1 0
137 212 -1 0
241 194 -1 0
160 56 -1 0
2 60 -1 0
235 376 -1 0
158 187 -1 0
353 265 -1 0
336 97 -1 0
36 285 -1 0
179 223 -1 0
331 238 -1 0
66 178 -1 0
72 118 -1 0
346 224 -1 0
269 378 -1 0
139 94 -1 0
59 55 -1 0
351 188 -1 0
284 236 -1 0
327 350 -1 0
12 261 -1 0
282 96 -1 0
61 317 -1 0
218 225 -1 0
181 193 -1 0
60 244 -1 0
249 391 -1 0
360 159 -1 0
299 69 -1 0
364 311 -1 0
342 34 -1 0
11 157 -1 0
318 65 -1 0
241 175 -1 0
344 288 -1 0
242 193 -1 0
83 355 -1 0
113 83 -1 0
38 16 -1 0
265 1 -1 0
170 253 -1 0
272 26 -1 0
285 20 -1 0
305 212 -1 0
248 251 -1 0
10 304 -1 0
296 391 -1 0
320 217 -1 0
4 289 -1 0
0 38 -1 0
78 103 -1 0
394 5 -1 0
149 73 -1 0
61 20 -1 0
166 298 -1 0
133 328 -1 0
398 58 -1 0
309 189 -1 0
283 342 -1 0
279 32 -1 0
265 258 -1 0
237 227 -1 0
179 302 -1 0
157 224 -1 0
389 210 -1 0
111 284 -1 0
194 47 -1 0
92 43 -1 0
281 76 -1 0
242 192 -1 0
105 15 -1 0
376 188 -1 0
296 337 -1 0
332 330 -1 0
231 284 -1 0
337 340 -1 0
283 312 -1 0
282 45 -1 0
358 371 -1 0
102 387 -1 0
273 323 -1 0
227 273 -1 0
302 21 -1 0
38 93 -1 0
44 342 -1 0
112 111 -1 0
276 90 -1 0
148 385 -1 0
359 323 -1 0
314 391 -1 0
221 249 -1 0
374 330 -1 0
255 19 -1 0
173 59 -1 0
25 2 -1 0
32 2 -1 0
299 13 -1 0
384 364 -1 0
283 268 -1 0
379 111 -1 0
169 365 -1 0
216 5 -1 0
143 75 -1 0
215 326 -1 0
213 314 -1 0
12 344 -1 0
152 54 -1 0
218 191 -1 0
227 91 -1 0
201 93 -1 0
10 11 -1 0
201 347 -1 0
111 360 -1 0
13 278 -1 0
155 34 -1 0
81 256 -1 0
160 266 -1 0
365 51 -1 0
128 272 -1 0
45 9 -1 0
43 399 -1 0
140 272 -1 0
186 40 -1 0
173 16 -1 0
174 337 -1 0
15 315 -1 0
150 109 -1 0
195 279 -1 0
212 353 -1 0
318 16 -1 0
138 398 -1 0
137 167 -1 0
22 42 -1 0
165 226 -1 0
125 316 -1 0
374 299 -1 0
189 368 -1 0
103 215 -1 0
312 118 -1 0
239 4 -1 0
163 187 -1 0
8 126 -1 0
233 193 -1 0
182 387 -1 0
77 115 -1 0
90 183 -1 0
44 333 -1 0
3 294 -1 0
392 191 -1 0
155 36 -1 0
271 4 -1 0
115 226 -1 0
56 280 -1 0
125 12 -1 0
372 242 -1 0
25 201 -1 0
149 46 -1 0
273 46 -1 0
202 261 -1 0
47 353 -1 0
279 342 -1 0
140 103 -1 0
25 45 -1 0
157 180 -1 0
398 380 -1 0
45 341 -1 0
83 292 -1 0
344 1 -1 0
193 394 -1 0
67 267 -1 0
11 160 -1 0
90 53 -1 0
215 201 -1 0
99 252 -1 0
5 316 -1 0
268 151 -1 0
119 375 -1 0
86 380 -1 0
220 229 -1 0
380 66 -1 0
308 296 -1 0
265 48 -1 0
322 163 -1 0
298 299 -1 0
311 185 -1 0
132 230 -1 0
126 375 -1 0
326 32 -1 0
88 56 -1 0
359 384 -1 0
384 59 -1 0
336 124 -1 0
279 125 -1 0
264 221 -1 0
119 153 -1 0
292 321 -1 0
83 103 -1 0
234 260 -1 0
119 309 -1 0
27 330 -1 0
393 360 -1 0
23 300 -1 0
102 136 -1 0
54 297 -1 0
229 274 -1 0
95 79 -1 0
320 313 -1 0
338 369 -1 0
185 178 -1 0
196 296 -1 0
199 269 -1 0
377 204 -1 0
148 33 -1 0
244 293 -1 0
222 44 -1 0
97 318 -1 0
223 45 -1 0
292 340 -1 0
212 373 -1 0
376 52 -1 0
136 247 -1 0
275 89 -1 0
185 206 -1 0
74 216 -1 0
127 323 -1 0
126 369 -1 0
353 309 -1 0
47 296 -1 0
27 218 -1 0
270 277 -1 0
205 196 -1 0
120 200 -1 0
9 237 -1 0
395 2 -1 0
72 234 -1 0
87 49 -1 0
73 65 -1 0
330 63 -1 0
270 253 -1 0
115 217 -1 0
68 36 -1 0
33 19 -1 0
301 243 -1 0
362 293 -1 0
171 96 -1 0
116 34 -1 0
89 379 -1 0
259 373 -1 0
318 321 -1 0
200 398 -1 0
18 317 -1 0
249 188 -1 0
56 245 -1 0
393 173 -1 0
1 324 -1 0
188 64 -1 0
55 384 -1 0
218 384 -1 0
119 52 -1 0
211 294 -1 0
167 375 -1 0
135 218 -1 0
63 32 -1 0
100 240 -1 0
165 295 -1 0
355 255 -1 0
78 36 -1 0
141 261 -1 0
16 253 -1 0
298 381 -1 0
113 50 -1 0
389 368 -1 0
325 346 -1 0
308 210 -1 0
264 283 -1 0
242 246 -1 0
17 77 -1 0
151 13 -1 0
372 298 -1 0
107 67 -1 0
317 111 -1 0
234 27 -1 0
48 260 -1 0
355 310 -1 0
393 221 -1 0
286 229 -1 0
160 325 -1 0
12 77 -1 0
247 267 -1 0
176 205 -1 0
89 342 -1 0
335 384 -1 0
10 223 -1 0
199 194 -1 0
268 133 -1 0
175 312 -1 0
109 202 -1 0
153 344 -1 0
19 368 -1 0
234 274 -1 0
171 380 -1 0
0 321 -1 0
60 116 -1 0
255 89 -1 0
106 280 -1 0
255 69 -1 0
363 161 -1 0
155 184 -1 0
11 133 -1 0
307 299 -1 0
347 154 -1 0
193 211 -1 0
118 155 -1 0
28 139 -1 0
219 88 -1 0
92 249 -1 0
368 177 -1 0
347 62 -1 0
58 201 -1 0
117 184 -1 0
87 53 -1 0
110 23 -1 0
242 101 -1 0
45 95 -1 0
286 262 -1 0
185 280 -1 0
350 164 -1 0
309 317 -1 0
166 195 -1 0
259 336 -1 0
296 345 -1 0
162 387 -1 0
0 215 -1 0
286 130 -1 0
129 223 -1 0
300 333 -1 0
94 51 -1 0
248 300 -1 0
334 315 -1 0
350 253 -1 0
341 263 -1 0
232 134 -1 1
218 143 -1 1
196 122 -1 1
239 133 -1 1
221 120 -1 1
189 153 -1 1
216 136 -1 1
159 137 -1 1
211 120 -1 1
200 119 -1 1
184 143 -1 1
217 127 -1 1
162 134 -1 1
194 124 -1 1
162 133 -1 1
225 139 -1 1
227 138 -1 1
186 135 -1 1
159 143 -1 1
213 124 -1 1
207 134 -1 1
190 154 -1 1
201 144 -1 1
212 119 -1 1
170 149 -1 1
216 128 -1 1
230 143 -1 1
211 155 -1 1
184 137 -1 1
170 135 -1 1
245 121 -1 1
245 136 -1 1
243 117 -1 1
249 128 -1 1
189 126 -1 1
174 137 -1 1
172 128 -1 1
226 144 -1 1
162 148 -1 1
224 127 -1 1
201 142 -1 1
165 142 -1 1
203 127 -1 1
207 153 -1 1
207 118 -1 1
222 134 -1 1
193 124 -1 1
217 139 -1 1
173 130 -1 1
206 123 -1 1
209 125 -1 1
170 139 -1 1
182 146 -1 1
242 128 -1 1
190 144 -1 1
239 132 -1 1
212 126 -1 1
201 146 -1 1
201 152 -1 1
210 140 -1 1
168 149 -1 1
233 124 -1 1
176 140 -1 1
219 122 -1 1
226 141 -1 1
164 144 -1 1
232 123 -1 1
190 125 -1 1
222 136 -1 1
205 124 -1 1
235 120 -1 1
206 150 -1 1
201 123 -1 1
238 119 -1 1
235 127 -1 1
238 122 -1 1
237 121 -1 1
198 151 -1 1
190 139 -1 1
236 135 -1 1
190 128 -1 1
157 144 -1 1
211 154 -1 1
204 128 -1 1
224 124 -1 1
199 123 -1 1
202 124 -1 1
201 155 -1 1
201 147 -1 1
208 120 -1 1
172 132 -1 1
233 123 -1 1
220 136 -1 1
163 143 -1 1
188 145 -1 1
165 135 -1 1
248 134 -1 1
238 143 -1 1
213 143 -1 1
200 145 -1 1
172 144 -1 1
157 134 -1 1
216 133 -1 1
195 141 -1 1
181 142 -1 1
219 119 -1 1
213 154 -1 1
230 132 -1 1
205 147 -1 1
164 130 -1 1
211 130 -1 1
239 140 -1 1
185 120 -1 1
204 117 -1 1
190 135 -1 1
190 123 -1 1
173 132 -1 1
225 132 -1 1
229 129 -1 1
197 141 -1 1
184 140 -1 1
191 119 -1 1
168 141 -1 1
232 143 -1 1
157 139 -1 1
212 154 -1 1
171 140 -1 1
205 118 -1 1
228 133 -1 1
246 127 -1 1
180 145 -1 1
223 147 -1 1
197 152 -1 1
174 135 -1 1
157 137 -1 1
204 120 -1 1
177 123 -1 1
197 116 -1 1
240 132 -1 1
239 124 -1 1
202 117 -1 1
218 121 -1 1
228 132 -1 1
174 130 -1 1
212 155 -1 1
226 128 -1 1
210 133 -1 1
159 134 -1 1
225 117 -1 1
172 152 -1 1
209 126 -1 1
177 144 -1 1
237 117 -1 1
244 139 -1 1
167 142 -1 1
241 139 -1 1
204 135 -1 1
208 132 -1 1
232 146 -1 1
173 140 -1 1
194 152 -1 1
176 142 -1 1
156 137 -1 1
159 138 -1 1
198 134 -1 1
209 133 -1 1
216 142 -1 1
169 130 -1 1
202 141 -1 1
233 133 -1 1
186 138 -1 1
184 132 -1 1
188 152 -1 1
228 128 -1 1
170 138 -1 1
193 117 -1 1
194 144 -1 1
176 138 -1 1
245 120 -1 1
160 142 -1 1
200 151 -1 1
190 133 -1 1
182 138 -1 1
189 134 -1 1
154 137 -1 1
200 132 -1 1
243 142 -1 1
242 120 -1 1
245 129 -1 1
169 136 -1 1
238 133 -1 1
201 153 -1 1
217 142 -1 1
235 147 -1 1
216 120 -1 1
195 140 -1 1
196 139 -1 1
163 133 -1 1
161 133 -1 1
193 151 -1 1
198 130 -1 1
158 136 -1 1
201 138 -1 1
218 120 -1 1
184 135 -1 1
195 145 -1 1
189 146 -1 1
186 129 -1 1
207 144 -1 1
205 152 -1 1
215 120 -1 1
225 128 -1 1
216 123 -1 1
238 140 -1 1
197 131 -1 1
195 120 -1 1
186 130 -1 1
242 143 -1 1
192 141 -1 1
203 142 -1 1
159 142 -1 1
220 145 -1 1
189 129 -1 1
203 138 -1 1
195 130 -1 1
247 130 -1 1
223 138 -1 1
180 131 -1 1
241 127 -1 1
231 125 -1 1
205 148 -1 1
183 145 -1 1
184 122 -1 1
201 117 -1 1
170 140 -1 1
185 144 -1 1
192 142 -1 1
180 124 -1 1
234 144 -1 1
178 135 -1 1
169 150 -1 1
252 123 -1 1
192 120 -1 1
209 145 -1 1
194 140 -1 1
173 129 -1 1
150 140 -1 1
191 140 -1 1
188 149 -1 1
238 136 -1 1
186 137 -1 1
207 149 -1 1
231 140 -1 1
198 135 -1 1
170 129 -1 1
187 154 -1 1
219 120 -1 1
208 136 -1 1
247 133 -1 1
186 145 -1 1
170 145 -1 1
211 133 -1 1
212 130 -1 1
235 140 -1 1
165 143 -1 1
224 139 -1 1
218 153 -1 1
174 145 -1 1
217 122 -1 1
184 126 -1 1
213 146 -1 1
196 127 -1 1
172 135 -1 1
237 131 -1 1
215 149 -1 1
219 138 -1 1
243 129 -1 1
199 121 -1 1
246 132 -1 1
178 145 -1 1
231 127 -1 1
189 154 -1 1
209 127 -1 1
223 151 -1 1
184 153 -1 1
227 133 -1 1
232 148 -1 1
206 146 -1 1
181 151 -1 1
231 130 -1 1
222 125 -1 1
208 145 -1 1
181 132 -1 1
197 151 -1 1
189 142 -1 1
198 152 -1 1
249 133 -1 1
242 138 -1 1
236 132 -1 1
176 141 -1 1
