4800 400 400
233 365 -1 0
24 119 -1 0
236 245 -1 0
163 64 -1 0
340 171 -1 0
226 377 -1 0
146 17 -1 0
311 139 -1 0
314 346 -1 0
119 212 -1 0
51 399 -1 0
22 93 -1 0
240 325 -1 0
215 126 -1 0
365 208 -1 0
20 168 -1 0
0 0 -1 0
88 203 -1 0
321 117 -1 0
146 204 -1 0
365 316 -1 0
247 4 -1 0
350 122 -1 0
216 140 -1 0
150 53 -1 0
163 307 -1 0
15 65 -1 0
179 234 -1 0
6 355 -1 0
85 373 -1 0
57 13 -1 0
56 6 -1 0
392 211 -1 0
213 273 -1 0
140 206 -1 0
172 254 -1 0
380 245 -1 0
133 247 -1 0
315 216 -1 0
194 251 -1 0
399 94 -1 0
72 325 -1 0
101 369 -1 0
212 352 -1 0
182 18 -1 0
245 356 -1 0
388 374 -1 0
102 56 -1 0
319 166 -1 0
65 356 -1 0
289 108 -1 0
237 249 -1 0
303 303 -1 0
58 137 -1 0
159 317 -1 0
74 226 -1 0
121 149 -1 0
323 60 -1 0
384 130 -1 0
63 80 -1 0
390 386 -1 0
286 220 -1 0
47 357 -1 0
188 84 -1 0
325 7 -1 0
135 54 -1 0
84 134 -1 0
19 328 -1 0
69 118 -1 0
288 86 -1 0
368 277 -1 0
21 36 -1 0
277 94 -1 0
204 44 -1 0
113 341 -1 0
249 159 -1 0
266 270 -1 0
101 181 -1 0
171 344 -1 0
263 255 -1 0
78 307 -1 0
174 214 -1 0
371 20 -1 0
202 365 -1 0
348 261 -1 0
294 366 -1 0
194 239 -1 0
349 19 -1 0
101 331 -1 0
121 103 -1 0
98 283 -1 0
123 325 -1 0
323 198 -1 0
214 370 -1 0
97 304 -1 0
341 270 -1 0
37 250 -1 0
250 12 -1 0
297 73 -1 0
111 199 -1 0
75 269 -1 0
285 321 -1 0
241 294 -1 0
367 78 -1 0
296 255 -1 0
53 222 -1 0
335 385 -1 0
298 391 -1 0
45 258 -1 0
265 345 -1 0
234 363 -1 0
177 360 -1 0
204 376 -1 0
395 18 -1 0
299 71 -1 0
50 151 -1 0
305 69 -1 0
319 373 -1 0
97 352 -1 0
71 243 -1 0
212 360 -1 0
123 41 -1 0
27 230 -1 0
206 315 -1 0
13 315 -1 0
105 304 -1 0
30 328 -1 0
380 142 -1 0
70 335 -1 0
153 320 -1 0
329 13 -1 0
45 126 -1 0
77 84 -1 0
168 39 -1 0
190 368 -1 0
218 87 -1 0
304 383 -1 0
164 202 -1 0
118 142 -1 0
110 368 -1 0
327 358 -1 0
79 139 -1 0
350 59 -1 0
384 71 -1 0
40 140 -1 0
126 53 -1 0
52 308 -1 0
313 18 -1 0
69 123 -1 0
114 137 -1 0
288 98 -1 0
62 209 -1 0
373 137 -1 0
391 285 -1 0
144 13 -1 0
189 338 -1 0
193 328 -1 0
10 173 -1 0
163 287 -1 0
97 126 -1 0
128 110 -1 0
317 236 -1 0
217 374 -1 0
230 237 -1 0
274 141 -1 0
329 324 -1 0
267 351 -1 0
397 289 -1 0
236 5 -1 0
272 82 -1 0
374 67 -1 0
58 237 -1 0
291 149 -1 0
284 33 -1 0
170 123 -1 0
204 269 -1 0
77 223 -1 0
333 341 -1 0
164 380 -1 0
187 212 -1 0
48 331 -1 0
344 101 -1 0
2 39 -1 0
294 37 -1 0
125 306 -1 0
143 242 -1 0
149 9 -1 0
285 216 -1 0
138 369 -1 0
115 249 -1 0
36 314 -1 0
2 311 -1 0
184 106 -1 0
222 255 -1 0
230 70 -1 0
358 284 -1 0
75 396 -1 0
179 261 -1 0
308 128 -1 0
218 234 -1 0
229 298 -1 0
289 233 -1 0
200 333 -1 0
81 152 -1 0
127 191 -1 0
121 18 -1 0
267 21 -1 0
191 229 -1 0
359 328 -1 0
29 191 -1 0
1 126 -1 0
186 217 -1 0
26 274 -1 0
197 75 -1 0
154 2 -1 0
329 59 -1 0
150 199 -1 0
169 388 -1 0
301 141 -1 0
133 298 -1 0
314 266 -1 0
131 168 -1 0
74 156 -1 0
42 264 -1 0
30 71 -1 0
181 235 -1 0
33 22 -1 0
107 373 -1 0
23 71 -1 0
160 276 -1 0
49 360 -1 0
115 120 -1 0
267 184 -1 0
385 234 -1 0
64 397 -1 0
109 284 -1 0
4 349 -1 0
102 325 -1 0
342 394 -1 0
331 298 -1 0
311 97 -1 0
372 251 -1 0
357 331 -1 0
160 274 -1 0
294 20 -1 0
240 25 -1 0
223 39 -1 0
14 287 -1 0
315 362 -1 0
68 352 -1 0
64 57 -1 0
65 36 -1 0
354 328 -1 0
331 301 -1 0
215 296 -1 0
345 73 -1 0
267 36 -1 0
82 46 -1 0
389 300 -1 0
331 363 -1 0
285 333 -1 0
55 25 -1 0
44 51 -1 0
314 212 -1 0
287 391 -1 0
126 88 -1 0
325 145 -1 0
12 40 -1 0
9 130 -1 0
14 194 -1 0
382 358 -1 0
320 216 -1 0
192 73 -1 0
114 158 -1 0
7 200 -1 0
383 379 -1 0
138 355 -1 0
298 270 -1 0
230 217 -1 0
22 364 -1 0
183 215 -1 0
24 123 -1 0
374 341 -1 0
392 110 -1 0
303 294 -1 0
293 223 -1 0
146 212 -1 0
109 92 -1 0
380 75 -1 0
397 316 -1 0
353 145 -1 0
151 349 -1 0
110 184 -1 0
134 297 -1 0
180 274 -1 0
387 311 -1 0
252 82 -1 0
356 238 -1 0
255 244 -1 0
208 223 -1 0
120 146 -1 0
99 46 -1 0
68 202 -1 0
1 397 -1 0
319 148 -1 0
58 96 -1 0
299 378 -1 0
100 386 -1 0
224 73 -1 0
175 238 -1 0
102 114 -1 0
32 4 -1 0
300 225 -1 0
27 134 -1 0
173 331 -1 0
199 298 -1 0
45 128 -1 0
124 237 -1 0
126 333 -1 0
329 26 -1 0
323 39 -1 0
208 295 -1 0
90 125 -1 0
300 16 -1 0
243 100 -1 0
312 384 -1 0
67 66 -1 0
330 300 -1 0
16 395 -1 0
254 17 -1 0
191 399 -1 0
86 3 -1 0
131 229 -1 0
86 56 -1 0
118 168 -1 0
267 88 -1 0
208 36 -1 0
291 332 -1 0
130 377 -1 0
127 275 -1 0
85 176 -1 0
377 49 -1 0
283 230 -1 0
30 241 -1 0
53 79 -1 0
347 341 -1 0
115 317 -1 0
390 55 -1 0
77 15 -1 0
112 136 -1 0
72 339 -1 0
260 93 -1 0
76 302 -1 0
18 114 -1 0
91 276 -1 0
17 122 -1 0
399 163 -1 0
284 181 -1 0
349 98 -1 0
84 210 -1 0
245 130 -1 0
345 136 -1 0
357 22 -1 0
95 159 -1 0
98 325 -1 0
125 98 -1 0
102 301 -1 0
55 272 -1 0
116 359 -1 0
269 264 -1 0
352 41 -1 0
95 347 -1 0
274 36 -1 0
209 391 -1 0
194 108 -1 0
129 19 -1 0
63 369 -1 0
192 326 -1 0
377 229 -1 0
23 56 -1 0
392 150 -1 0
252 385 -1 0
147 348 -1 0
333 200 -1 0
185 10 -1 0
34 195 -1 0
130 347 -1 0
146 313 -1 0
175 106 -1 0
52 163 -1 0
25 303 -1 0
16 221 -1 0
343 185 -1 0
258 87 -1 0
308 290 -1 0
31 335 -1 0
187 219 -1 0
8 21 -1 0
15 348 -1 0
348 8 -1 0
138 112 -1 0
84 33 -1 0
56 28 -1 0
134 328 -1 0
215 280 -1 0
172 338 -1 0
86 386 -1 0
319 24 -1 0
231 0 -1 0
240 286 -1 0
391 2 -1 0
233 107 -1 0
200 370 -1 0
61 288 -1 0
117 208 -1 0
328 25 -1 0
323 276 -1 0
245 63 -1 0
131 121 -1 0
329 25 -1 0
142 260 -1 0
142 228 -1 0
327 223 -1 0
15 138 -1 0
93 327 -1 0
239 340 -1 0
251 78 -1 0
375 273 -1 0
322 35 -1 0
94 164 -1 0
87 291 -1 0
305 51 -1 0
273 114 -1 0
49 325 -1 0
304 116 -1 0
290 140 -1 0
384 57 -1 0
47 233 -1 0
58 327 -1 0
278 199 -1 0
113 160 -1 0
234 230 -1 0
293 49 -1 0
3 74 -1 0
276 45 -1 0
23 78 -1 0
322 123 -1 0
260 384 -1 0
128 149 -1 0
59 98 -1 0
181 109 -1 0
396 29 -1 0
375 294 -1 0
32 152 -1 0
370 9 -1 0
8 25 -1 0
126 372 -1 0
70 12 -1 0
46 331 -1 0
292 359 -1 0
95 246 -1 0
346 198 -1 0
139 324 -1 0
306 301 -1 0
322 37 -1 0
83 65 -1 0
253 102 -1 0
162 107 -1 0
100 55 -1 0
224 131 -1 0
29 301 -1 0
206 67 -1 0
51 1 -1 0
352 143 -1 0
30 147 -1 0
168 29 -1 0
57 325 -1 0
32 388 -1 0
52 247 -1 0
353 351 -1 0
342 252 -1 0
323 239 -1 0
159 109 -1 0
339 165 -1 0
248 225 -1 0
247 210 -1 0
329 396 -1 0
123 121 -1 0
210 34 -1 0
100 168 -1 0
109 342 -1 0
363 193 -1 0
289 89 -1 0
292 186 -1 0
326 78 -1 0
399 298 -1 0
5 117 -1 0
355 370 -1 0
226 385 -1 0
364 288 -1 0
156 373 -1 0
326 1 -1 0
111 352 -1 0
54 16 -1 0
316 246 -1 0
217 288 -1 0
85 27 -1 0
308 14 -1 0
282 275 -1 0
316 111 -1 0
386 242 -1 0
387 114 -1 0
89 80 -1 0
189 244 -1 0
236 235 -1 0
390 280 -1 0
260 61 -1 0
242 379 -1 0
214 72 -1 0
100 109 -1 0
327 102 -1 0
269 74 -1 0
48 31 -1 0
372 301 -1 0
67 282 -1 0
85 348 -1 0
70 198 -1 0
391 34 -1 0
330 274 -1 0
153 76 -1 0
262 115 -1 0
363 399 -1 0
258 279 -1 0
288 126 -1 0
233 351 -1 0
124 70 -1 0
269 7 -1 0
111 160 -1 0
30 195 -1 0
268 258 -1 0
341 296 -1 0
360 337 -1 0
87 58 -1 0
337 80 -1 0
129 281 -1 0
84 224 -1 0
8 37 -1 0
247 13 -1 0
308 16 -1 0
69 341 -1 0
380 211 -1 0
93 331 -1 0
69 237 -1 0
153 298 -1 0
303 173 -1 0
101 245 -1 0
279 362 -1 0
171 251 -1 0
370 239 -1 0
124 341 -1 0
48 328 -1 0
303 286 -1 0
109 30 -1 0
116 204 -1 0
58 11 -1 0
106 297 -1 0
245 279 -1 0
127 47 -1 0
109 11 -1 0
168 226 -1 0
105 172 -1 0
276 34 -1 0
19 7 -1 0
389 179 -1 0
234 315 -1 0
88 385 -1 0
276 217 -1 0
159 277 -1 0
239 386 -1 0
369 164 -1 0
52 282 -1 0
382 21 -1 0
190 131 -1 0
24 313 -1 0
100 357 -1 0
194 356 -1 0
383 45 -1 0
340 210 -1 0
377 111 -1 0
234 377 -1 0
134 99 -1 0
396 235 -1 0
153 108 -1 0
268 141 -1 0
117 6 -1 0
371 304 -1 0
128 389 -1 0
343 215 -1 0
145 275 -1 0
62 129 -1 0
169 91 -1 0
219 145 -1 0
130 123 -1 0
302 250 -1 0
360 114 -1 0
376 97 -1 0
308 276 -1 0
290 391 -1 0
142 70 -1 0
235 144 -1 0
336 264 -1 0
78 95 -1 0
207 219 -1 0
381 137 -1 0
122 185 -1 0
270 22 -1 0
338 328 -1 0
10 111 -1 0
302 184 -1 0
68 217 -1 0
182 341 -1 0
305 137 -1 0
152 367 -1 0
297 119 -1 0
166 334 -1 0
16 51 -1 0
44 195 -1 0
16 344 -1 0
345 151 -1 0
105 296 -1 0
57 396 -1 0
229 371 -1 0
76 315 -1 0
66 35 -1 0
258 173 -1 0
187 261 -1 0
158 236 -1 0
322 126 -1 0
143 38 -1 0
331 260 -1 0
230 43 -1 0
198 14 -1 0
155 237 -1 0
48 25 -1 0
153 245 -1 0
47 280 -1 0
376 189 -1 0
301 94 -1 0
246 337 -1 0
143 352 -1 0
175 222 -1 0
36 71 -1 0
45 115 -1 0
7 396 -1 0
65 292 -1 0
264 394 -1 0
293 271 -1 0
346 132 -1 0
14 122 -1 0
294 117 -1 0
326 128 -1 0
304 370 -1 0
107 261 -1 0
33 364 -1 0
383 234 -1 0
262 42 -1 0
142 352 -1 0
333 32 -1 0
340 360 -1 0
150 361 -1 0
281 304 -1 0
102 192 -1 0
89 96 -1 0
297 342 -1 0
262 117 -1 0
273 178 -1 0
57 302 -1 0
142 390 -1 0
103 286 -1 0
387 38 -1 0
10 283 -1 0
190 58 -1 0
285 186 -1 0
396 171 -1 0
282 196 -1 0
389 284 -1 0
306 124 -1 0
70 236 -1 0
51 45 -1 0
383 120 -1 0
210 97 -1 0
235 69 -1 0
326 96 -1 0
37 351 -1 0
300 97 -1 0
374 366 -1 0
339 150 -1 0
163 44 -1 0
332 141 -1 0
146 264 -1 0
49 26 -1 0
301 96 -1 0
139 110 -1 0
292 206 -1 0
38 205 -1 0
107 25 -1 0
233 4 -1 0
250 321 -1 0
239 67 -1 0
13 240 -1 0
99 391 -1 0
9 22 -1 0
154 97 -1 0
354 395 -1 0
236 143 -1 0
127 227 -1 0
80 132 -1 0
43 43 -1 0
46 368 -1 0
80 364 -1 0
53 62 -1 0
238 98 -1 0
186 118 -1 0
371 234 -1 0
209 113 -1 0
213 322 -1 0
343 84 -1 0
247 63 -1 0
108 225 -1 0
384 212 -1 0
39 363 -1 0
74 53 -1 0
128 393 -1 0
0 330 -1 0
295 232 -1 0
184 378 -1 0
162 199 -1 0
7 310 -1 0
335 2 -1 0
114 379 -1 0
354 266 -1 0
381 396 -1 0
210 377 -1 0
279 324 -1 0
378 192 -1 0
93 157 -1 0
252 222 -1 0
34 228 -1 0
12 244 -1 0
294 131 -1 0
131 303 -1 0
329 56 -1 0
242 18 -1 0
105 202 -1 0
71 140 -1 0
137 96 -1 0
16 185 -1 0
136 159 -1 0
180 19 -1 0
83 202 -1 0
186 293 -1 0
286 122 -1 0
271 299 -1 0
274 163 -1 0
199 359 -1 0
354 350 -1 0
268 338 -1 0
83 101 -1 0
119 69 -1 0
211 345 -1 0
29 18 -1 0
43 163 -1 0
281 334 -1 0
294 147 -1 0
361 379 -1 0
117 99 -1 0
133 182 -1 0
4 175 -1 0
45 263 -1 0
358 15 -1 0
85 335 -1 0
317 157 -1 0
316 382 -1 0
123 103 -1 0
197 397 -1 0
259 36 -1 0
122 130 -1 0
50 337 -1 0
4 210 -1 0
342 241 -1 0
363 316 -1 0
221 315 -1 0
34 293 -1 0
273 304 -1 0
285 266 -1 0
319 12 -1 0
383 49 -1 0
8 262 -1 0
223 103 -1 0
370 34 -1 0
236 13 -1 0
265 304 -1 0
297 173 -1 0
245 388 -1 0
180 363 -1 0
131 35 -1 0
308 197 -1 0
109 364 -1 0
195 25 -1 0
204 115 -1 0
211 302 -1 0
112 318 -1 0
312 283 -1 0
193 303 -1 0
250 45 -1 0
374 167 -1 0
240 63 -1 0
264 351 -1 0
355 190 -1 0
191 332 -1 0
386 290 -1 0
282 302 -1 0
187 25 -1 0
59 306 -1 0
193 12 -1 0
326 117 -1 0
336 365 -1 0
122 215 -1 0
194 315 -1 0
55 203 -1 0
328 16 -1 0
24 364 -1 0
214 131 -1 0
157 387 -1 0
333 240 -1 0
278 299 -1 0
69 109 -1 0
280 75 -1 0
251 84 -1 0
176 9 -1 0
253 242 -1 0
243 33 -1 0
187 122 -1 0
330 122 -1 0
393 127 -1 0
392 126 -1 0
183 383 -1 0
214 144 -1 0
340 159 -1 0
328 141 -1 0
32 358 -1 0
108 72 -1 0
97 102 -1 0
256 104 -1 0
385 131 -1 0
116 12 -1 0
63 325 -1 0
241 102 -1 0
289 125 -1 0
398 89 -1 0
317 300 -1 0
220 40 -1 0
88 370 -1 0
327 14 -1 0
382 96 -1 0
45 99 -1 0
397 242 -1 0
329 363 -1 0
206 27 -1 0
116 5 -1 0
99 130 -1 0
395 245 -1 0
335 175 -1 0
260 66 -1 0
95 309 -1 0
393 215 -1 0
212 325 -1 0
13 210 -1 0
348 41 -1 0
5 61 -1 0
108 213 -1 0
383 127 -1 0
334 195 -1 0
106 388 -1 0
396 272 -1 0
262 283 -1 0
308 158 -1 0
180 282 -1 0
235 56 -1 0
220 243 -1 0
317 84 -1 0
136 367 -1 0
379 355 -1 0
259 318 -1 0
63 111 -1 0
396 48 -1 0
355 128 -1 0
95 296 -1 0
205 270 -1 0
141 89 -1 0
87 373 -1 0
176 46 -1 0
270 223 -1 0
312 198 -1 0
337 227 -1 0
242 14 -1 0
20 294 -1 0
159 128 -1 0
126 165 -1 0
234 353 -1 0
288 15 -1 0
51 80 -1 0
244 99 -1 0
251 230 -1 0
349 20 -1 0
324 335 -1 0
344 37 -1 0
157 135 -1 0
16 261 -1 0
310 184 -1 0
137 181 -1 0
362 284 -1 0
290 113 -1 0
295 130 -1 0
131 151 -1 0
49 133 -1 0
124 204 -1 0
297 98 -1 0
273 139 -1 0
81 269 -1 0
271 204 -1 0
382 67 -1 0
277 182 -1 0
66 271 -1 0
14 284 -1 0
10 75 -1 0
132 227 -1 0
224 147 -1 0
299 152 -1 0
257 11 -1 0
348 74 -1 0
386 112 -1 0
81 281 -1 0
358 69 -1 0
397 84 -1 0
126 382 -1 0
34 358 -1 0
21 215 -1 0
155 123 -1 0
274 146 -1 0
260 339 -1 0
383 336 -1 0
288 157 -1 0
304 104 -1 0
126 48 -1 0
90 175 -1 0
88 61 -1 0
196 338 -1 0
181 288 -1 0
169 203 -1 0
201 346 -1 0
10 97 -1 0
157 381 -1 0
135 380 -1 0
114 386 -1 0
171 202 -1 0
31 290 -1 0
387 364 -1 0
56 3 -1 0
311 162 -1 0
261 221 -1 0
0 34 -1 0
76 17 -1 0
104 203 -1 0
396 311 -1 0
259 99 -1 0
280 385 -1 0
292 370 -1 0
189 288 -1 0
156 19 -1 0
314 77 -1 0
33 49 -1 0
392 6 -1 0
20 189 -1 0
53 109 -1 0
393 382 -1 0
290 56 -1 0
268 191 -1 0
72 1 -1 0
175 121 -1 0
70 207 -1 0
94 332 -1 0
232 38 -1 0
280 177 -1 0
73 29 -1 0
34 6 -1 0
106 71 -1 0
245 386 -1 0
178 34 -1 0
36 126 -1 0
362 313 -1 0
8 55 -1 0
242 396 -1 0
159 221 -1 0
81 376 -1 0
304 173 -1 0
163 137 -1 0
351 15 -1 0
280 292 -1 0
60 384 -1 0
376 384 -1 0
286 364 -1 0
26 101 -1 0
169 253 -1 0
87 202 -1 0
250 311 -1 0
367 304 -1 0
320 106 -1 0
103 355 -1 0
296 302 -1 0
268 92 -1 0
327 241 -1 0
308 383 -1 0
140 8 -1 0
294 121 -1 0
286 369 -1 0
23 329 -1 0
349 309 -1 0
173 36 -1 0
244 37 -1 0
31 293 -1 0
278 161 -1 0
273 336 -1 0
129 129 -1 0
6 300 -1 0
164 208 -1 0
194 253 -1 0
75 8 -1 0
142 54 -1 0
359 238 -1 0
396 76 -1 0
28 215 -1 0
372 333 -1 0
284 141 -1 0
79 2 -1 0
86 320 -1 0
56 303 -1 0
269 148 -1 0
167 121 -1 0
332 179 -1 0
380 125 -1 0
52 93 -1 0
268 177 -1 0
67 5 -1 0
301 157 -1 0
303 40 -1 0
106 301 -1 0
245 260 -1 0
117 123 -1 0
72 140 -1 0
332 114 -1 0
303 246 -1 0
158 273 -1 0
7 12 -1 0
365 163 -1 0
358 104 -1 0
341 100 -1 0
175 211 -1 0
203 219 -1 0
62 158 -1 0
58 275 -1 0
331 171 -1 0
307 78 -1 0
175 52 -1 0
360 178 -1 0
205 107 -1 0
301 219 -1 0
308 17 -1 0
312 49 -1 0
91 274 -1 0
74 70 -1 0
112 57 -1 0
231 101 -1 0
54 53 -1 0
41 106 -1 0
127 196 -1 0
387 274 -1 0
144 348 -1 0
177 132 -1 0
192 43 -1 0
66 71 -1 0
186 260 -1 0
130 94 -1 0
336 373 -1 0
324 316 -1 0
273 174 -1 0
79 393 -1 0
195 332 -1 0
48 119 -1 0
321 210 -1 0
270 290 -1 0
244 333 -1 0
234 9 -1 0
285 125 -1 0
382 206 -1 0
392 106 -1 0
250 52 -1 0
51 299 -1 0
159 299 -1 0
144 189 -1 0
294 158 -1 0
293 26 -1 0
147 116 -1 0
192 127 -1 0
49 338 -1 0
114 269 -1 0
21 268 -1 0
69 33 -1 0
381 176 -1 0
204 56 -1 0
321 219 -1 0
317 386 -1 0
387 257 -1 0
131 276 -1 0
264 35 -1 0
311 96 -1 0
228 46 -1 0
20 364 -1 0
284 190 -1 0
187 248 -1 0
260 237 -1 0
282 90 -1 0
4 311 -1 0
375 335 -1 0
393 74 -1 0
373 141 -1 0
298 262 -1 0
355 338 -1 0
261 371 -1 0
312 80 -1 0
298 36 -1 0
331 291 -1 0
90 211 -1 0
22 370 -1 0
361 238 -1 0
319 183 -1 0
245 289 -1 0
165 82 -1 0
198 141 -1 0
243 65 -1 0
146 380 -1 0
196 138 -1 0
303 8 -1 0
186 291 -1 0
382 48 -1 0
70 380 -1 0
228 364 -1 0
75 117 -1 0
307 220 -1 0
92 206 -1 0
68 392 -1 0
38 188 -1 0
172 212 -1 0
389 334 -1 0
338 68 -1 0
93 290 -1 0
55 280 -1 0
63 28 -1 0
153 282 -1 0
396 293 -1 0
20 265 -1 0
260 57 -1 0
259 202 -1 0
384 230 -1 0
343 255 -1 0
334 159 -1 0
139 192 -1 0
27 247 -1 0
202 368 -1 0
292 246 -1 0
273 22 -1 0
126 335 -1 0
16 25 -1 0
136 29 -1 0
251 312 -1 0
359 222 -1 0
346 71 -1 0
289 380 -1 0
132 87 -1 0
159 356 -1 0
262 73 -1 0
217 380 -1 0
330 284 -1 0
305 302 -1 0
30 344 -1 0
209 4 -1 0
27 206 -1 0
278 373 -1 0
57 210 -1 0
230 363 -1 0
398 113 -1 0
282 6 -1 0
69 216 -1 0
126 365 -1 0
320 244 -1 0
239 75 -1 0
98 169 -1 0
347 363 -1 0
139 229 -1 0
338 325 -1 0
180 52 -1 0
133 66 -1 0
96 31 -1 0
58 158 -1 0
385 60 -1 0
50 179 -1 0
108 232 -1 0
382 83 -1 0
326 391 -1 0
391 15 -1 0
374 66 -1 0
84 92 -1 0
90 277 -1 0
155 397 -1 0
174 249 -1 0
261 189 -1 0
7 341 -1 0
241 38 -1 0
86 17 -1 0
225 283 -1 0
87 83 -1 0
269 320 -1 0
339 211 -1 0
383 307 -1 0
193 253 -1 0
186 392 -1 0
3 93 -1 0
61 258 -1 0
197 220 -1 0
9 171 -1 0
80 122 -1 0
369 6 -1 0
337 134 -1 0
190 283 -1 0
27 193 -1 0
111 132 -1 0
146 39 -1 0
104 17 -1 0
357 291 -1 0
113 84 -1 0
154 294 -1 0
33 135 -1 0
43 306 -1 0
309 190 -1 0
80 362 -1 0
311 112 -1 0
183 226 -1 0
7 199 -1 0
214 343 -1 0
121 374 -1 0
303 376 -1 0
179 241 -1 0
318 73 -1 0
219 288 -1 0
379 52 -1 0
80 264 -1 0
360 319 -1 0
68 76 -1 0
149 353 -1 0
143 56 -1 0
145 272 -1 0
282 222 -1 0
255 126 -1 0
335 355 -1 0
170 239 -1 0
36 67 -1 0
84 222 -1 0
55 4 -1 0
158 47 -1 0
310 351 -1 0
297 251 -1 0
343 317 -1 0
316 177 -1 0
388 26 -1 0
359 143 -1 0
3 173 -1 0
330 269 -1 0
392 173 -1 0
394 85 -1 0
68 244 -1 0
251 210 -1 0
151 58 -1 0
219 38 -1 0
71 335 -1 0
141 8 -1 0
64 8 -1 0
318 318 -1 0
340 234 -1 0
46 363 -1 0
255 20 -1 0
318 3 -1 0
160 24 -1 0
200 274 -1 0
95 393 -1 0
141 351 -1 0
288 262 -1 0
361 95 -1 0
229 395 -1 0
33 42 -1 0
345 118 -1 0
17 383 -1 0
379 7 -1 0
179 66 -1 0
180 224 -1 0
111 386 -1 0
245 301 -1 0
153 39 -1 0
248 85 -1 0
66 21 -1 0
357 174 -1 0
225 386 -1 0
354 335 -1 0
105 216 -1 0
364 70 -1 0
248 166 -1 0
119 396 -1 0
105 214 -1 0
103 124 -1 0
126 163 -1 0
135 125 -1 0
332 319 -1 0
329 297 -1 0
118 271 -1 0
282 155 -1 0
302 157 -1 0
221 255 -1 0
257 232 -1 0
259 204 -1 0
215 65 -1 0
16 227 -1 0
113 30 -1 0
388 221 -1 0
260 255 -1 0
231 120 -1 0
74 14 -1 0
231 393 -1 0
117 377 -1 0
149 316 -1 0
387 234 -1 0
335 356 -1 0
321 361 -1 0
204 386 -1 0
88 176 -1 0
292 386 -1 0
316 90 -1 0
266 171 -1 0
38 369 -1 0
382 113 -1 0
204 84 -1 0
128 329 -1 0
171 267 -1 0
313 214 -1 0
220 142 -1 0
249 76 -1 0
76 121 -1 0
382 366 -1 0
286 152 -1 0
214 339 -1 0
232 287 -1 0
197 256 -1 0
53 128 -1 0
13 214 -1 0
41 41 -1 0
212 388 -1 0
126 3 -1 0
302 389 -1 0
207 298 -1 0
95 235 -1 0
169 256 -1 0
325 98 -1 0
299 272 -1 0
55 94 -1 0
195 131 -1 0
338 107 -1 0
16 289 -1 0
73 84 -1 0
266 319 -1 0
311 391 -1 0
132 135 -1 0
293 335 -1 0
87 198 -1 0
215 300 -1 0
318 58 -1 0
55 202 -1 0
145 371 -1 0
329 356 -1 0
392 93 -1 0
289 86 -1 0
213 57 -1 0
355 301 -1 0
347 108 -1 0
285 157 -1 0
327 115 -1 0
200 257 -1 0
264 149 -1 0
261 122 -1 0
159 73 -1 0
359 251 -1 0
262 152 -1 0
370 62 -1 0
318 379 -1 0
50 370 -1 0
275 39 -1 0
3 58 -1 0
37 383 -1 0
243 230 -1 0
9 81 -1 0
35 12 -1 0
24 283 -1 0
33 292 -1 0
348 218 -1 0
215 305 -1 0
320 137 -1 0
277 167 -1 0
107 259 -1 0
85 0 -1 0
19 237 -1 0
316 35 -1 0
66 54 -1 0
226 81 -1 0
265 164 -1 0
7 68 -1 0
308 237 -1 0
78 177 -1 0
67 208 -1 0
50 378 -1 0
141 380 -1 0
131 186 -1 0
361 225 -1 0
13 199 -1 0
372 125 -1 0
361 362 -1 0
364 208 -1 0
56 193 -1 0
297 267 -1 0
123 209 -1 0
253 156 -1 0
8 27 -1 0
52 45 -1 0
264 293 -1 0
352 391 -1 0
279 242 -1 0
304 257 -1 0
379 214 -1 0
384 376 -1 0
77 198 -1 0
394 365 -1 0
122 365 -1 0
253 287 -1 0
150 249 -1 0
33 31 -1 0
336 201 -1 0
234 219 -1 0
299 188 -1 0
285 377 -1 0
122 302 -1 0
387 13 -1 0
234 221 -1 0
60 184 -1 0
155 328 -1 0
116 334 -1 0
66 89 -1 0
113 306 -1 0
293 295 -1 0
174 329 -1 0
92 172 -1 0
149 124 -1 0
257 83 -1 0
390 390 -1 0
246 32 -1 0
96 169 -1 0
50 156 -1 0
141 19 -1 0
114 175 -1 0
361 298 -1 0
345 27 -1 0
212 245 -1 0
27 273 -1 0
317 226 -1 0
49 270 -1 0
221 248 -1 0
78 277 -1 0
71 123 -1 0
325 50 -1 0
70 364 -1 0
348 250 -1 0
142 58 -1 0
362 245 -1 0
284 174 -1 0
97 250 -1 0
18 107 -1 0
330 224 -1 0
245 127 -1 0
15 109 -1 0
226 93 -1 0
121 230 -1 0
331 386 -1 0
396 110 -1 0
385 41 -1 0
235 358 -1 0
12 261 -1 0
194 275 -1 0
101 178 -1 0
200 81 -1 0
192 299 -1 0
302 115 -1 0
280 77 -1 0
54 304 -1 0
392 347 -1 0
100 29 -1 0
381 347 -1 0
211 338 -1 0
120 259 -1 0
173 274 -1 0
337 374 -1 0
97 124 -1 0
232 275 -1 0
58 333 -1 0
318 392 -1 0
121 393 -1 0
192 300 -1 0
308 57 -1 0
289 162 -1 0
39 98 -1 0
135 310 -1 0
328 394 -1 0
4 162 -1 0
345 63 -1 0
269 25 -1 0
79 186 -1 0
66 63 -1 0
90 130 -1 0
174 281 -1 0
336 175 -1 0
385 158 -1 0
207 284 -1 0
234 369 -1 0
115 212 -1 0
379 171 -1 0
228 256 -1 0
293 115 -1 0
115 348 -1 0
123 156 -1 0
293 253 -1 0
7 14 -1 0
297 307 -1 0
399 31 -1 0
268 234 -1 0
349 292 -1 0
254 327 -1 0
324 214 -1 0
353 49 -1 0
132 11 -1 0
348 27 -1 0
1 33 -1 0
333 388 -1 0
25 23 -1 0
334 26 -1 0
93 143 -1 0
82 45 -1 0
213 70 -1 0
349 33 -1 0
48 50 -1 0
283 79 -1 0
206 109 -1 0
264 63 -1 0
365 327 -1 0
9 125 -1 0
83 327 -1 0
120 363 -1 0
202 271 -1 0
61 356 -1 0
337 63 -1 0
120 382 -1 0
15 99 -1 0
33 53 -1 0
169 397 -1 0
40 234 -1 0
375 381 -1 0
233 131 -1 0
353 21 -1 0
347 321 -1 0
228 396 -1 0
238 350 -1 0
205 6 -1 0
346 75 -1 0
346 116 -1 0
156 257 -1 0
7 23 -1 0
395 176 -1 0
137 46 -1 0
310 190 -1 0
284 38 -1 0
135 216 -1 0
265 365 -1 0
155 296 -1 0
354 139 -1 0
227 255 -1 0
252 40 -1 0
241 283 -1 0
103 173 -1 0
64 377 -1 0
60 128 -1 0
93 10 -1 0
293 155 -1 0
349 86 -1 0
324 315 -1 0
201 92 -1 0
55 317 -1 0
278 309 -1 0
272 156 -1 0
96 216 -1 0
198 222 -1 0
119 81 -1 0
71 112 -1 0
312 349 -1 0
380 292 -1 0
83 297 -1 0
29 84 -1 0
239 342 -1 0
249 213 -1 0
399 96 -1 0
77 219 -1 0
236 298 -1 0
196 135 -1 0
63 19 -1 0
349 342 -1 0
76 372 -1 0
394 159 -1 0
130 150 -1 0
215 394 -1 0
253 11 -1 0
349 298 -1 0
24 342 -1 0
168 324 -1 0
59 131 -1 0
279 178 -1 0
316 20 -1 0
361 189 -1 0
120 200 -1 0
116 244 -1 0
204 228 -1 0
235 120 -1 0
159 284 -1 0
383 361 -1 0
363 82 -1 0
45 180 -1 0
83 9 -1 0
118 373 -1 0
290 328 -1 0
145 368 -1 0
114 264 -1 0
310 110 -1 0
264 244 -1 0
261 88 -1 0
346 126 -1 0
56 78 -1 0
148 306 -1 0
387 93 -1 0
193 113 -1 0
21 310 -1 0
25 349 -1 0
335 192 -1 0
157 385 -1 0
28 246 -1 0
128 144 -1 0
211 242 -1 0
7 313 -1 0
38 210 -1 0
395 106 -1 0
263 36 -1 0
30 346 -1 0
63 248 -1 0
19 158 -1 0
124 241 -1 0
133 35 -1 0
263 83 -1 0
373 387 -1 0
302 26 -1 0
317 189 -1 0
256 264 -1 0
282 256 -1 0
370 133 -1 0
244 132 -1 0
254 148 -1 0
25 394 -1 0
19 59 -1 0
21 362 -1 0
2 323 -1 0
86 288 -1 0
399 2 -1 0
69 378 -1 0
105 179 -1 0
348 315 -1 0
373 126 -1 0
8 71 -1 0
179 316 -1 0
391 212 -1 0
119 95 -1 0
283 271 -1 0
25 109 -1 0
308 293 -1 0
1 308 -1 0
379 92 -1 0
1 317 -1 0
128 360 -1 0
140 378 -1 0
302 312 -1 0
321 329 -1 0
360 149 -1 0
175 339 -1 0
325 235 -1 0
398 204 -1 0
20 205 -1 0
251 269 -1 0
382 203 -1 0
119 116 -1 0
319 89 -1 0
37 388 -1 0
160 44 -1 0
330 163 -1 0
183 108 -1 0
106 250 -1 0
257 298 -1 0
301 60 -1 0
183 325 -1 0
180 17 -1 0
370 296 -1 0
108 387 -1 0
349 214 -1 0
231 70 -1 0
254 346 -1 0
148 21 -1 0
360 172 -1 0
311 383 -1 0
305 290 -1 0
369 39 -1 0
379 369 -1 0
369 59 -1 0
215 310 -1 0
353 45 -1 0
137 48 -1 0
141 243 -1 0
272 302 -1 0
365 218 -1 0
212 249 -1 0
117 37 -1 0
95 115 -1 0
140 220 -1 0
75 343 -1 0
295 339 -1 0
17 19 -1 0
10 213 -1 0
318 85 -1 0
125 27 -1 0
10 336 -1 0
209 93 -1 0
6 337 -1 0
314 247 -1 0
17 362 -1 0
352 148 -1 0
198 79 -1 0
238 60 -1 0
146 311 -1 0
366 168 -1 0
90 257 -1 0
308 312 -1 0
13 61 -1 0
22 32 -1 0
94 13 -1 0
168 96 -1 0
353 151 -1 0
207 254 -1 0
167 335 -1 0
271 153 -1 0
275 84 -1 0
326 366 -1 0
65 153 -1 0
359 208 -1 0
16 372 -1 0
359 8 -1 0
359 50 -1 0
359 103 -1 0
6 96 -1 0
275 44 -1 0
132 103 -1 0
391 242 -1 0
111 100 -1 0
74 256 -1 0
354 318 -1 0
169 219 -1 0
170 358 -1 0
328 79 -1 0
153 316 -1 0
186 72 -1 0
41 109 -1 0
284 89 -1 0
320 184 -1 0
380 153 -1 0
352 69 -1 0
200 65 -1 0
243 75 -1 0
155 49 -1 0
1 187 -1 0
20 159 -1 0
346 36 -1 0
319 381 -1 0
308 300 -1 0
315 32 -1 0
176 291 -1 0
264 390 -1 0
278 92 -1 0
386 26 -1 0
164 364 -1 0
265 91 -1 0
361 153 -1 0
137 262 -1 0
398 157 -1 0
54 62 -1 0
364 386 -1 0
248 50 -1 0
240 276 -1 0
304 294 -1 0
180 258 -1 0
245 214 -1 0
95 341 -1 0
284 295 -1 0
318 192 -1 0
376 169 -1 0
39 157 -1 0
39 229 -1 0
285 73 -1 0
62 65 -1 0
81 71 -1 0
81 89 -1 0
38 140 -1 0
207 394 -1 0
399 297 -1 0
237 127 -1 0
32 150 -1 0
366 52 -1 0
230 33 -1 0
302 305 -1 0
286 321 -1 0
59 291 -1 0
140 211 -1 0
305 354 -1 0
174 78 -1 0
300 78 -1 0
229 14 -1 0
106 349 -1 0
68 391 -1 0
30 137 -1 0
277 231 -1 0
3 232 -1 0
249 1 -1 0
181 271 -1 0
141 80 -1 0
193 333 -1 0
98 331 -1 0
229 294 -1 0
291 142 -1 0
237 234 -1 0
156 307 -1 0
285 245 -1 0
352 308 -1 0
326 308 -1 0
172 95 -1 0
50 280 -1 0
268 168 -1 0
69 388 -1 0
68 167 -1 0
6 2 -1 0
318 99 -1 0
55 228 -1 0
33 380 -1 0
29 129 -1 0
70 104 -1 0
205 378 -1 0
293 88 -1 0
87 162 -1 0
201 323 -1 0
75 393 -1 0
368 271 -1 0
374 112 -1 0
330 52 -1 0
205 306 -1 0
314 360 -1 0
330 363 -1 0
339 99 -1 0
251 385 -1 0
234 322 -1 0
46 85 -1 0
74 66 -1 0
155 295 -1 0
158 72 -1 0
157 269 -1 0
124 273 -1 0
75 1 -1 0
380 330 -1 0
163 22 -1 0
324 153 -1 0
36 305 -1 0
162 374 -1 0
290 253 -1 0
343 21 -1 0
397 297 -1 0
253 73 -1 0
134 84 -1 0
22 64 -1 0
109 81 -1 0
312 111 -1 0
65 248 -1 0
173 226 -1 0
203 391 -1 0
8 130 -1 0
79 168 -1 0
193 370 -1 0
230 253 -1 0
16 245 -1 0
198 326 -1 0
57 101 -1 0
353 298 -1 0
66 153 -1 0
146 48 -1 0
240 118 -1 0
195 60 -1 0
21 352 -1 0
289 44 -1 0
259 345 -1 0
126 268 -1 0
260 391 -1 0
12 307 -1 0
78 336 -1 0
367 25 -1 0
205 315 -1 0
99 74 -1 0
385 84 -1 0
121 285 -1 0
399 40 -1 0
268 389 -1 0
391 331 -1 0
297 258 -1 0
260 224 -1 0
153 304 -1 0
276 230 -1 0
142 178 -1 0
392 155 -1 0
31 199 -1 0
79 200 -1 0
137 187 -1 0
343 191 -1 0
165 235 -1 0
385 5 -1 0
164 284 -1 0
249 30 -1 0
72 303 -1 0
141 183 -1 0
159 135 -1 0
389 314 -1 0
394 204 -1 0
76 359 -1 0
171 330 -1 0
35 352 -1 0
366 399 -1 0
333 247 -1 0
384 188 -1 0
101 393 -1 0
258 251 -1 0
228 343 -1 0
373 8 -1 0
388 258 -1 0
191 253 -1 0
6 202 -1 0
296 137 -1 0
118 367 -1 0
112 22 -1 0
132 304 -1 0
342 219 -1 0
28 89 -1 0
114 356 -1 0
149 139 -1 0
25 341 -1 0
139 114 -1 0
352 280 -1 0
398 171 -1 0
179 5 -1 0
161 49 -1 0
382 137 -1 0
387 102 -1 0
112 69 -1 0
185 118 -1 0
374 65 -1 0
26 300 -1 0
300 359 -1 0
376 90 -1 0
288 287 -1 0
344 148 -1 0
242 129 -1 0
122 396 -1 0
130 87 -1 0
228 66 -1 0
233 68 -1 0
80 136 -1 0
82 128 -1 0
352 90 -1 0
203 104 -1 0
22 326 -1 0
91 172 -1 0
389 176 -1 0
319 77 -1 0
397 323 -1 0
60 41 -1 0
269 298 -1 0
341 235 -1 0
238 311 -1 0
279 90 -1 0
366 193 -1 0
335 163 -1 0
160 26 -1 0
107 56 -1 0
187 282 -1 0
150 329 -1 0
13 224 -1 0
100 283 -1 0
20 48 -1 0
81 397 -1 0
163 116 -1 0
307 93 -1 0
93 103 -1 0
240 147 -1 0
264 55 -1 0
71 319 -1 0
264 192 -1 0
264 313 -1 0
19 135 -1 0
383 299 -1 0
57 66 -1 0
17 332 -1 0
273 283 -1 0
396 63 -1 0
186 303 -1 0
19 291 -1 0
256 349 -1 0
153 71 -1 0
40 216 -1 0
349 123 -1 0
1 110 -1 0
103 150 -1 0
255 74 -1 0
297 106 -1 0
124 58 -1 0
121 319 -1 0
125 377 -1 0
282 398 -1 0
324 41 -1 0
393 228 -1 0
373 102 -1 0
354 292 -1 0
62 354 -1 0
328 84 -1 0
196 298 -1 0
328 42 -1 0
4 253 -1 0
85 141 -1 0
397 74 -1 0
252 146 -1 0
212 49 -1 0
21 132 -1 0
290 297 -1 0
49 242 -1 0
153 81 -1 0
137 217 -1 0
10 183 -1 0
90 198 -1 0
191 294 -1 0
94 17 -1 0
351 205 -1 0
194 139 -1 0
7 323 -1 0
358 253 -1 0
10 165 -1 0
223 242 -1 0
35 140 -1 0
213 282 -1 0
41 379 -1 0
211 367 -1 0
22 270 -1 0
64 310 -1 0
214 266 -1 0
43 170 -1 0
127 131 -1 0
374 113 -1 0
263 254 -1 0
133 307 -1 0
284 339 -1 0
373 72 -1 0
104 257 -1 0
52 181 -1 0
296 166 -1 0
214 357 -1 0
237 311 -1 0
278 298 -1 0
56 261 -1 0
55 288 -1 0
353 326 -1 0
362 318 -1 0
315 22 -1 0
86 287 -1 0
70 191 -1 0
338 106 -1 0
21 355 -1 0
254 200 -1 0
369 187 -1 0
217 6 -1 0
13 387 -1 0
64 242 -1 0
81 19 -1 0
73 247 -1 0
69 257 -1 0
71 288 -1 0
48 86 -1 0
349 90 -1 0
124 240 -1 0
228 293 -1 0
98 25 -1 0
30 398 -1 0
120 163 -1 0
210 364 -1 0
141 192 -1 0
15 209 -1 0
286 196 -1 0
160 37 -1 0
60 392 -1 0
248 104 -1 0
27 171 -1 0
87 370 -1 0
20 207 -1 0
357 11 -1 0
40 212 -1 0
369 216 -1 0
47 202 -1 0
313 238 -1 0
218 40 -1 0
377 326 -1 0
398 70 -1 0
240 304 -1 0
86 370 -1 0
201 286 -1 0
323 63 -1 0
148 357 -1 0
30 289 -1 0
141 306 -1 0
158 86 -1 0
244 321 -1 0
39 170 -1 0
100 61 -1 0
220 270 -1 0
329 65 -1 0
49 263 -1 0
53 70 -1 0
79 121 -1 0
98 249 -1 0
32 69 -1 0
29 164 -1 0
216 220 -1 0
215 399 -1 0
228 307 -1 0
15 123 -1 0
6 143 -1 0
114 337 -1 0
272 373 -1 0
380 250 -1 0
332 171 -1 0
53 156 -1 0
152 85 -1 0
147 189 -1 0
92 34 -1 0
158 42 -1 0
192 131 -1 0
88 48 -1 0
358 374 -1 0
183 252 -1 0
355 342 -1 0
269 262 -1 0
314 249 -1 0
188 342 -1 0
350 318 -1 0
334 206 -1 0
118 76 -1 0
117 317 -1 0
358 252 -1 0
314 265 -1 0
138 219 -1 0
231 98 -1 0
69 361 -1 0
284 137 -1 0
80 231 -1 0
65 56 -1 0
300 73 -1 0
37 56 -1 0
374 23 -1 0
370 368 -1 0
23 58 -1 0
125 134 -1 0
226 18 -1 0
44 229 -1 0
137 89 -1 0
145 15 -1 0
271 385 -1 0
235 345 -1 0
71 370 -1 0
159 267 -1 0
253 210 -1 0
99 145 -1 0
269 82 -1 0
246 325 -1 0
59 385 -1 0
339 106 -1 0
322 77 -1 0
215 341 -1 0
219 59 -1 0
65 119 -1 0
119 13 -1 0
319 32 -1 0
297 247 -1 0
10 332 -1 0
56 368 -1 0
80 73 -1 0
48 176 -1 0
76 290 -1 0
53 311 -1 0
45 231 -1 0
110 29 -1 0
384 289 -1 0
373 33 -1 0
51 43 -1 0
354 148 -1 0
271 73 -1 0
284 136 -1 0
333 105 -1 0
245 146 -1 0
165 342 -1 0
279 181 -1 0
318 181 -1 0
47 195 -1 0
98 305 -1 0
318 282 -1 0
381 171 -1 0
176 398 -1 0
198 81 -1 0
74 356 -1 0
126 381 -1 0
320 221 -1 0
110 147 -1 0
251 222 -1 0
204 113 -1 0
81 317 -1 0
107 365 -1 0
398 47 -1 0
57 253 -1 0
8 373 -1 0
347 136 -1 0
299 334 -1 0
163 250 -1 0
130 385 -1 0
2 48 -1 0
67 330 -1 0
319 220 -1 0
388 283 -1 0
85 48 -1 0
109 344 -1 0
61 271 -1 0
262 35 -1 0
237 75 -1 0
396 380 -1 0
341 74 -1 0
69 108 -1 0
294 209 -1 0
245 71 -1 0
217 315 -1 0
193 117 -1 0
84 109 -1 0
267 382 -1 0
41 65 -1 0
348 23 -1 0
159 390 -1 0
314 175 -1 0
59 316 -1 0
263 151 -1 0
10 284 -1 0
364 230 -1 0
323 345 -1 0
257 362 -1 0
72 26 -1 0
242 218 -1 0
174 289 -1 0
364 58 -1 0
269 370 -1 0
2 332 -1 0
316 1 -1 0
250 22 -1 0
366 106 -1 0
177 44 -1 0
41 361 -1 0
26 333 -1 0
174 304 -1 0
115 370 -1 0
247 117 -1 0
25 17 -1 0
292 147 -1 0
344 357 -1 0
160 213 -1 0
58 114 -1 0
199 222 -1 0
111 283 -1 0
382 76 -1 0
112 15 -1 0
91 266 -1 0
382 378 -1 0
20 193 -1 0
54 392 -1 0
286 139 -1 0
212 218 -1 0
139 77 -1 0
232 13 -1 0
345 137 -1 0
248 168 -1 0
238 50 -1 0
124 167 -1 0
47 136 -1 0
93 256 -1 0
315 350 -1 0
385 345 -1 0
43 391 -1 0
334 262 -1 0
271 236 -1 0
217 30 -1 0
300 92 -1 0
378 384 -1 0
68 160 -1 0
142 322 -1 0
390 84 -1 0
107 155 -1 0
77 75 -1 0
283 374 -1 0
43 209 -1 0
251 36 -1 0
108 70 -1 0
82 130 -1 0
367 199 -1 0
124 71 -1 0
225 233 -1 0
331 52 -1 0
70 397 -1 0
37 81 -1 0
298 368 -1 0
253 213 -1 0
374 379 -1 0
263 184 -1 0
86 236 -1 0
68 15 -1 0
239 51 -1 0
164 250 -1 0
167 315 -1 0
241 142 -1 0
394 42 -1 0
151 397 -1 0
167 253 -1 0
330 61 -1 0
270 235 -1 0
178 277 -1 0
359 169 -1 0
271 185 -1 0
280 206 -1 0
347 212 -1 0
5 372 -1 0
28 9 -1 0
399 24 -1 0
67 347 -1 0
201 397 -1 0
386 114 -1 0
204 283 -1 0
250 107 -1 0
30 26 -1 0
130 333 -1 0
286 83 -1 0
27 317 -1 0
316 349 -1 0
323 44 -1 0
292 48 -1 0
301 161 -1 0
143 48 -1 0
9 140 -1 0
57 370 -1 0
128 165 -1 0
293 360 -1 0
44 246 -1 0
145 292 -1 0
6 388 -1 0
318 257 -1 0
364 229 -1 0
208 92 -1 0
346 194 -1 0
53 206 -1 0
96 323 -1 0
81 148 -1 0
107 38 -1 0
157 44 -1 0
293 141 -1 0
273 235 -1 0
273 348 -1 0
193 380 -1 0
95 241 -1 0
291 368 -1 0
5 71 -1 0
244 338 -1 0
71 340 -1 0
16 316 -1 0
15 381 -1 0
13 29 -1 0
295 381 -1 0
46 91 -1 0
151 219 -1 0
132 81 -1 0
28 202 -1 0
276 56 -1 0
255 309 -1 0
262 170 -1 0
316 60 -1 0
282 270 -1 0
135 102 -1 0
23 22 -1 0
86 230 -1 0
166 338 -1 0
91 141 -1 0
187 390 -1 0
389 348 -1 0
266 349 -1 0
80 125 -1 0
301 370 -1 0
43 314 -1 0
105 231 -1 0
28 2 -1 0
311 179 -1 0
327 186 -1 0
353 76 -1 0
13 202 -1 0
267 90 -1 0
368 338 -1 0
72 57 -1 0
311 297 -1 0
20 127 -1 0
18 10 -1 0
209 31 -1 0
133 229 -1 0
56 362 -1 0
368 273 -1 0
229 370 -1 0
237 14 -1 0
306 249 -1 0
299 1 -1 0
376 386 -1 0
208 235 -1 0
58 365 -1 0
50 366 -1 0
139 39 -1 0
263 149 -1 0
33 337 -1 0
128 374 -1 0
365 264 -1 0
363 19 -1 0
22 392 -1 0
241 269 -1 0
242 39 -1 0
204 242 -1 0
286 68 -1 0
207 367 -1 0
344 383 -1 0
153 329 -1 0
152 215 -1 0
192 97 -1 0
369 217 -1 0
164 302 -1 0
164 303 -1 0
151 229 -1 0
347 311 -1 0
97 81 -1 0
85 343 -1 0
21 148 -1 0
26 383 -1 0
58 290 -1 0
35 204 -1 0
355 62 -1 0
306 115 -1 0
336 35 -1 0
332 217 -1 0
212 143 -1 0
283 26 -1 0
374 130 -1 0
301 383 -1 0
185 121 -1 0
24 140 -1 0
108 226 -1 0
287 132 -1 0
318 265 -1 0
118 110 -1 0
345 184 -1 0
288 145 -1 0
162 231 -1 0
170 383 -1 0
61 179 -1 0
246 102 -1 0
284 124 -1 0
24 309 -1 0
61 149 -1 0
395 292 -1 0
243 369 -1 0
39 320 -1 0
134 367 -1 0
289 143 -1 0
49 256 -1 0
232 319 -1 0
0 169 -1 0
77 173 -1 0
115 157 -1 0
338 268 -1 0
345 135 -1 0
7 235 -1 0
215 239 -1 0
305 11 -1 0
159 344 -1 0
315 318 -1 0
49 39 -1 0
99 388 -1 0
76 73 -1 0
59 82 -1 0
253 121 -1 0
109 264 -1 0
203 48 -1 0
51 189 -1 0
328 237 -1 0
160 317 -1 0
8 152 -1 0
149 321 -1 0
200 144 -1 0
264 378 -1 0
45 384 -1 0
313 109 -1 0
364 200 -1 0
151 217 -1 0
82 203 -1 0
207 123 -1 0
26 387 -1 0
359 319 -1 0
214 64 -1 0
292 366 -1 0
296 321 -1 0
102 363 -1 0
343 234 -1 0
290 32 -1 0
289 375 -1 0
88 188 -1 0
293 122 -1 0
245 23 -1 0
347 153 -1 0
222 79 -1 0
295 16 -1 0
361 174 -1 0
376 393 -1 0
109 54 -1 0
181 215 -1 0
199 278 -1 0
373 326 -1 0
73 39 -1 0
41 302 -1 0
22 381 -1 0
113 339 -1 0
187 75 -1 0
86 46 -1 0
334 156 -1 0
29 251 -1 0
371 183 -1 0
280 43 -1 0
109 19 -1 0
279 40 -1 0
281 301 -1 0
332 37 -1 0
137 281 -1 0
238 368 -1 0
98 12 -1 0
380 352 -1 0
356 319 -1 0
333 77 -1 0
251 162 -1 0
260 247 -1 0
195 368 -1 0
141 100 -1 0
282 129 -1 0
173 135 -1 0
59 215 -1 0
378 20 -1 0
234 92 -1 0
288 136 -1 0
120 130 -1 0
170 121 -1 0
131 68 -1 0
137 342 -1 0
93 263 -1 0
19 51 -1 0
193 29 -1 0
302 66 -1 0
264 213 -1 0
281 164 -1 0
265 39 -1 0
180 78 -1 0
258 160 -1 0
232 37 -1 0
206 354 -1 0
58 81 -1 0
90 10 -1 0
344 273 -1 0
60 114 -1 0
38 74 -1 0
21 186 -1 0
132 238 -1 0
96 191 -1 0
224 81 -1 0
358 128 -1 0
219 22 -1 0
283 191 -1 0
368 370 -1 0
354 334 -1 0
100 192 -1 0
374 330 -1 0
63 189 -1 0
12 36 -1 0
308 353 -1 0
263 334 -1 0
74 65 -1 0
113 311 -1 0
118 261 -1 0
214 309 -1 0
158 355 -1 0
19 243 -1 0
188 80 -1 0
231 3 -1 0
161 0 -1 0
142 137 -1 0
20 25 -1 0
148 336 -1 0
328 272 -1 0
276 258 -1 0
61 230 -1 0
37 179 -1 0
130 119 -1 0
241 61 -1 0
359 213 -1 0
59 50 -1 0
251 102 -1 0
155 302 -1 0
260 146 -1 0
324 59 -1 0
31 229 -1 0
55 132 -1 0
280 329 -1 0
144 39 -1 0
263 303 -1 0
14 98 -1 0
277 162 -1 0
138 109 -1 0
260 98 -1 0
26 251 -1 0
136 197 -1 0
24 141 -1 0
155 244 -1 0
115 369 -1 0
301 18 -1 0
169 217 -1 0
31 10 -1 0
84 186 -1 0
287 285 -1 0
275 140 -1 0
189 330 -1 0
395 145 -1 0
79 225 -1 0
58 299 -1 0
33 231 -1 0
179 2 -1 0
363 294 -1 0
210 95 -1 0
248 109 -1 0
100 375 -1 0
35 265 -1 0
383 190 -1 0
291 83 -1 0
134 250 -1 0
369 72 -1 0
88 181 -1 0
123 347 -1 0
292 378 -1 0
110 386 -1 0
279 377 -1 0
65 348 -1 0
256 69 -1 0
23 150 -1 0
159 364 -1 0
87 178 -1 0
40 68 -1 0
61 264 -1 0
360 390 -1 0
15 52 -1 0
29 340 -1 0
365 391 -1 0
186 281 -1 0
305 152 -1 0
73 23 -1 0
192 328 -1 0
265 16 -1 0
201 66 -1 0
220 61 -1 0
345 66 -1 0
364 127 -1 0
244 32 -1 0
182 304 -1 0
40 45 -1 0
47 381 -1 0
134 301 -1 0
136 262 -1 0
15 79 -1 0
207 253 -1 0
55 83 -1 0
31 159 -1 0
219 139 -1 0
107 117 -1 0
298 186 -1 0
106 287 -1 0
356 300 -1 0
270 220 -1 0
46 206 -1 0
168 76 -1 0
272 301 -1 0
60 124 -1 0
264 97 -1 0
71 239 -1 0
70 296 -1 0
107 223 -1 0
350 150 -1 0
37 165 -1 0
74 35 -1 0
193 16 -1 0
27 327 -1 0
267 181 -1 0
301 220 -1 0
59 226 -1 0
225 328 -1 0
330 101 -1 0
344 342 -1 0
288 24 -1 0
286 55 -1 0
398 9 -1 0
294 63 -1 0
330 129 -1 0
232 328 -1 0
240 299 -1 0
304 263 -1 0
107 128 -1 0
86 13 -1 0
198 37 -1 0
76 310 -1 0
25 339 -1 0
363 171 -1 0
376 32 -1 0
78 0 -1 0
4 86 -1 0
14 20 -1 0
356 208 -1 0
247 25 -1 0
182 106 -1 0
340 218 -1 0
325 116 -1 0
100 58 -1 0
261 123 -1 0
184 36 -1 0
305 363 -1 0
341 349 -1 0
212 232 -1 0
242 54 -1 0
187 101 -1 0
64 355 -1 0
89 84 -1 0
32 200 -1 0
207 63 -1 0
158 320 -1 0
162 287 -1 0
180 300 -1 0
103 89 -1 0
6 122 -1 0
399 150 -1 0
326 161 -1 0
270 371 -1 0
376 327 -1 0
59 360 -1 0
30 332 -1 0
320 274 -1 0
53 315 -1 0
343 122 -1 0
35 134 -1 0
356 305 -1 0
169 271 -1 0
374 139 -1 0
205 19 -1 0
275 79 -1 0
380 165 -1 0
196 67 -1 0
395 184 -1 0
283 112 -1 0
324 120 -1 0
248 121 -1 0
387 386 -1 0
349 44 -1 0
215 292 -1 0
268 275 -1 0
52 36 -1 0
87 40 -1 0
327 211 -1 0
23 12 -1 0
250 395 -1 0
8 9 -1 0
331 392 -1 0
189 0 -1 0
12 264 -1 0
243 318 -1 0
295 276 -1 0
0 112 -1 0
302 204 -1 0
193 92 -1 0
357 225 -1 0
107 207 -1 0
92 165 -1 0
43 59 -1 0
376 66 -1 0
320 234 -1 0
126 332 -1 0
55 286 -1 0
182 42 -1 0
267 180 -1 0
57 268 -1 0
351 84 -1 0
75 352 -1 0
317 192 -1 0
293 102 -1 0
275 94 -1 0
188 316 -1 0
295 239 -1 0
154 52 -1 0
220 372 -1 0
174 26 -1 0
188 256 -1 0
257 388 -1 0
381 109 -1 0
182 370 -1 0
206 349 -1 0
219 251 -1 0
39 154 -1 0
397 164 -1 0
9 10 -1 0
180 58 -1 0
163 375 -1 0
46 73 -1 0
304 108 -1 0
170 395 -1 0
266 179 -1 0
384 148 -1 0
316 43 -1 0
371 43 -1 0
386 245 -1 0
116 310 -1 0
12 282 -1 0
208 52 -1 0
17 89 -1 0
367 334 -1 0
396 50 -1 0
41 319 -1 0
277 181 -1 0
250 127 -1 0
348 14 -1 0
340 2 -1 0
387 138 -1 0
270 63 -1 0
40 233 -1 0
25 343 -1 0
153 110 -1 0
65 326 -1 0
375 265 -1 0
41 83 -1 0
302 108 -1 0
255 158 -1 0
265 137 -1 0
321 238 -1 0
120 185 -1 0
359 97 -1 0
385 115 -1 0
345 109 -1 0
390 256 -1 0
65 261 -1 0
203 246 -1 0
89 91 -1 0
24 282 -1 0
300 182 -1 0
44 254 -1 0
15 195 -1 0
386 39 -1 0
360 305 -1 0
220 88 -1 0
277 306 -1 0
332 394 -1 0
90 299 -1 0
375 7 -1 0
319 387 -1 0
321 371 -1 0
230 336 -1 0
11 120 -1 0
69 367 -1 0
315 378 -1 0
369 362 -1 0
14 155 -1 0
299 92 -1 0
244 323 -1 0
358 126 -1 0
28 325 -1 0
165 256 -1 0
259 175 -1 0
284 199 -1 0
374 283 -1 0
51 223 -1 0
262 341 -1 0
153 122 -1 0
251 124 -1 0
265 340 -1 0
52 338 -1 0
318 371 -1 0
10 67 -1 0
43 176 -1 0
285 137 -1 0
35 248 -1 0
351 381 -1 0
282 348 -1 0
199 282 -1 0
318 153 -1 0
52 221 -1 0
329 8 -1 0
49 223 -1 0
266 276 -1 0
83 174 -1 0
262 153 -1 0
103 213 -1 0
40 387 -1 0
18 289 -1 0
298 121 -1 0
144 24 -1 0
362 253 -1 0
357 116 -1 0
364 96 -1 0
206 299 -1 0
22 248 -1 0
39 397 -1 0
124 378 -1 0
190 308 -1 0
303 282 -1 0
285 223 -1 0
95 222 -1 0
92 381 -1 0
376 76 -1 0
9 298 -1 0
58 362 -1 0
276 363 -1 0
258 272 -1 0
319 106 -1 0
286 107 -1 0
233 106 -1 0
271 52 -1 0
114 307 -1 0
216 104 -1 0
114 347 -1 0
60 49 -1 0
165 65 -1 0
18 270 -1 0
108 363 -1 0
290 93 -1 0
295 301 -1 0
120 343 -1 0
143 373 -1 0
386 311 -1 0
283 61 -1 0
64 75 -1 0
70 322 -1 0
31 124 -1 0
187 353 -1 0
204 7 -1 0
362 115 -1 0
76 268 -1 0
340 294 -1 0
154 265 -1 0
356 49 -1 0
375 269 -1 0
180 123 -1 0
341 34 -1 0
258 330 -1 0
322 47 -1 0
98 98 -1 0
58 174 -1 0
380 186 -1 0
330 157 -1 0
395 280 -1 0
41 130 -1 0
33 155 -1 0
80 262 -1 0
4 72 -1 0
121 163 -1 0
229 125 -1 0
8 361 -1 0
345 291 -1 0
316 208 -1 0
143 240 -1 0
338 289 -1 0
328 56 -1 0
326 229 -1 0
69 356 -1 0
103 155 -1 0
22 151 -1 0
389 296 -1 0
214 295 -1 0
91 139 -1 0
342 287 -1 0
170 376 -1 0
109 137 -1 0
385 114 -1 0
192 65 -1 0
59 267 -1 0
288 301 -1 0
111 218 -1 0
397 180 -1 0
108 393 -1 0
228 105 -1 0
89 301 -1 0
0 300 -1 0
212 355 -1 0
40 110 -1 0
89 179 -1 0
332 391 -1 0
120 15 -1 0
61 238 -1 0
350 337 -1 0
64 391 -1 0
21 274 -1 0
189 34 -1 0
148 67 -1 0
227 227 -1 0
109 130 -1 0
395 215 -1 0
178 377 -1 0
268 249 -1 0
101 191 -1 0
277 27 -1 0
107 244 -1 0
208 266 -1 0
70 267 -1 0
58 115 -1 0
95 185 -1 0
337 289 -1 0
144 292 -1 0
324 160 -1 0
132 121 -1 0
206 262 -1 0
302 366 -1 0
92 58 -1 0
244 150 -1 0
56 203 -1 0
271 256 -1 0
296 315 -1 0
364 57 -1 0
44 171 -1 0
22 49 -1 0
257 319 -1 0
363 183 -1 0
303 152 -1 0
238 23 -1 0
65 350 -1 0
318 106 -1 0
280 106 -1 0
393 393 -1 0
166 226 -1 0
351 0 -1 0
385 302 -1 0
105 259 -1 0
79 109 -1 0
70 173 -1 0
83 218 -1 0
218 367 -1 0
36 80 -1 0
236 80 -1 0
351 330 -1 0
27 318 -1 0
252 258 -1 0
319 301 -1 0
227 20 -1 0
32 253 -1 0
133 266 -1 0
156 318 -1 0
284 21 -1 0
80 130 -1 0
250 370 -1 0
21 19 -1 0
369 228 -1 0
327 129 -1 0
237 275 -1 0
160 366 -1 0
179 331 -1 0
54 58 -1 0
173 335 -1 0
109 189 -1 0
15 141 -1 0
129 298 -1 0
384 326 -1 0
197 327 -1 0
84 54 -1 0
104 392 -1 0
251 335 -1 0
82 71 -1 0
187 267 -1 0
231 218 -1 0
123 217 -1 0
51 154 -1 0
225 385 -1 0
135 187 -1 0
115 27 -1 0
233 247 -1 0
182 364 -1 0
114 122 -1 0
252 0 -1 0
1 365 -1 0
295 59 -1 0
96 45 -1 0
337 144 -1 0
172 11 -1 0
336 348 -1 0
118 96 -1 0
210 62 -1 0
2 79 -1 0
146 381 -1 0
70 227 -1 0
288 141 -1 0
87 62 -1 0
321 55 -1 0
346 378 -1 0
256 333 -1 0
45 196 -1 0
4 34 -1 0
204 378 -1 0
167 69 -1 0
320 47 -1 0
332 136 -1 0
47 50 -1 0
185 137 -1 0
268 171 -1 0
119 330 -1 0
163 220 -1 0
334 150 -1 0
326 217 -1 0
257 180 -1 0
119 200 -1 0
143 107 -1 0
337 212 -1 0
371 124 -1 0
7 312 -1 0
68 1 -1 0
43 354 -1 0
108 28 -1 0
362 373 -1 0
361 13 -1 0
138 61 -1 0
264 112 -1 0
51 93 -1 0
287 126 -1 0
201 94 -1 0
78 290 -1 0
103 218 -1 0
315 219 -1 0
38 129 -1 0
210 300 -1 0
14 349 -1 0
319 234 -1 0
79 340 -1 0
6 51 -1 0
209 286 -1 0
292 350 -1 0
125 93 -1 0
190 70 -1 0
301 179 -1 0
156 23 -1 0
321 160 -1 0
351 263 -1 0
117 68 -1 0
132 251 -1 0
150 338 -1 0
265 67 -1 0
262 100 -1 0
398 146 -1 0
80 38 -1 0
329 292 -1 0
111 357 -1 0
249 88 -1 0
364 45 -1 0
61 158 -1 0
227 374 -1 0
356 245 -1 0
278 78 -1 0
169 16 -1 0
79 310 -1 0
190 11 -1 0
203 305 -1 0
94 42 -1 0
130 156 -1 0
50 334 -1 0
110 141 -1 0
385 338 -1 0
261 112 -1 0
333 297 -1 0
21 296 -1 0
251 215 -1 0
252 238 -1 0
304 142 -1 0
204 340 -1 0
237 40 -1 0
3 61 -1 0
17 182 -1 0
152 96 -1 0
54 31 -1 0
365 62 -1 0
123 214 -1 0
285 222 -1 0
100 155 -1 0
11 251 -1 0
24 299 -1 0
80 338 -1 0
20 327 -1 0
363 36 -1 0
330 166 -1 0
293 226 -1 0
252 84 -1 0
352 115 -1 0
223 374 -1 0
178 52 -1 0
23 159 -1 0
134 27 -1 0
133 240 -1 0
12 379 -1 0
24 135 -1 0
85 390 -1 0
396 249 -1 0
22 391 -1 0
20 40 -1 0
198 359 -1 0
163 310 -1 0
4 350 -1 0
324 114 -1 0
167 307 -1 0
9 119 -1 0
82 112 -1 0
218 51 -1 0
36 96 -1 0
34 89 -1 0
54 42 -1 0
263 352 -1 0
366 202 -1 0
270 272 -1 0
277 264 -1 0
67 93 -1 0
197 381 -1 0
80 34 -1 0
22 196 -1 0
224 398 -1 0
78 17 -1 0
286 48 -1 0
306 98 -1 0
96 182 -1 0
135 189 -1 0
286 21 -1 0
343 214 -1 0
332 194 -1 0
288 70 -1 0
294 387 -1 0
374 76 -1 0
113 194 -1 0
352 105 -1 0
358 130 -1 0
291 351 -1 0
288 238 -1 0
71 303 -1 0
329 191 -1 0
265 37 -1 0
184 75 -1 0
298 92 -1 0
77 293 -1 0
347 379 -1 0
7 9 -1 0
101 129 -1 0
322 17 -1 0
378 276 -1 0
77 117 -1 0
5 62 -1 0
204 126 -1 0
368 49 -1 0
30 309 -1 0
117 151 -1 0
39 138 -1 0
51 397 -1 0
286 128 -1 0
365 74 -1 0
308 25 -1 0
33 189 -1 0
26 207 -1 0
191 372 -1 0
220 235 -1 0
179 245 -1 0
352 3 -1 0
303 158 -1 0
11 147 -1 0
216 237 -1 0
356 233 -1 0
44 248 -1 0
222 132 -1 0
211 121 -1 0
375 254 -1 0
282 151 -1 0
294 255 -1 0
121 354 -1 0
379 370 -1 0
92 290 -1 0
344 322 -1 0
311 143 -1 0
228 392 -1 0
89 389 -1 0
42 80 -1 0
325 8 -1 0
1 183 -1 0
198 299 -1 0
388 169 -1 0
337 77 -1 0
94 1 -1 0
13 38 -1 0
157 206 -1 0
105 320 -1 0
119 344 -1 0
386 345 -1 0
285 282 -1 0
238 360 -1 0
350 312 -1 0
338 39 -1 0
7 177 -1 0
150 233 -1 0
17 378 -1 0
207 314 -1 0
268 219 -1 0
312 294 -1 0
374 264 -1 0
326 298 -1 0
325 33 -1 0
341 212 -1 0
305 160 -1 0
259 144 -1 0
129 262 -1 0
351 350 -1 0
309 261 -1 0
279 295 -1 0
202 351 -1 0
92 190 -1 0
207 130 -1 0
324 80 -1 0
342 92 -1 0
372 363 -1 0
383 390 -1 0
206 343 -1 0
291 366 -1 0
5 76 -1 0
37 276 -1 0
390 67 -1 0
39 101 -1 0
240 382 -1 0
3 137 -1 0
361 56 -1 0
346 189 -1 0
134 276 -1 0
383 60 -1 0
363 151 -1 0
301 266 -1 0
92 355 -1 0
197 310 -1 0
335 35 -1 0
87 374 -1 0
59 158 -1 0
136 168 -1 0
91 214 -1 0
223 136 -1 0
231 319 -1 0
159 13 -1 0
300 4 -1 0
174 375 -1 0
343 211 -1 0
173 368 -1 0
385 163 -1 0
27 57 -1 0
396 390 -1 0
287 289 -1 0
108 305 -1 0
395 101 -1 0
125 232 -1 0
24 307 -1 0
334 292 -1 0
102 219 -1 0
197 274 -1 0
283 302 -1 0
231 152 -1 0
139 216 -1 0
88 227 -1 0
234 70 -1 0
12 249 -1 0
171 252 -1 0
263 96 -1 0
5 336 -1 0
119 349 -1 0
81 339 -1 0
52 88 -1 0
218 59 -1 0
122 243 -1 0
312 19 -1 0
368 6 -1 0
125 72 -1 0
388 334 -1 0
200 388 -1 0
77 269 -1 0
360 130 -1 0
130 112 -1 0
125 50 -1 0
353 242 -1 0
294 178 -1 0
101 19 -1 0
121 291 -1 0
44 104 -1 0
198 69 -1 0
107 253 -1 0
14 63 -1 0
260 220 -1 0
352 161 -1 0
330 351 -1 0
288 34 -1 0
111 358 -1 0
226 234 -1 0
147 48 -1 0
325 148 -1 0
49 239 -1 0
208 236 -1 0
319 394 -1 0
82 227 -1 0
127 6 -1 0
215 368 -1 0
210 1 -1 0
399 100 -1 0
125 394 -1 0
101 46 -1 0
293 208 -1 0
31 319 -1 0
367 65 -1 0
382 22 -1 0
193 280 -1 0
307 271 -1 0
312 54 -1 0
99 312 -1 0
15 48 -1 0
25 90 -1 0
262 242 -1 0
156 56 -1 0
224 355 -1 0
133 47 -1 0
358 120 -1 0
58 331 -1 0
337 297 -1 0
372 114 -1 0
89 286 -1 0
202 338 -1 0
297 292 -1 0
230 267 -1 0
34 63 -1 0
379 283 -1 0
102 7 -1 0
271 146 -1 0
33 132 -1 0
336 296 -1 0
149 11 -1 0
348 344 -1 0
310 29 -1 0
63 330 -1 0
37 121 -1 0
262 258 -1 0
117 161 -1 0
117 212 -1 0
193 82 -1 0
7 113 -1 0
131 245 -1 0
27 43 -1 0
1 321 -1 0
118 225 -1 0
157 121 -1 0
244 56 -1 0
131 326 -1 0
81 296 -1 0
337 137 -1 0
116 30 -1 0
288 391 -1 0
18 363 -1 0
149 246 -1 0
192 385 -1 0
276 182 -1 0
260 228 -1 0
250 366 -1 0
296 94 -1 0
379 96 -1 0
3 111 -1 0
199 342 -1 0
306 395 -1 0
9 311 -1 0
87 358 -1 0
22 62 -1 0
102 184 -1 0
151 252 -1 0
255 219 -1 0
282 341 -1 0
9 107 -1 0
323 1 -1 0
266 202 -1 0
86 340 -1 0
181 278 -1 0
144 241 -1 0
392 87 -1 0
145 233 -1 0
354 33 -1 0
59 92 -1 0
146 193 -1 0
317 252 -1 0
254 285 -1 0
75 42 -1 0
223 58 -1 0
372 11 -1 0
281 327 -1 0
327 71 -1 0
29 372 -1 0
212 3 -1 0
102 34 -1 0
286 366 -1 0
336 7 -1 0
283 52 -1 0
266 121 -1 0
27 18 -1 0
201 246 -1 0
152 57 -1 0
392 72 -1 0
273 287 -1 0
326 345 -1 0
383 185 -1 0
0 203 -1 0
209 18 -1 0
30 197 -1 0
63 371 -1 0
63 94 -1 0
59 126 -1 0
21 300 -1 0
24 87 -1 0
59 127 -1 0
364 276 -1 0
230 345 -1 0
318 195 -1 0
398 364 -1 0
196 92 -1 0
78 244 -1 0
4 123 -1 0
142 87 -1 0
123 99 -1 0
146 218 -1 0
70 337 -1 0
96 189 -1 0
22 314 -1 0
217 226 -1 0
249 170 -1 0
261 159 -1 0
25 127 -1 0
62 11 -1 0
160 200 -1 0
337 104 -1 0
92 209 -1 0
151 42 -1 0
188 0 -1 0
6 62 -1 0
172 345 -1 0
374 161 -1 0
301 42 -1 0
252 110 -1 0
253 0 -1 0
316 57 -1 0
358 162 -1 0
382 87 -1 0
314 151 -1 0
6 201 -1 0
97 115 -1 0
36 389 -1 0
392 78 -1 0
399 179 -1 0
269 282 -1 0
331 358 -1 0
37 23 -1 0
377 312 -1 0
97 147 -1 0
315 258 -1 0
231 42 -1 0
241 398 -1 0
177 19 -1 0
51 18 -1 0
103 119 -1 0
312 317 -1 0
333 212 -1 0
268 100 -1 0
25 183 -1 0
392 391 -1 0
1 25 -1 0
243 234 -1 0
356 93 -1 0
221 19 -1 0
269 15 -1 0
19 112 -1 0
121 39 -1 0
152 298 -1 0
212 382 -1 0
93 374 -1 0
270 13 -1 0
118 53 -1 0
123 171 -1 0
382 372 -1 0
131 211 -1 0
309 313 -1 0
344 380 -1 0
284 121 -1 0
183 265 -1 0
111 168 -1 0
353 38 -1 0
362 121 -1 0
333 230 -1 0
132 65 -1 0
267 70 -1 0
0 191 -1 0
345 316 -1 0
359 101 -1 0
296 360 -1 0
240 272 -1 0
77 327 -1 0
228 97 -1 0
301 273 -1 0
38 241 -1 0
369 395 -1 0
336 378 -1 0
18 194 -1 0
356 344 -1 0
94 174 -1 0
246 258 -1 0
181 315 -1 0
231 239 -1 0
227 318 -1 0
258 95 -1 0
241 230 -1 0
55 23 -1 0
43 108 -1 0
234 0 -1 0
3 350 -1 0
179 132 -1 0
131 59 -1 0
282 67 -1 0
36 123 -1 0
156 114 -1 0
52 92 -1 0
201 342 -1 0
109 114 -1 0
218 9 -1 0
288 265 -1 0
366 252 -1 0
317 241 -1 0
123 82 -1 0
261 299 -1 0
362 391 -1 0
174 218 -1 0
324 116 -1 0
125 363 -1 0
148 356 -1 0
77 124 -1 0
99 230 -1 0
297 89 -1 0
70 148 -1 0
287 358 -1 0
141 132 -1 0
248 108 -1 0
242 390 -1 0
308 222 -1 0
43 207 -1 0
146 303 -1 0
271 383 -1 0
195 382 -1 0
29 355 -1 0
387 164 -1 0
110 180 -1 0
23 131 -1 0
213 352 -1 0
220 258 -1 0
2 384 -1 0
77 182 -1 0
90 115 -1 0
298 6 -1 0
47 228 -1 0
45 77 -1 0
383 133 -1 0
257 25 -1 0
187 31 -1 0
200 139 -1 0
133 39 -1 0
120 51 -1 0
146 131 -1 0
87 204 -1 0
321 83 -1 0
309 365 -1 0
318 203 -1 0
18 151 -1 0
8 23 -1 0
226 243 -1 0
331 296 -1 0
366 283 -1 0
9 343 -1 0
84 397 -1 0
114 71 -1 0
323 235 -1 0
228 45 -1 0
97 52 -1 0
108 220 -1 0
293 158 -1 0
138 312 -1 0
66 113 -1 0
6 260 -1 0
272 397 -1 0
21 220 -1 0
251 324 -1 0
104 167 -1 0
137 290 -1 0
260 180 -1 0
229 130 -1 0
28 274 -1 0
155 32 -1 0
288 275 -1 0
255 71 -1 0
58 347 -1 0
346 354 -1 0
85 226 -1 0
381 104 -1 0
299 43 -1 0
86 153 -1 0
22 180 -1 0
298 241 -1 0
126 287 -1 0
67 114 -1 0
395 360 -1 0
82 342 -1 0
18 314 -1 0
368 132 -1 0
163 216 -1 0
399 341 -1 0
81 162 -1 0
307 90 -1 0
103 97 -1 0
324 272 -1 0
206 249 -1 0
151 358 -1 0
236 283 -1 0
136 155 -1 0
178 306 -1 0
123 11 -1 0
387 218 -1 0
397 274 -1 0
178 100 -1 0
148 212 -1 0
328 379 -1 0
287 1 -1 0
104 177 -1 0
31 344 -1 0
99 89 -1 0
339 253 -1 0
369 38 -1 0
235 89 -1 0
28 363 -1 0
281 18 -1 0
98 146 -1 0
89 322 -1 0
285 151 -1 0
303 298 -1 0
370 298 -1 0
361 346 -1 0
41 3 -1 0
346 311 -1 0
115 267 -1 0
308 288 -1 0
263 307 -1 0
110 274 -1 0
69 372 -1 0
299 41 -1 0
383 140 -1 0
241 18 -1 0
172 380 -1 0
174 142 -1 0
12 21 -1 0
49 14 -1 0
28 91 -1 0
223 330 -1 0
339 177 -1 0
231 369 -1 0
264 101 -1 0
290 322 -1 0
306 222 -1 0
206 228 -1 0
315 84 -1 0
162 32 -1 0
231 264 -1 0
215 319 -1 0
113 28 -1 0
280 160 -1 0
171 92 -1 0
375 389 -1 0
109 124 -1 0
268 188 -1 0
330 344 -1 0
344 392 -1 0
251 350 -1 0
396 200 -1 0
140 384 -1 0
127 313 -1 0
281 209 -1 0
258 15 -1 0
312 113 -1 0
132 47 -1 0
320 1 -1 0
159 132 -1 0
283 259 -1 0
351 302 -1 0
35 387 -1 0
272 296 -1 0
80 330 -1 0
55 110 -1 0
341 58 -1 0
214 392 -1 0
393 40 -1 0
360 386 -1 0
100 163 -1 0
103 266 -1 0
295 383 -1 0
266 227 -1 0
228 264 -1 0
264 175 -1 0
218 325 -1 0
78 296 -1 0
70 209 -1 0
242 43 -1 0
139 28 -1 0
224 347 -1 0
119 186 -1 0
63 315 -1 0
213 254 -1 0
166 384 -1 0
327 108 -1 0
294 291 -1 0
309 212 -1 0
215 361 -1 0
23 265 -1 0
124 307 -1 0
268 392 -1 0
10 195 -1 0
103 352 -1 0
160 253 -1 0
47 323 -1 0
220 391 -1 0
399 288 -1 0
213 258 -1 0
97 217 -1 0
3 285 -1 0
33 65 -1 0
106 106 -1 0
312 162 -1 0
318 2 -1 0
336 232 -1 0
22 245 -1 0
172 54 -1 0
220 117 -1 0
49 165 -1 0
366 179 -1 0
141 280 -1 0
326 370 -1 0
276 248 -1 0
195 9 -1 0
26 99 -1 0
96 73 -1 0
388 120 -1 0
212 129 -1 0
106 3 -1 0
341 67 -1 0
356 150 -1 0
179 257 -1 0
296 256 -1 0
390 366 -1 0
356 397 -1 0
76 154 -1 0
154 8 -1 0
52 40 -1 0
268 213 -1 0
181 219 -1 0
189 340 -1 0
151 205 -1 0
59 239 -1 0
83 130 -1 0
235 147 -1 0
145 341 -1 0
376 45 -1 0
305 240 -1 0
239 116 -1 0
14 364 -1 0
326 170 -1 0
82 208 -1 0
163 141 -1 0
18 342 -1 0
313 279 -1 0
67 310 -1 0
180 219 -1 0
292 197 -1 0
237 126 -1 0
71 339 -1 0
164 372 -1 0
162 129 -1 0
87 353 -1 0
235 222 -1 0
257 300 -1 0
69 140 -1 0
195 293 -1 0
87 22 -1 0
2 251 -1 0
2 308 -1 0
27 320 -1 0
226 272 -1 0
109 158 -1 0
207 264 -1 0
387 228 -1 0
40 260 -1 0
360 342 -1 0
350 338 -1 0
290 337 -1 0
70 93 -1 0
325 102 -1 0
66 32 -1 0
127 5 -1 0
371 202 -1 0
347 292 -1 0
223 240 -1 0
11 397 -1 0
135 201 -1 0
134 74 -1 0
275 111 -1 0
255 73 -1 0
18 89 -1 0
10 258 -1 0
29 17 -1 0
23 376 -1 0
81 363 -1 0
138 93 -1 0
77 69 -1 0
63 117 -1 0
249 57 -1 0
295 367 -1 0
9 191 -1 0
91 196 -1 0
106 172 -1 0
307 15 -1 0
71 305 -1 0
330 335 -1 0
246 30 -1 0
269 125 -1 0
228 151 -1 0
279 338 -1 0
13 180 -1 0
156 207 -1 0
62 54 -1 0
109 265 -1 0
31 395 -1 0
363 322 -1 0
92 337 -1 0
272 76 -1 0
381 228 -1 0
292 382 -1 0
255 394 -1 0
135 368 -1 0
74 336 -1 0
4 164 -1 0
184 63 -1 0
182 288 -1 0
254 62 -1 0
321 189 -1 0
48 217 -1 0
273 305 -1 0
387 79 -1 0
195 274 -1 0
41 4 -1 0
248 127 -1 0
183 261 -1 0
156 370 -1 0
93 149 -1 0
152 304 -1 0
58 286 -1 0
43 55 -1 0
145 279 -1 0
36 311 -1 0
383 118 -1 0
263 167 -1 0
269 311 -1 0
342 180 -1 0
49 397 -1 0
123 29 -1 0
384 382 -1 0
398 206 -1 0
242 139 -1 0
398 209 -1 0
313 45 -1 0
14 272 -1 0
67 246 -1 0
239 91 -1 0
307 58 -1 0
248 287 -1 0
190 142 -1 0
326 162 -1 0
4 344 -1 0
190 286 -1 0
310 332 -1 0
398 173 -1 0
247 5 -1 0
285 361 -1 0
184 300 -1 0
183 25 -1 0
40 120 -1 0
363 295 -1 0
76 66 -1 0
88 200 -1 0
338 127 -1 0
238 232 -1 0
148 107 -1 0
283 29 -1 0
104 21 -1 0
313 330 -1 0
192 338 -1 0
253 348 -1 0
229 27 -1 0
163 21 -1 0
133 44 -1 0
377 15 -1 0
152 203 -1 0
245 147 -1 0
293 336 -1 0
336 214 -1 0
131 120 -1 0
42 94 -1 0
154 322 -1 0
339 102 -1 0
89 215 -1 0
381 296 -1 0
378 207 -1 0
266 341 -1 0
309 368 -1 0
34 49 -1 0
207 355 -1 0
385 229 -1 0
93 298 -1 0
253 325 -1 0
11 212 -1 0
148 384 -1 0
10 138 -1 0
299 217 -1 0
352 255 -1 0
3 219 -1 0
80 171 -1 0
154 75 -1 0
187 226 -1 0
63 131 -1 0
267 317 -1 0
103 94 -1 0
9 121 -1 0
123 252 -1 0
3 266 -1 0
9 241 -1 0
118 264 -1 0
269 225 -1 0
395 284 -1 0
4 242 -1 0
339 232 -1 0
118 134 -1 0
164 235 -1 0
181 36 -1 0
139 86 -1 0
247 56 -1 0
305 193 -1 0
84 195 -1 0
253 164 -1 0
129 114 -1 0
321 13 -1 0
252 368 -1 0
142 121 -1 0
228 246 -1 0
197 241 -1 0
247 379 -1 0
122 83 -1 0
355 337 -1 0
273 159 -1 0
295 58 -1 0
36 161 -1 0
71 388 -1 0
95 259 -1 0
275 155 -1 0
76 250 -1 0
11 317 -1 0
250 169 -1 0
246 251 -1 0
258 116 -1 0
303 35 -1 0
181 106 -1 0
65 379 -1 0
134 51 -1 0
380 388 -1 0
256 45 -1 0
205 49 -1 0
325 193 -1 0
43 366 -1 0
69 157 -1 0
319 280 -1 0
61 210 -1 0
93 187 -1 0
332 56 -1 0
184 60 -1 0
166 376 -1 0
98 177 -1 0
347 264 -1 0
234 98 -1 0
89 284 -1 0
44 222 -1 0
243 237 -1 0
266 164 -1 0
151 115 -1 0
215 223 -1 0
207 378 -1 0
26 95 -1 0
227 55 -1 0
117 179 -1 0
189 235 -1 0
180 350 -1 0
392 259 -1 0
176 97 -1 0
211 316 -1 0
89 224 -1 0
322 185 -1 0
388 242 -1 0
226 391 -1 0
108 144 -1 0
111 70 -1 0
98 311 -1 0
48 35 -1 0
50 142 -1 0
118 66 -1 0
20 161 -1 0
8 288 -1 0
384 185 -1 0
349 354 -1 0
366 83 -1 0
87 16 -1 0
270 1 -1 0
126 252 -1 0
353 26 -1 0
348 20 -1 0
287 210 -1 0
198 250 -1 0
120 303 -1 0
273 391 -1 0
131 216 -1 0
68 288 -1 0
115 38 -1 0
277 103 -1 0
12 6 -1 0
372 73 -1 0
123 20 -1 0
259 297 -1 0
317 327 -1 0
178 59 -1 0
298 180 -1 0
111 342 -1 0
378 32 -1 0
237 257 -1 0
115 226 -1 0
284 301 -1 0
24 223 -1 0
182 208 -1 0
161 283 -1 0
339 47 -1 0
224 43 -1 0
114 77 -1 0
274 184 -1 0
151 15 -1 0
143 179 -1 0
108 337 -1 0
123 330 -1 0
281 283 -1 0
159 340 -1 0
19 312 -1 0
21 46 -1 0
274 371 -1 0
66 387 -1 0
43 323 -1 0
244 272 -1 0
369 21 -1 0
321 93 -1 0
269 341 -1 0
98 110 -1 0
152 91 -1 0
106 385 -1 0
129 323 -1 0
291 391 -1 0
165 248 -1 0
166 330 -1 0
315 19 -1 0
354 59 -1 0
32 2 -1 0
38 2 -1 0
341 13 -1 0
279 364 -1 0
285 267 -1 0
272 110 -1 0
66 365 -1 0
233 5 -1 0
373 75 -1 0
393 325 -1 0
355 313 -1 0
244 343 -1 0
317 54 -1 0
30 183 -1 0
106 92 -1 0
86 94 -1 0
44 11 -1 0
43 347 -1 0
392 359 -1 0
43 277 -1 0
260 34 -1 0
46 255 -1 0
155 265 -1 0
123 52 -1 0
141 271 -1 0
73 9 -1 0
42 399 -1 0
153 271 -1 0
310 40 -1 0
223 16 -1 0
386 336 -1 0
158 314 -1 0
313 108 -1 0
230 278 -1 0
73 353 -1 0
370 16 -1 0
135 398 -1 0
10 151 -1 0
150 42 -1 0
38 225 -1 0
272 315 -1 0
71 299 -1 0
95 368 -1 0
190 213 -1 0
278 115 -1 0
253 4 -1 0
102 177 -1 0
343 120 -1 0
375 185 -1 0
145 387 -1 0
73 113 -1 0
259 171 -1 0
242 332 -1 0
82 293 -1 0
314 183 -1 0
266 36 -1 0
285 4 -1 0
388 224 -1 0
93 279 -1 0
163 12 -1 0
296 241 -1 0
6 196 -1 0
290 46 -1 0
15 47 -1 0
182 260 -1 0
306 352 -1 0
106 342 -1 0
339 103 -1 0
163 45 -1 0
281 167 -1 0
341 380 -1 0
267 340 -1 0
156 291 -1 0
349 1 -1 0
178 394 -1 0
64 266 -1 0
205 144 -1 0
252 53 -1 0
292 196 -1 0
51 251 -1 0
151 315 -1 0
113 138 -1 0
45 375 -1 0
27 380 -1 0
103 228 -1 0
184 67 -1 0
395 295 -1 0
13 49 -1 0
252 147 -1 0
394 298 -1 0
22 175 -1 0
17 229 -1 0
52 375 -1 0
25 33 -1 0
259 56 -1 0
314 384 -1 0
166 60 -1 0
395 119 -1 0
213 120 -1 0
123 220 -1 0
243 139 -1 0
55 321 -1 0
282 103 -1 0
211 259 -1 0
245 308 -1 0
215 329 -1 0
275 360 -1 0
121 299 -1 0
360 127 -1 0
142 296 -1 0
249 273 -1 0
336 79 -1 0
59 313 -1 0
248 369 -1 0
385 164 -1 0
282 295 -1 0
203 268 -1 0
17 201 -1 0
250 33 -1 0
322 292 -1 0
358 44 -1 0
250 317 -1 0
361 45 -1 0
113 340 -1 0
132 373 -1 0
137 53 -1 0
73 246 -1 0
148 90 -1 0
395 202 -1 0
247 214 -1 0
295 322 -1 0
33 369 -1 0
79 309 -1 0
132 295 -1 0
261 216 -1 0
299 276 -1 0
378 189 -1 0
3 195 -1 0
314 235 -1 0
4 3 -1 0
368 232 -1 0
237 49 -1 0
271 65 -1 0
124 64 -1 0
226 252 -1 0
324 215 -1 0
178 36 -1 0
91 19 -1 0
227 242 -1 0
40 293 -1 0
64 97 -1 0
220 34 -1 0
27 379 -1 0
180 373 -1 0
81 321 -1 0
196 398 -1 0
166 316 -1 0
14 179 -1 0
386 243 -1 0
371 158 -1 0
170 323 -1 0
384 64 -1 0
8 384 -1 0
171 384 -1 0
278 52 -1 0
291 293 -1 0
93 375 -1 0
370 216 -1 0
161 32 -1 0
15 239 -1 0
247 294 -1 0
318 254 -1 0
188 36 -1 0
120 260 -1 0
370 251 -1 0
243 381 -1 0
265 50 -1 0
295 368 -1 0
164 346 -1 0
99 208 -1 0
311 282 -1 0
177 245 -1 0
252 77 -1 0
192 13 -1 0
65 298 -1 0
312 67 -1 0
208 110 -1 0
317 27 -1 0
23 259 -1 0
85 310 -1 0
252 220 -1 0
169 228 -1 0
334 324 -1 0
246 77 -1 0
245 266 -1 0
302 201 -1 0
314 341 -1 0
289 384 -1 0
272 221 -1 0
50 187 -1 0
381 125 -1 0
309 311 -1 0
279 197 -1 0
384 343 -1 0
322 367 -1 0
253 273 -1 0
112 380 -1 0
160 320 -1 0
353 113 -1 0
127 90 -1 0
143 279 -1 0
67 70 -1 0
386 145 -1 0
38 173 -1 0
253 125 -1 0
3 299 -1 0
222 140 -1 0
52 209 -1 0
395 140 -1 0
303 129 -1 0
88 89 -1 0
34 248 -1 0
62 164 -1 0
138 63 -1 0
39 196 -1 0
0 173 -1 0
248 53 -1 0
181 23 -1 0
91 102 -1 0
334 95 -1 0
269 261 -1 0
222 279 -1 0
246 148 -1 0
59 317 -1 0
125 188 -1 0
66 336 -1 0
131 345 -1 0
123 387 -1 0
86 213 -1 0
384 123 -1 0
392 221 -1 0
98 333 -1 0
250 51 -1 0
346 299 -1 0
78 315 -1 0
306 252 -1 0
328 262 -1 0
204 177 -1 1
209 187 -1 1
175 164 -1 1
226 176 -1 1
183 162 -1 1
178 182 -1 1
215 179 -1 1
178 180 -1 1
210 200 -1 1
158 161 -1 1
184 187 -1 1
160 170 -1 1
227 176 -1 1
187 166 -1 1
219 175 -1 1
195 183 -1 1
232 181 -1 1
185 178 -1 1
213 186 -1 1
196 166 -1 1
187 177 -1 1
193 178 -1 1
217 188 -1 1
168 161 -1 1
239 193 -1 1
168 171 -1 1
213 187 -1 1
227 201 -1 1
200 180 -1 1
175 178 -1 1
205 163 -1 1
173 180 -1 1
186 159 -1 1
200 171 -1 1
192 168 -1 1
208 180 -1 1
204 170 -1 1
210 188 -1 1
200 192 -1 1
168 170 -1 1
179 186 -1 1
218 185 -1 1
216 169 -1 1
211 169 -1 1
161 160 -1 1
218 177 -1 1
186 166 -1 1
189 183 -1 1
222 172 -1 1
184 165 -1 1
203 167 -1 1
207 182 -1 1
231 190 -1 1
196 171 -1 1
198 188 -1 1
201 175 -1 1
212 168 -1 1
226 190 -1 1
217 193 -1 1
237 183 -1 1
240 193 -1 1
217 200 -1 1
205 183 -1 1
191 164 -1 1
211 185 -1 1
211 200 -1 1
210 165 -1 1
189 167 -1 1
217 179 -1 1
215 200 -1 1
192 162 -1 1
235 195 -1 1
187 165 -1 1
190 161 -1 1
184 170 -1 1
154 165 -1 1
203 163 -1 1
214 196 -1 1
238 182 -1 1
214 178 -1 1
213 170 -1 1
184 188 -1 1
167 165 -1 1
167 171 -1 1
204 166 -1 1
180 165 -1 1
188 166 -1 1
217 201 -1 1
223 191 -1 1
173 162 -1 1
214 197 -1 1
211 165 -1 1
220 179 -1 1
221 186 -1 1
199 189 -1 1
165 178 -1 1
170 178 -1 1
234 187 -1 1
205 187 -1 1
231 189 -1 1
179 188 -1 1
221 176 -1 1
193 176 -1 1
229 184 -1 1
204 198 -1 1
176 161 -1 1
173 163 -1 1
196 175 -1 1
231 191 -1 1
229 198 -1 1
171 173 -1 1
198 184 -1 1
152 162 -1 1
154 159 -1 1
200 178 -1 1
175 165 -1 1
226 174 -1 1
188 175 -1 1
187 172 -1 1
183 185 -1 1
231 183 -1 1
152 161 -1 1
230 184 -1 1
220 187 -1 1
192 182 -1 1
191 185 -1 1
208 183 -1 1
158 160 -1 1
211 176 -1 1
183 170 -1 1
217 189 -1 1
234 191 -1 1
203 198 -1 1
178 178 -1 1
201 197 -1 1
165 162 -1 1
161 165 -1 1
171 157 -1 1
200 175 -1 1
159 167 -1 1
152 159 -1 1
185 163 -1 1
206 196 -1 1
217 172 -1 1
155 166 -1 1
173 171 -1 1
194 176 -1 1
229 176 -1 1
171 159 -1 1
198 197 -1 1
219 198 -1 1
191 188 -1 1
181 159 -1 1
188 183 -1 1
235 185 -1 1
190 183 -1 1
211 178 -1 1
185 175 -1 1
236 190 -1 1
221 183 -1 1
198 198 -1 1
220 185 -1 1
187 180 -1 1
198 181 -1 1
176 177 -1 1
236 195 -1 1
214 186 -1 1
209 172 -1 1
188 185 -1 1
215 176 -1 1
225 181 -1 1
223 174 -1 1
221 175 -1 1
185 171 -1 1
214 181 -1 1
181 158 -1 1
218 196 -1 1
203 181 -1 1
203 162 -1 1
218 199 -1 1
187 188 -1 1
182 176 -1 1
219 181 -1 1
226 199 -1 1
175 180 -1 1
166 175 -1 1
209 186 -1 1
201 162 -1 1
193 172 -1 1
168 179 -1 1
225 176 -1 1
231 176 -1 1
216 186 -1 1
228 192 -1 1
179 162 -1 1
232 183 -1 1
235 182 -1 1
162 176 -1 1
225 197 -1 1
220 196 -1 1
160 173 -1 1
232 178 -1 1
212 181 -1 1
178 162 -1 1
186 178 -1 1
212 189 -1 1
195 197 -1 1
212 171 -1 1
197 188 -1 1
164 164 -1 1
175 162 -1 1
178 171 -1 1
197 165 -1 1
188 184 -1 1
161 174 -1 1
158 162 -1 1
218 172 -1 1
202 199 -1 1
192 185 -1 1
241 185 -1 1
213 185 -1 1
182 190 -1 1
220 171 -1 1
168 182 -1 1
223 172 -1 1
210 173 -1 1
236 181 -1 1
221 173 -1 1
182 170 -1 1
157 168 -1 1
199 193 -1 1
180 189 -1 1
162 164 -1 1
226 202 -1 1
214 183 -1 1
178 188 -1 1
193 186 -1 1
176 166 -1 1
182 189 -1 1
183 178 -1 1
190 195 -1 1
163 166 -1 1
159 162 -1 1
205 189 -1 1
180 184 -1 1
211 171 -1 1
196 183 -1 1
226 183 -1 1
222 193 -1 1
235 179 -1 1
218 180 -1 1
191 194 -1 1
209 184 -1 1
204 178 -1 1
198 171 -1 1
191 192 -1 1
180 162 -1 1
225 179 -1 1
216 176 -1 1
207 189 -1 1
213 200 -1 1
184 176 -1 1
184 173 -1 1
214 184 -1 1
179 187 -1 1
181 183 -1 1
164 177 -1 1
185 189 -1 1
189 164 -1 1
191 168 -1 1
221 197 -1 1
203 169 -1 1
231 177 -1 1
197 174 -1 1
200 194 -1 1
183 182 -1 1
204 172 -1 1
170 163 -1 1
205 175 -1 1
189 189 -1 1
177 170 -1 1
203 200 -1 1
158 170 -1 1
203 199 -1 1
173 174 -1 1
198 176 -1 1
205 193 -1 1
212 190 -1 1
210 196 -1 1
196 173 -1 1
209 167 -1 1
214 189 -1 1
163 175 -1 1
226 186 -1 1
234 185 -1 1
222 197 -1 1
162 177 -1 1
172 182 -1 1
214 175 -1 1
226 184 -1 1
