4800 400 400
276 365 -1 0
200 118 -1 0
168 241 -1 0
42 64 -1 0
282 165 -1 0
247 377 -1 0
113 17 -1 0
49 139 -1 0
393 346 -1 0
334 201 -1 0
38 51 -1 0
247 92 -1 0
359 325 -1 0
378 125 -1 0
86 198 -1 0
277 162 -1 0
0 0 -1 0
61 395 -1 0
99 117 -1 0
366 193 -1 0
100 317 -1 0
238 4 -1 0
119 122 -1 0
352 139 -1 0
50 53 -1 0
173 393 -1 0
292 64 -1 0
7 228 -1 0
70 355 -1 0
114 373 -1 0
32 13 -1 0
44 6 -1 0
139 201 -1 0
373 273 -1 0
337 195 -1 0
10 252 -1 0
381 241 -1 0
265 243 -1 0
279 206 -1 0
183 248 -1 0
221 94 -1 0
191 325 -1 0
137 369 -1 0
280 352 -1 0
148 18 -1 0
305 356 -1 0
14 375 -1 0
396 55 -1 0
245 161 -1 0
127 356 -1 0
84 108 -1 0
99 246 -1 0
63 304 -1 0
200 136 -1 0
293 317 -1 0
389 217 -1 0
294 147 -1 0
209 60 -1 0
138 130 -1 0
312 79 -1 0
394 386 -1 0
110 211 -1 0
107 357 -1 0
29 84 -1 0
310 7 -1 0
33 54 -1 0
232 133 -1 0
133 328 -1 0
247 117 -1 0
125 86 -1 0
177 278 -1 0
353 35 -1 0
99 94 -1 0
120 44 -1 0
203 341 -1 0
324 155 -1 0
306 270 -1 0
169 173 -1 0
255 344 -1 0
42 392 -1 0
232 307 -1 0
31 204 -1 0
331 20 -1 0
246 365 -1 0
298 260 -1 0
336 366 -1 0
44 234 -1 0
311 19 -1 0
209 331 -1 0
327 102 -1 0
296 283 -1 0
242 325 -1 0
248 188 -1 0
248 370 -1 0
256 304 -1 0
381 270 -1 0
364 246 -1 0
226 12 -1 0
159 73 -1 0
36 189 -1 0
24 269 -1 0
11 322 -1 0
18 295 -1 0
218 78 -1 0
255 253 -1 0
15 213 -1 0
341 385 -1 0
249 199 -1 0
117 256 -1 0
347 345 -1 0
282 363 -1 0
230 360 -1 0
227 376 -1 0
359 18 -1 0
165 71 -1 0
75 149 -1 0
174 69 -1 0
347 373 -1 0
166 352 -1 0
269 238 -1 0
266 360 -1 0
46 41 -1 0
300 222 -1 0
344 315 -1 0
152 315 -1 0
264 304 -1 0
145 328 -1 0
91 142 -1 0
171 335 -1 0
282 320 -1 0
303 13 -1 0
208 125 -1 0
319 83 -1 0
94 39 -1 0
228 368 -1 0
54 87 -1 0
314 383 -1 0
17 192 -1 0
251 141 -1 0
149 368 -1 0
384 358 -1 0
218 138 -1 0
238 59 -1 0
249 71 -1 0
177 139 -1 0
26 53 -1 0
204 308 -1 0
277 18 -1 0
238 122 -1 0
256 136 -1 0
103 98 -1 0
250 198 -1 0
114 137 -1 0
185 286 -1 0
118 13 -1 0
284 338 -1 0
307 328 -1 0
285 166 -1 0
354 287 -1 0
260 125 -1 0
321 109 -1 0
358 230 -1 0
244 374 -1 0
341 231 -1 0
8 141 -1 0
50 325 -1 0
317 390 -1 0
183 290 -1 0
225 5 -1 0
117 82 -1 0
246 67 -1 0
99 231 -1 0
393 147 -1 0
221 33 -1 0
338 122 -1 0
153 269 -1 0
108 214 -1 0
21 342 -1 0
181 380 -1 0
2 202 -1 0
157 331 -1 0
153 101 -1 0
329 38 -1 0
223 37 -1 0
280 306 -1 0
272 237 -1 0
132 9 -1 0
250 206 -1 0
175 369 -1 0
378 245 -1 0
177 314 -1 0
148 311 -1 0
384 105 -1 0
120 253 -1 0
97 70 -1 0
154 285 -1 0
154 244 -1 0
75 260 -1 0
66 128 -1 0
47 228 -1 0
399 298 -1 0
46 227 -1 0
168 393 -1 0
28 150 -1 0
12 182 -1 0
86 18 -1 0
226 21 -1 0
392 221 -1 0
72 329 -1 0
314 181 -1 0
164 125 -1 0
150 207 -1 0
185 274 -1 0
55 75 -1 0
150 2 -1 0
217 59 -1 0
75 189 -1 0
171 388 -1 0
35 141 -1 0
303 298 -1 0
119 266 -1 0
388 162 -1 0
83 153 -1 0
95 263 -1 0
296 70 -1 0
81 229 -1 0
392 21 -1 0
137 373 -1 0
290 70 -1 0
372 276 -1 0
103 360 -1 0
289 119 -1 0
56 176 -1 0
286 228 -1 0
203 344 -1 0
306 284 -1 0
79 349 -1 0
222 325 -1 0
381 21 -1 0
101 299 -1 0
127 97 -1 0
25 249 -1 0
65 332 -1 0
349 274 -1 0
256 20 -1 0
191 25 -1 0
149 39 -1 0
206 287 -1 0
365 362 -1 0
138 352 -1 0
356 56 -1 0
397 35 -1 0
68 329 -1 0
96 302 -1 0
390 296 -1 0
207 73 -1 0
208 399 -1 0
395 45 -1 0
155 301 -1 0
367 390 -1 0
390 333 -1 0
7 25 -1 0
348 50 -1 0
82 202 -1 0
305 380 -1 0
361 87 -1 0
293 144 -1 0
337 39 -1 0
166 129 -1 0
112 184 -1 0
40 359 -1 0
285 206 -1 0
54 73 -1 0
364 154 -1 0
306 189 -1 0
268 394 -1 0
202 355 -1 0
339 270 -1 0
249 207 -1 0
69 364 -1 0
68 205 -1 0
193 122 -1 0
63 342 -1 0
184 110 -1 0
81 295 -1 0
396 214 -1 0
361 201 -1 0
335 91 -1 0
238 75 -1 0
133 317 -1 0
321 144 -1 0
226 349 -1 0
8 176 -1 0
307 297 -1 0
370 274 -1 0
132 312 -1 0
97 82 -1 0
136 233 -1 0
121 240 -1 0
311 214 -1 0
87 145 -1 0
13 46 -1 0
322 191 -1 0
155 70 -1 0
93 147 -1 0
278 95 -1 0
319 378 -1 0
107 386 -1 0
86 73 -1 0
357 232 -1 0
288 113 -1 0
24 4 -1 0
143 217 -1 0
175 133 -1 0
282 331 -1 0
369 298 -1 0
205 127 -1 0
164 231 -1 0
231 333 -1 0
278 26 -1 0
248 39 -1 0
384 295 -1 0
255 124 -1 0
269 16 -1 0
55 100 -1 0
321 384 -1 0
343 65 -1 0
96 301 -1 0
312 109 -1 0
221 17 -1 0
70 42 -1 0
80 3 -1 0
332 221 -1 0
381 55 -1 0
362 397 -1 0
101 88 -1 0
139 36 -1 0
398 332 -1 0
153 377 -1 0
333 275 -1 0
113 169 -1 0
283 49 -1 0
155 223 -1 0
21 236 -1 0
305 78 -1 0
37 342 -1 0
251 317 -1 0
285 55 -1 0
48 15 -1 0
256 135 -1 0
167 339 -1 0
84 93 -1 0
240 302 -1 0
204 113 -1 0
303 276 -1 0
188 121 -1 0
140 159 -1 0
153 394 -1 0
163 98 -1 0
277 199 -1 0
0 130 -1 0
89 136 -1 0
314 22 -1 0
268 155 -1 0
219 325 -1 0
341 97 -1 0
268 301 -1 0
137 272 -1 0
173 359 -1 0
375 263 -1 0
274 41 -1 0
175 347 -1 0
205 36 -1 0
124 180 -1 0
391 107 -1 0
92 19 -1 0
101 369 -1 0
310 326 -1 0
251 222 -1 0
318 55 -1 0
18 149 -1 0
260 385 -1 0
187 391 -1 0
147 190 -1 0
165 10 -1 0
93 185 -1 0
210 347 -1 0
289 313 -1 0
376 105 -1 0
297 158 -1 0
187 303 -1 0
310 211 -1 0
78 177 -1 0
94 87 -1 0
94 291 -1 0
134 335 -1 0
343 209 -1 0
368 20 -1 0
93 348 -1 0
332 8 -1 0
327 111 -1 0
22 33 -1 0
3 28 -1 0
249 328 -1 0
20 281 -1 0
268 338 -1 0
93 386 -1 0
272 24 -1 0
229 0 -1 0
33 287 -1 0
385 2 -1 0
32 107 -1 0
237 370 -1 0
14 394 -1 0
304 197 -1 0
280 25 -1 0
135 277 -1 0
126 63 -1 0
304 120 -1 0
281 25 -1 0
385 258 -1 0
272 220 -1 0
30 215 -1 0
156 137 -1 0
210 327 -1 0
331 340 -1 0
104 78 -1 0
136 274 -1 0
255 35 -1 0
267 159 -1 0
272 291 -1 0
208 51 -1 0
58 114 -1 0
171 325 -1 0
85 116 -1 0
26 140 -1 0
276 57 -1 0
0 396 -1 0
176 327 -1 0
116 189 -1 0
211 156 -1 0
106 223 -1 0
200 49 -1 0
264 73 -1 0
191 45 -1 0
277 77 -1 0
90 123 -1 0
270 384 -1 0
302 147 -1 0
275 97 -1 0
376 108 -1 0
339 29 -1 0
152 295 -1 0
380 149 -1 0
352 9 -1 0
362 24 -1 0
159 372 -1 0
47 12 -1 0
156 331 -1 0
348 359 -1 0
96 242 -1 0
272 188 -1 0
262 324 -1 0
71 302 -1 0
251 37 -1 0
361 64 -1 0
169 395 -1 0
361 106 -1 0
396 54 -1 0
377 130 -1 0
196 301 -1 0
80 67 -1 0
49 1 -1 0
23 143 -1 0
337 145 -1 0
113 29 -1 0
179 325 -1 0
35 388 -1 0
120 243 -1 0
24 352 -1 0
57 250 -1 0
173 234 -1 0
354 108 -1 0
336 160 -1 0
92 217 -1 0
383 199 -1 0
228 310 -1 0
296 120 -1 0
145 34 -1 0
358 162 -1 0
199 342 -1 0
61 184 -1 0
121 89 -1 0
375 177 -1 0
178 78 -1 0
169 299 -1 0
185 116 -1 0
391 370 -1 0
234 385 -1 0
154 289 -1 0
188 373 -1 0
322 1 -1 0
181 352 -1 0
23 16 -1 0
384 242 -1 0
7 289 -1 0
34 27 -1 0
280 14 -1 0
88 276 -1 0
106 111 -1 0
114 238 -1 0
172 114 -1 0
338 79 -1 0
56 240 -1 0
136 229 -1 0
195 281 -1 0
144 61 -1 0
262 379 -1 0
79 72 -1 0
295 108 -1 0
134 102 -1 0
129 74 -1 0
390 30 -1 0
137 302 -1 0
269 282 -1 0
164 348 -1 0
25 188 -1 0
325 34 -1 0
120 275 -1 0
10 76 -1 0
45 115 -1 0
350 279 -1 0
65 280 -1 0
51 126 -1 0
305 351 -1 0
392 69 -1 0
254 7 -1 0
209 156 -1 0
89 185 -1 0
399 256 -1 0
116 297 -1 0
163 396 -1 0
378 57 -1 0
186 80 -1 0
333 281 -1 0
259 215 -1 0
339 36 -1 0
221 13 -1 0
277 16 -1 0
161 341 -1 0
128 201 -1 0
204 331 -1 0
111 231 -1 0
325 298 -1 0
66 167 -1 0
36 241 -1 0
331 362 -1 0
162 248 -1 0
292 234 -1 0
215 341 -1 0
164 328 -1 0
96 287 -1 0
52 30 -1 0
337 193 -1 0
37 11 -1 0
280 297 -1 0
52 280 -1 0
38 47 -1 0
88 11 -1 0
84 218 -1 0
47 166 -1 0
211 34 -1 0
6 7 -1 0
118 172 -1 0
374 315 -1 0
97 385 -1 0
296 207 -1 0
370 277 -1 0
246 386 -1 0
36 160 -1 0
255 282 -1 0
340 21 -1 0
344 130 -1 0
169 313 -1 0
162 357 -1 0
257 356 -1 0
297 45 -1 0
76 200 -1 0
167 111 -1 0
258 377 -1 0
348 98 -1 0
368 229 -1 0
350 107 -1 0
3 141 -1 0
105 6 -1 0
131 305 -1 0
129 389 -1 0
265 205 -1 0
352 275 -1 0
220 128 -1 0
398 90 -1 0
189 144 -1 0
299 122 -1 0
294 247 -1 0
145 114 -1 0
192 97 -1 0
120 277 -1 0
124 73 -1 0
10 70 -1 0
259 143 -1 0
42 264 -1 0
300 94 -1 0
364 209 -1 0
123 137 -1 0
365 176 -1 0
227 22 -1 0
53 329 -1 0
203 110 -1 0
92 176 -1 0
33 207 -1 0
273 341 -1 0
47 137 -1 0
195 367 -1 0
73 119 -1 0
270 334 -1 0
321 50 -1 0
103 185 -1 0
103 344 -1 0
294 149 -1 0
281 296 -1 0
360 348 -1 0
264 371 -1 0
217 315 -1 0
1 35 -1 0
21 167 -1 0
84 260 -1 0
129 230 -1 0
85 126 -1 0
71 38 -1 0
173 259 -1 0
149 43 -1 0
170 14 -1 0
268 231 -1 0
1 25 -1 0
88 241 -1 0
253 280 -1 0
309 180 -1 0
124 94 -1 0
345 337 -1 0
215 352 -1 0
138 213 -1 0
303 70 -1 0
230 114 -1 0
10 155 -1 0
249 292 -1 0
372 169 -1 0
377 271 -1 0
97 132 -1 0
186 121 -1 0
74 117 -1 0
85 128 -1 0
341 370 -1 0
4 260 -1 0
83 364 -1 0
285 228 -1 0
182 42 -1 0
213 352 -1 0
271 32 -1 0
395 360 -1 0
205 361 -1 0
42 305 -1 0
343 182 -1 0
309 95 -1 0
387 342 -1 0
42 117 -1 0
63 171 -1 0
222 302 -1 0
143 390 -1 0
298 286 -1 0
314 38 -1 0
211 283 -1 0
81 58 -1 0
368 177 -1 0
339 165 -1 0
271 186 -1 0
186 285 -1 0
72 124 -1 0
41 230 -1 0
367 44 -1 0
156 120 -1 0
28 97 -1 0
104 69 -1 0
145 96 -1 0
111 351 -1 0
117 97 -1 0
18 367 -1 0
278 396 -1 0
80 44 -1 0
66 141 -1 0
253 263 -1 0
0 26 -1 0
120 96 -1 0
332 109 -1 0
19 196 -1 0
246 194 -1 0
60 25 -1 0
224 4 -1 0
379 321 -1 0
113 67 -1 0
335 234 -1 0
99 391 -1 0
367 21 -1 0
372 96 -1 0
250 286 -1 0
307 142 -1 0
115 219 -1 0
233 131 -1 0
362 42 -1 0
88 368 -1 0
130 364 -1 0
337 61 -1 0
54 98 -1 0
364 117 -1 0
273 228 -1 0
397 112 -1 0
340 322 -1 0
184 84 -1 0
128 63 -1 0
354 216 -1 0
152 202 -1 0
90 363 -1 0
375 52 -1 0
338 61 -1 0
114 330 -1 0
383 225 -1 0
206 378 -1 0
88 189 -1 0
157 310 -1 0
330 2 -1 0
135 379 -1 0
160 266 -1 0
257 95 -1 0
234 377 -1 0
2 325 -1 0
119 183 -1 0
22 154 -1 0
286 213 -1 0
93 220 -1 0
280 239 -1 0
48 131 -1 0
294 303 -1 0
223 56 -1 0
129 398 -1 0
360 191 -1 0
209 139 -1 0
357 95 -1 0
261 176 -1 0
309 155 -1 0
143 19 -1 0
338 191 -1 0
368 293 -1 0
57 122 -1 0
5 398 -1 0
16 159 -1 0
257 359 -1 0
28 351 -1 0
365 338 -1 0
293 100 -1 0
390 68 -1 0
296 345 -1 0
395 17 -1 0
290 158 -1 0
386 334 -1 0
138 146 -1 0
381 379 -1 0
331 98 -1 0
145 174 -1 0
101 168 -1 0
49 262 -1 0
328 15 -1 0
189 335 -1 0
152 154 -1 0
330 382 -1 0
330 102 -1 0
111 298 -1 0
191 36 -1 0
279 129 -1 0
150 337 -1 0
130 199 -1 0
4 237 -1 0
101 317 -1 0
361 315 -1 0
216 293 -1 0
34 305 -1 0
92 266 -1 0
295 12 -1 0
290 49 -1 0
360 260 -1 0
30 103 -1 0
304 34 -1 0
211 13 -1 0
26 305 -1 0
61 167 -1 0
249 388 -1 0
231 363 -1 0
64 35 -1 0
264 187 -1 0
158 364 -1 0
147 25 -1 0
388 114 -1 0
376 302 -1 0
247 318 -1 0
112 284 -1 0
356 303 -1 0
164 45 -1 0
233 162 -1 0
121 63 -1 0
337 351 -1 0
242 181 -1 0
301 332 -1 0
173 291 -1 0
46 303 -1 0
139 25 -1 0
217 306 -1 0
170 12 -1 0
105 117 -1 0
383 365 -1 0
9 205 -1 0
335 315 -1 0
292 192 -1 0
297 16 -1 0
74 364 -1 0
368 130 -1 0
163 387 -1 0
325 235 -1 0
48 300 -1 0
265 108 -1 0
138 75 -1 0
93 84 -1 0
158 9 -1 0
383 237 -1 0
180 33 -1 0
358 121 -1 0
101 122 -1 0
154 127 -1 0
154 126 -1 0
196 383 -1 0
239 143 -1 0
16 156 -1 0
63 141 -1 0
94 358 -1 0
373 71 -1 0
306 101 -1 0
61 104 -1 0
138 131 -1 0
93 12 -1 0
186 325 -1 0
49 102 -1 0
54 125 -1 0
230 89 -1 0
86 301 -1 0
144 40 -1 0
126 370 -1 0
300 14 -1 0
237 397 -1 0
260 98 -1 0
127 238 -1 0
379 363 -1 0
154 27 -1 0
106 5 -1 0
256 129 -1 0
398 241 -1 0
365 168 -1 0
136 66 -1 0
247 309 -1 0
316 205 -1 0
335 325 -1 0
139 199 -1 0
270 41 -1 0
345 396 -1 0
344 202 -1 0
144 127 -1 0
358 185 -1 0
44 395 -1 0
120 273 -1 0
62 284 -1 0
63 155 -1 0
382 282 -1 0
129 56 -1 0
20 239 -1 0
159 84 -1 0
180 367 -1 0
44 356 -1 0
395 318 -1 0
255 110 -1 0
305 48 -1 0
114 128 -1 0
272 296 -1 0
248 270 -1 0
374 88 -1 0
120 373 -1 0
89 46 -1 0
375 214 -1 0
240 188 -1 0
397 219 -1 0
215 14 -1 0
201 294 -1 0
319 127 -1 0
229 160 -1 0
304 353 -1 0
259 15 -1 0
301 79 -1 0
58 99 -1 0
125 223 -1 0
101 399 -1 0
27 336 -1 0
273 37 -1 0
305 134 -1 0
315 259 -1 0
101 176 -1 0
259 173 -1 0
160 285 -1 0
77 113 -1 0
51 130 -1 0
158 149 -1 0
200 132 -1 0
347 193 -1 0
112 98 -1 0
12 139 -1 0
32 269 -1 0
16 194 -1 0
255 67 -1 0
232 174 -1 0
182 394 -1 0
200 394 -1 0
270 74 -1 0
119 219 -1 0
69 146 -1 0
166 150 -1 0
236 11 -1 0
208 74 -1 0
175 112 -1 0
287 281 -1 0
227 69 -1 0
238 84 -1 0
143 382 -1 0
95 358 -1 0
308 204 -1 0
325 122 -1 0
183 145 -1 0
356 339 -1 0
84 337 -1 0
124 154 -1 0
109 104 -1 0
36 48 -1 0
233 168 -1 0
374 60 -1 0
294 338 -1 0
372 288 -1 0
6 193 -1 0
285 346 -1 0
229 96 -1 0
175 381 -1 0
156 380 -1 0
123 386 -1 0
27 192 -1 0
220 290 -1 0
36 365 -1 0
50 3 -1 0
129 158 -1 0
155 212 -1 0
337 33 -1 0
44 17 -1 0
341 192 -1 0
144 312 -1 0
73 99 -1 0
291 385 -1 0
330 370 -1 0
381 288 -1 0
119 19 -1 0
169 77 -1 0
341 48 -1 0
379 6 -1 0
2 180 -1 0
249 108 -1 0
8 383 -1 0
184 56 -1 0
53 182 -1 0
70 1 -1 0
348 120 -1 0
262 196 -1 0
204 332 -1 0
160 38 -1 0
133 170 -1 0
19 29 -1 0
22 6 -1 0
373 70 -1 0
254 386 -1 0
114 34 -1 0
200 125 -1 0
107 314 -1 0
306 54 -1 0
88 207 -1 0
54 212 -1 0
110 376 -1 0
67 167 -1 0
306 136 -1 0
321 15 -1 0
64 293 -1 0
74 384 -1 0
388 384 -1 0
336 364 -1 0
237 100 -1 0
199 398 -1 0
342 191 -1 0
398 311 -1 0
129 305 -1 0
121 106 -1 0
107 397 -1 0
61 303 -1 0
95 92 -1 0
389 236 -1 0
10 395 -1 0
124 8 -1 0
67 121 -1 0
326 369 -1 0
139 329 -1 0
101 310 -1 0
105 36 -1 0
173 37 -1 0
214 293 -1 0
175 157 -1 0
375 336 -1 0
288 128 -1 0
177 300 -1 0
352 197 -1 0
334 391 -1 0
59 8 -1 0
40 54 -1 0
141 233 -1 0
252 76 -1 0
316 204 -1 0
79 334 -1 0
20 141 -1 0
75 2 -1 0
219 320 -1 0
220 303 -1 0
45 147 -1 0
341 120 -1 0
63 172 -1 0
145 125 -1 0
278 92 -1 0
121 170 -1 0
57 5 -1 0
136 154 -1 0
227 40 -1 0
274 301 -1 0
89 259 -1 0
287 122 -1 0
211 139 -1 0
118 114 -1 0
373 242 -1 0
321 273 -1 0
385 11 -1 0
107 159 -1 0
162 104 -1 0
153 100 -1 0
378 200 -1 0
361 209 -1 0
313 154 -1 0
267 275 -1 0
275 165 -1 0
160 78 -1 0
77 52 -1 0
151 171 -1 0
4 107 -1 0
59 210 -1 0
275 17 -1 0
219 49 -1 0
284 274 -1 0
343 69 -1 0
6 57 -1 0
42 101 -1 0
355 52 -1 0
243 105 -1 0
150 186 -1 0
178 275 -1 0
224 348 -1 0
330 131 -1 0
111 43 -1 0
333 70 -1 0
30 259 -1 0
355 93 -1 0
369 373 -1 0
63 317 -1 0
370 167 -1 0
70 13 -1 0
305 332 -1 0
226 118 -1 0
58 200 -1 0
58 291 -1 0
352 333 -1 0
216 9 -1 0
50 125 -1 0
109 196 -1 0
193 106 -1 0
151 52 -1 0
224 299 -1 0
331 299 -1 0
125 180 -1 0
50 155 -1 0
243 26 -1 0
329 115 -1 0
354 126 -1 0
148 338 -1 0
66 269 -1 0
328 267 -1 0
7 33 -1 0
347 169 -1 0
99 56 -1 0
79 210 -1 0
326 386 -1 0
63 256 -1 0
346 276 -1 0
197 35 -1 0
130 96 -1 0
141 46 -1 0
71 364 -1 0
114 181 -1 0
388 244 -1 0
373 231 -1 0
112 90 -1 0
154 311 -1 0
79 336 -1 0
253 74 -1 0
109 141 -1 0
303 261 -1 0
53 339 -1 0
298 371 -1 0
161 80 -1 0
229 36 -1 0
117 292 -1 0
294 200 -1 0
62 370 -1 0
144 233 -1 0
166 175 -1 0
35 290 -1 0
11 82 -1 0
334 140 -1 0
121 65 -1 0
167 380 -1 0
338 137 -1 0
286 8 -1 0
373 291 -1 0
290 48 -1 0
92 380 -1 0
279 364 -1 0
256 116 -1 0
134 211 -1 0
292 195 -1 0
26 288 -1 0
70 179 -1 0
390 201 -1 0
94 335 -1 0
210 68 -1 0
282 290 -1 0
263 280 -1 0
11 28 -1 0
357 282 -1 0
178 294 -1 0
127 264 -1 0
152 57 -1 0
34 192 -1 0
331 223 -1 0
304 253 -1 0
11 156 -1 0
381 182 -1 0
97 243 -1 0
106 395 -1 0
362 242 -1 0
231 22 -1 0
231 335 -1 0
369 24 -1 0
81 29 -1 0
399 312 -1 0
394 213 -1 0
212 71 -1 0
310 380 -1 0
370 86 -1 0
225 356 -1 0
125 73 -1 0
237 380 -1 0
130 285 -1 0
71 303 -1 0
119 344 -1 0
201 4 -1 0
162 195 -1 0
312 373 -1 0
252 199 -1 0
283 363 -1 0
185 113 -1 0
269 6 -1 0
392 205 -1 0
176 365 -1 0
257 240 -1 0
98 75 -1 0
289 163 -1 0
399 363 -1 0
343 221 -1 0
61 326 -1 0
82 52 -1 0
10 66 -1 0
38 31 -1 0
310 154 -1 0
104 397 -1 0
291 171 -1 0
126 225 -1 0
226 83 -1 0
326 391 -1 0
361 15 -1 0
250 66 -1 0
312 91 -1 0
303 277 -1 0
84 238 -1 0
39 246 -1 0
138 180 -1 0
101 341 -1 0
169 38 -1 0
54 17 -1 0
27 284 -1 0
332 82 -1 0
2 321 -1 0
90 201 -1 0
139 308 -1 0
282 393 -1 0
148 241 -1 0
229 92 -1 0
137 256 -1 0
24 211 -1 0
22 165 -1 0
253 121 -1 0
356 6 -1 0
86 134 -1 0
392 283 -1 0
169 183 -1 0
264 131 -1 0
73 39 -1 0
72 17 -1 0
143 292 -1 0
356 83 -1 0
336 294 -1 0
181 134 -1 0
203 306 -1 0
139 181 -1 0
135 362 -1 0
101 112 -1 0
100 218 -1 0
335 188 -1 0
304 343 -1 0
153 374 -1 0
331 376 -1 0
171 236 -1 0
181 73 -1 0
12 289 -1 0
280 52 -1 0
136 263 -1 0
94 320 -1 0
326 75 -1 0
221 353 -1 0
38 56 -1 0
272 272 -1 0
317 213 -1 0
19 126 -1 0
2 356 -1 0
23 234 -1 0
311 66 -1 0
50 213 -1 0
47 4 -1 0
70 47 -1 0
384 351 -1 0
353 248 -1 0
81 318 -1 0
169 170 -1 0
338 26 -1 0
31 143 -1 0
280 166 -1 0
330 269 -1 0
156 167 -1 0
234 85 -1 0
338 239 -1 0
389 199 -1 0
43 58 -1 0
147 38 -1 0
177 335 -1 0
125 8 -1 0
49 8 -1 0
54 319 -1 0
171 228 -1 0
100 363 -1 0
217 20 -1 0
311 3 -1 0
114 24 -1 0
393 274 -1 0
95 393 -1 0
217 351 -1 0
294 261 -1 0
182 95 -1 0
77 66 -1 0
355 41 -1 0
124 118 -1 0
34 383 -1 0
364 7 -1 0
55 66 -1 0
356 215 -1 0
122 386 -1 0
14 302 -1 0
80 39 -1 0
88 85 -1 0
26 21 -1 0
54 168 -1 0
236 386 -1 0
59 336 -1 0
28 206 -1 0
232 70 -1 0
140 161 -1 0
233 47 -1 0
365 203 -1 0
271 123 -1 0
373 158 -1 0
302 124 -1 0
66 320 -1 0
105 298 -1 0
161 271 -1 0
293 152 -1 0
138 154 -1 0
123 253 -1 0
347 225 -1 0
5 194 -1 0
93 65 -1 0
5 219 -1 0
57 30 -1 0
354 212 -1 0
161 253 -1 0
6 120 -1 0
48 14 -1 0
268 100 -1 0
145 377 -1 0
290 316 -1 0
290 228 -1 0
0 357 -1 0
378 361 -1 0
214 386 -1 0
118 169 -1 0
302 386 -1 0
147 90 -1 0
168 165 -1 0
81 369 -1 0
170 113 -1 0
47 84 -1 0
245 329 -1 0
30 267 -1 0
133 204 -1 0
334 141 -1 0
106 76 -1 0
250 120 -1 0
29 367 -1 0
155 150 -1 0
312 339 -1 0
27 288 -1 0
158 254 -1 0
214 127 -1 0
273 203 -1 0
365 40 -1 0
219 388 -1 0
120 3 -1 0
306 389 -1 0
382 298 -1 0
398 228 -1 0
41 396 -1 0
141 98 -1 0
25 273 -1 0
280 93 -1 0
350 130 -1 0
137 107 -1 0
208 289 -1 0
317 83 -1 0
1 320 -1 0
312 391 -1 0
280 134 -1 0
399 335 -1 0
43 188 -1 0
385 300 -1 0
208 58 -1 0
312 191 -1 0
184 371 -1 0
395 356 -1 0
217 93 -1 0
127 86 -1 0
106 57 -1 0
123 302 -1 0
145 108 -1 0
121 154 -1 0
111 115 -1 0
278 255 -1 0
368 147 -1 0
33 122 -1 0
23 73 -1 0
15 249 -1 0
131 150 -1 0
252 62 -1 0
341 379 -1 0
91 370 -1 0
201 39 -1 0
295 57 -1 0
54 383 -1 0
118 223 -1 0
258 80 -1 0
12 12 -1 0
227 283 -1 0
219 292 -1 0
38 209 -1 0
377 305 -1 0
63 137 -1 0
97 162 -1 0
298 257 -1 0
85 0 -1 0
63 231 -1 0
250 35 -1 0
365 53 -1 0
137 395 -1 0
335 159 -1 0
280 67 -1 0
22 232 -1 0
43 170 -1 0
256 197 -1 0
76 378 -1 0
164 380 -1 0
324 177 -1 0
280 217 -1 0
341 188 -1 0
138 125 -1 0
16 363 -1 0
88 198 -1 0
257 183 -1 0
155 267 -1 0
313 198 -1 0
173 153 -1 0
358 26 -1 0
368 44 -1 0
48 294 -1 0
353 391 -1 0
11 238 -1 0
382 255 -1 0
268 204 -1 0
13 377 -1 0
34 188 -1 0
43 366 -1 0
172 365 -1 0
48 288 -1 0
16 246 -1 0
375 30 -1 0
130 191 -1 0
393 209 -1 0
282 179 -1 0
313 377 -1 0
290 302 -1 0
361 13 -1 0
130 212 -1 0
360 175 -1 0
275 328 -1 0
224 334 -1 0
300 88 -1 0
274 306 -1 0
73 296 -1 0
291 329 -1 0
36 166 -1 0
318 123 -1 0
101 83 -1 0
393 390 -1 0
185 32 -1 0
287 163 -1 0
60 153 -1 0
105 19 -1 0
258 168 -1 0
135 299 -1 0
293 27 -1 0
149 241 -1 0
153 273 -1 0
307 218 -1 0
49 270 -1 0
23 245 -1 0
292 277 -1 0
242 122 -1 0
231 50 -1 0
123 364 -1 0
343 247 -1 0
33 58 -1 0
366 241 -1 0
382 167 -1 0
28 247 -1 0
219 106 -1 0
106 216 -1 0
8 127 -1 0
212 108 -1 0
52 93 -1 0
397 222 -1 0
342 386 -1 0
190 110 -1 0
307 41 -1 0
298 358 -1 0
313 259 -1 0
3 276 -1 0
4 171 -1 0
48 81 -1 0
365 299 -1 0
87 115 -1 0
136 77 -1 0
219 304 -1 0
74 348 -1 0
46 29 -1 0
64 348 -1 0
200 397 -1 0
311 257 -1 0
367 274 -1 0
370 374 -1 0
266 123 -1 0
41 276 -1 0
168 333 -1 0
318 392 -1 0
121 393 -1 0
363 300 -1 0
200 57 -1 0
109 158 -1 0
257 97 -1 0
288 310 -1 0
159 316 -1 0
328 157 -1 0
226 63 -1 0
221 25 -1 0
271 177 -1 0
348 62 -1 0
247 129 -1 0
380 281 -1 0
368 168 -1 0
140 155 -1 0
8 285 -1 0
277 369 -1 0
333 201 -1 0
324 165 -1 0
189 254 -1 0
77 115 -1 0
198 348 -1 0
134 153 -1 0
74 251 -1 0
381 13 -1 0
55 308 -1 0
339 31 -1 0
100 228 -1 0
135 293 -1 0
375 327 -1 0
144 204 -1 0
260 49 -1 0
111 11 -1 0
297 27 -1 0
340 32 -1 0
341 388 -1 0
382 22 -1 0
284 26 -1 0
206 142 -1 0
398 44 -1 0
81 70 -1 0
286 33 -1 0
355 49 -1 0
134 79 -1 0
3 109 -1 0
145 63 -1 0
85 328 -1 0
177 124 -1 0
205 327 -1 0
175 363 -1 0
289 271 -1 0
129 356 -1 0
218 63 -1 0
139 382 -1 0
231 98 -1 0
335 52 -1 0
57 48 -1 0
273 227 -1 0
395 381 -1 0
389 130 -1 0
313 21 -1 0
78 322 -1 0
293 331 -1 0
316 350 -1 0
193 6 -1 0
205 75 -1 0
129 116 -1 0
175 255 -1 0
364 22 -1 0
361 169 -1 0
51 46 -1 0
140 181 -1 0
212 38 -1 0
59 206 -1 0
316 365 -1 0
334 296 -1 0
94 139 -1 0
129 253 -1 0
177 40 -1 0
44 284 -1 0
381 166 -1 0
93 377 -1 0
222 127 -1 0
74 10 -1 0
305 152 -1 0
187 86 -1 0
67 316 -1 0
29 92 -1 0
196 317 -1 0
32 310 -1 0
203 153 -1 0
20 206 -1 0
164 213 -1 0
367 80 -1 0
262 111 -1 0
392 349 -1 0
165 293 -1 0
261 297 -1 0
273 83 -1 0
333 342 -1 0
42 203 -1 0
219 96 -1 0
167 209 -1 0
11 299 -1 0
344 134 -1 0
27 19 -1 0
267 395 -1 0
114 372 -1 0
71 156 -1 0
233 148 -1 0
137 333 -1 0
231 11 -1 0
124 299 -1 0
119 342 -1 0
296 324 -1 0
215 130 -1 0
72 171 -1 0
277 20 -1 0
296 180 -1 0
23 190 -1 0
387 239 -1 0
338 220 -1 0
11 120 -1 0
360 284 -1 0
40 362 -1 0
209 82 -1 0
228 172 -1 0
66 9 -1 0
155 373 -1 0
9 329 -1 0
191 368 -1 0
171 263 -1 0
104 110 -1 0
134 240 -1 0
96 88 -1 0
110 126 -1 0
310 77 -1 0
308 306 -1 0
212 93 -1 0
382 112 -1 0
175 310 -1 0
107 349 -1 0
78 183 -1 0
171 385 -1 0
33 242 -1 0
200 143 -1 0
343 237 -1 0
155 313 -1 0
166 199 -1 0
196 106 -1 0
194 36 -1 0
117 346 -1 0
266 244 -1 0
271 154 -1 0
118 236 -1 0
67 35 -1 0
108 83 -1 0
382 387 -1 0
253 26 -1 0
252 180 -1 0
365 263 -1 0
303 254 -1 0
121 133 -1 0
398 131 -1 0
31 147 -1 0
24 387 -1 0
309 58 -1 0
78 362 -1 0
132 323 -1 0
281 288 -1 0
393 2 -1 0
96 378 -1 0
348 171 -1 0
92 316 -1 0
137 126 -1 0
276 70 -1 0
322 316 -1 0
162 202 -1 0
342 94 -1 0
370 271 -1 0
222 108 -1 0
92 294 -1 0
159 308 -1 0
207 92 -1 0
143 317 -1 0
189 360 -1 0
168 378 -1 0
52 313 -1 0
38 330 -1 0
65 148 -1 0
275 339 -1 0
300 229 -1 0
145 194 -1 0
166 194 -1 0
252 269 -1 0
142 193 -1 0
303 115 -1 0
152 89 -1 0
46 388 -1 0
77 44 -1 0
74 159 -1 0
381 107 -1 0
37 247 -1 0
33 299 -1 0
188 60 -1 0
309 325 -1 0
148 17 -1 0
149 297 -1 0
119 387 -1 0
170 204 -1 0
99 70 -1 0
341 346 -1 0
108 21 -1 0
239 166 -1 0
329 383 -1 0
95 291 -1 0
294 39 -1 0
22 370 -1 0
258 59 -1 0
369 310 -1 0
268 45 -1 0
48 48 -1 0
344 238 -1 0
40 303 -1 0
56 209 -1 0
79 246 -1 0
48 37 -1 0
281 114 -1 0
369 210 -1 0
168 343 -1 0
394 339 -1 0
382 18 -1 0
249 202 -1 0
159 85 -1 0
75 27 -1 0
116 336 -1 0
35 93 -1 0
110 337 -1 0
51 244 -1 0
75 362 -1 0
129 147 -1 0
51 79 -1 0
125 60 -1 0
298 311 -1 0
118 163 -1 0
111 255 -1 0
57 313 -1 0
300 60 -1 0
362 31 -1 0
69 13 -1 0
389 95 -1 0
304 149 -1 0
49 252 -1 0
274 335 -1 0
56 151 -1 0
118 84 -1 0
375 366 -1 0
334 150 -1 0
286 395 -1 0
55 372 -1 0
343 8 -1 0
265 50 -1 0
166 103 -1 0
228 95 -1 0
192 44 -1 0
340 102 -1 0
123 238 -1 0
325 99 -1 0
37 254 -1 0
92 319 -1 0
328 209 -1 0
235 358 -1 0
180 79 -1 0
295 316 -1 0
51 72 -1 0
239 108 -1 0
118 89 -1 0
113 176 -1 0
165 151 -1 0
222 69 -1 0
78 65 -1 0
102 75 -1 0
64 49 -1 0
86 178 -1 0
177 155 -1 0
277 36 -1 0
340 381 -1 0
79 301 -1 0
255 32 -1 0
365 291 -1 0
269 390 -1 0
106 92 -1 0
336 26 -1 0
218 364 -1 0
95 91 -1 0
145 151 -1 0
91 261 -1 0
250 154 -1 0
339 61 -1 0
376 386 -1 0
154 50 -1 0
57 277 -1 0
87 295 -1 0
316 256 -1 0
66 204 -1 0
192 341 -1 0
65 296 -1 0
360 395 -1 0
60 164 -1 0
370 153 -1 0
172 221 -1 0
148 73 -1 0
341 64 -1 0
348 70 -1 0
315 88 -1 0
178 139 -1 0
207 394 -1 0
176 298 -1 0
0 127 -1 0
136 148 -1 0
268 52 -1 0
168 33 -1 0
65 306 -1 0
19 322 -1 0
249 291 -1 0
344 200 -1 0
376 354 -1 0
28 78 -1 0
154 78 -1 0
202 14 -1 0
188 349 -1 0
72 391 -1 0
176 136 -1 0
297 224 -1 0
22 225 -1 0
246 1 -1 0
270 271 -1 0
392 79 -1 0
304 333 -1 0
214 331 -1 0
13 295 -1 0
5 142 -1 0
69 228 -1 0
316 307 -1 0
291 241 -1 0
109 309 -1 0
83 309 -1 0
395 94 -1 0
260 280 -1 0
20 163 -1 0
78 388 -1 0
397 161 -1 0
2 2 -1 0
133 99 -1 0
117 220 -1 0
57 380 -1 0
190 128 -1 0
277 103 -1 0
232 378 -1 0
128 88 -1 0
11 158 -1 0
331 323 -1 0
75 393 -1 0
56 272 -1 0
165 112 -1 0
232 52 -1 0
367 306 -1 0
375 360 -1 0
385 363 -1 0
154 99 -1 0
266 385 -1 0
366 322 -1 0
288 84 -1 0
351 65 -1 0
337 295 -1 0
23 72 -1 0
111 269 -1 0
290 273 -1 0
72 1 -1 0
96 331 -1 0
121 22 -1 0
109 151 -1 0
200 305 -1 0
198 374 -1 0
72 251 -1 0
303 21 -1 0
175 298 -1 0
116 73 -1 0
378 83 -1 0
303 63 -1 0
358 80 -1 0
104 111 -1 0
269 244 -1 0
92 218 -1 0
207 391 -1 0
167 129 -1 0
340 162 -1 0
236 370 -1 0
12 251 -1 0
355 240 -1 0
322 326 -1 0
269 100 -1 0
129 299 -1 0
335 150 -1 0
56 48 -1 0
20 118 -1 0
83 60 -1 0
98 352 -1 0
206 44 -1 0
348 345 -1 0
35 268 -1 0
264 391 -1 0
173 307 -1 0
185 336 -1 0
319 25 -1 0
349 315 -1 0
361 73 -1 0
227 84 -1 0
322 285 -1 0
323 40 -1 0
275 389 -1 0
106 332 -1 0
33 257 -1 0
37 216 -1 0
319 304 -1 0
153 223 -1 0
46 171 -1 0
4 153 -1 0
361 188 -1 0
382 189 -1 0
278 178 -1 0
130 182 -1 0
69 229 -1 0
374 5 -1 0
367 284 -1 0
193 30 -1 0
240 303 -1 0
98 175 -1 0
308 134 -1 0
135 315 -1 0
141 194 -1 0
140 359 -1 0
288 330 -1 0
112 352 -1 0
316 166 -1 0
71 244 -1 0
368 179 -1 0
102 393 -1 0
317 248 -1 0
321 343 -1 0
356 8 -1 0
123 257 -1 0
373 250 -1 0
265 191 -1 0
40 137 -1 0
167 367 -1 0
71 22 -1 0
297 304 -1 0
102 210 -1 0
263 88 -1 0
183 356 -1 0
291 138 -1 0
123 341 -1 0
327 113 -1 0
161 281 -1 0
344 165 -1 0
169 5 -1 0
69 49 -1 0
126 137 -1 0
197 102 -1 0
384 68 -1 0
365 117 -1 0
252 65 -1 0
286 397 -1 0
363 359 -1 0
207 90 -1 0
84 288 -1 0
121 147 -1 0
2 129 -1 0
66 178 -1 0
368 86 -1 0
104 66 -1 0
106 68 -1 0
227 135 -1 0
244 127 -1 0
184 90 -1 0
9 104 -1 0
148 326 -1 0
37 166 -1 0
356 169 -1 0
175 77 -1 0
127 324 -1 0
384 40 -1 0
45 299 -1 0
317 229 -1 0
391 311 -1 0
111 90 -1 0
68 184 -1 0
79 159 -1 0
111 26 -1 0
2 56 -1 0
394 282 -1 0
270 329 -1 0
120 215 -1 0
305 283 -1 0
331 47 -1 0
286 143 -1 0
348 115 -1 0
133 93 -1 0
301 102 -1 0
240 398 -1 0
161 55 -1 0
210 319 -1 0
8 183 -1 0
12 314 -1 0
168 134 -1 0
157 300 -1 0
334 65 -1 0
131 332 -1 0
77 284 -1 0
277 63 -1 0
354 303 -1 0
210 291 -1 0
338 349 -1 0
21 71 -1 0
365 205 -1 0
119 123 -1 0
197 109 -1 0
208 148 -1 0
117 74 -1 0
99 106 -1 0
16 58 -1 0
259 319 -1 0
155 377 -1 0
195 37 -1 0
246 41 -1 0
127 221 -1 0
182 102 -1 0
142 293 -1 0
136 354 -1 0
170 84 -1 0
373 298 -1 0
249 42 -1 0
124 250 -1 0
223 140 -1 0
258 74 -1 0
163 145 -1 0
120 49 -1 0
176 131 -1 0
68 298 -1 0
113 237 -1 0
2 81 -1 0
105 207 -1 0
367 174 -1 0
48 188 -1 0
375 294 -1 0
62 17 -1 0
88 195 -1 0
336 138 -1 0
138 323 -1 0
139 251 -1 0
81 160 -1 0
356 237 -1 0
175 139 -1 0
20 283 -1 0
69 379 -1 0
260 367 -1 0
24 270 -1 0
220 310 -1 0
26 266 -1 0
126 164 -1 0
283 130 -1 0
163 113 -1 0
107 252 -1 0
293 307 -1 0
384 339 -1 0
238 72 -1 0
126 255 -1 0
124 173 -1 0
226 161 -1 0
282 357 -1 0
390 311 -1 0
55 299 -1 0
358 259 -1 0
251 288 -1 0
77 327 -1 0
101 319 -1 0
273 22 -1 0
284 287 -1 0
359 181 -1 0
140 106 -1 0
93 355 -1 0
72 190 -1 0
4 179 -1 0
205 6 -1 0
26 387 -1 0
128 237 -1 0
45 19 -1 0
145 243 -1 0
90 255 -1 0
267 288 -1 0
289 85 -1 0
181 90 -1 0
49 235 -1 0
15 294 -1 0
51 25 -1 0
21 384 -1 0
369 158 -1 0
265 364 -1 0
385 182 -1 0
140 198 -1 0
278 186 -1 0
90 37 -1 0
64 392 -1 0
54 104 -1 0
43 165 -1 0
131 370 -1 0
149 196 -1 0
335 11 -1 0
260 201 -1 0
338 206 -1 0
306 191 -1 0
99 233 -1 0
143 40 -1 0
101 327 -1 0
267 70 -1 0
6 305 -1 0
130 370 -1 0
1 287 -1 0
205 63 -1 0
216 357 -1 0
225 289 -1 0
304 306 -1 0
398 85 -1 0
378 321 -1 0
122 164 -1 0
386 60 -1 0
267 270 -1 0
207 65 -1 0
57 262 -1 0
323 69 -1 0
255 120 -1 0
366 245 -1 0
304 68 -1 0
172 159 -1 0
45 211 -1 0
215 399 -1 0
388 307 -1 0
187 122 -1 0
120 142 -1 0
219 337 -1 0
310 373 -1 0
377 247 -1 0
279 165 -1 0
65 153 -1 0
394 84 -1 0
131 180 -1 0
29 34 -1 0
79 42 -1 0
348 130 -1 0
399 47 -1 0
394 374 -1 0
305 249 -1 0
50 343 -1 0
278 261 -1 0
182 246 -1 0
284 342 -1 0
90 319 -1 0
64 196 -1 0
376 75 -1 0
260 317 -1 0
79 250 -1 0
76 265 -1 0
299 209 -1 0
49 98 -1 0
130 361 -1 0
29 137 -1 0
29 224 -1 0
361 55 -1 0
164 73 -1 0
333 55 -1 0
330 23 -1 0
17 369 -1 0
316 57 -1 0
277 133 -1 0
192 18 -1 0
250 221 -1 0
371 88 -1 0
117 15 -1 0
287 385 -1 0
325 345 -1 0
116 370 -1 0
20 267 -1 0
393 199 -1 0
125 144 -1 0
116 82 -1 0
373 325 -1 0
76 385 -1 0
141 106 -1 0
177 77 -1 0
313 341 -1 0
109 59 -1 0
244 118 -1 0
94 13 -1 0
258 32 -1 0
36 244 -1 0
125 332 -1 0
104 368 -1 0
345 72 -1 0
80 169 -1 0
269 290 -1 0
207 311 -1 0
394 223 -1 0
55 29 -1 0
177 290 -1 0
310 33 -1 0
371 42 -1 0
132 147 -1 0
135 73 -1 0
31 136 -1 0
137 105 -1 0
156 145 -1 0
262 342 -1 0
295 173 -1 0
333 173 -1 0
110 185 -1 0
263 305 -1 0
124 283 -1 0
327 165 -1 0
315 383 -1 0
47 81 -1 0
145 356 -1 0
150 381 -1 0
289 212 -1 0
20 146 -1 0
289 213 -1 0
394 112 -1 0
224 317 -1 0
161 365 -1 0
310 47 -1 0
178 250 -1 0
48 373 -1 0
94 136 -1 0
9 335 -1 0
96 247 -1 0
147 385 -1 0
313 47 -1 0
186 330 -1 0
148 211 -1 0
192 284 -1 0
395 47 -1 0
202 344 -1 0
108 271 -1 0
196 35 -1 0
97 75 -1 0
21 381 -1 0
202 74 -1 0
269 107 -1 0
24 199 -1 0
112 71 -1 0
363 315 -1 0
375 116 -1 0
282 108 -1 0
288 382 -1 0
321 64 -1 0
303 23 -1 0
167 390 -1 0
347 168 -1 0
204 316 -1 0
215 149 -1 0
214 284 -1 0
314 223 -1 0
13 346 -1 0
316 362 -1 0
24 26 -1 0
335 208 -1 0
369 289 -1 0
255 58 -1 0
313 370 -1 0
118 332 -1 0
313 1 -1 0
209 22 -1 0
168 106 -1 0
95 44 -1 0
103 361 -1 0
140 333 -1 0
341 304 -1 0
160 370 -1 0
30 117 -1 0
394 16 -1 0
139 146 -1 0
11 358 -1 0
0 203 -1 0
246 113 -1 0
166 213 -1 0
317 283 -1 0
240 76 -1 0
84 15 -1 0
304 265 -1 0
10 379 -1 0
164 183 -1 0
59 392 -1 0
27 139 -1 0
305 208 -1 0
395 76 -1 0
206 13 -1 0
90 137 -1 0
1 163 -1 0
144 50 -1 0
53 162 -1 0
195 135 -1 0
57 254 -1 0
396 350 -1 0
75 346 -1 0
50 391 -1 0
399 399 -1 0
318 230 -1 0
160 30 -1 0
129 92 -1 0
396 384 -1 0
147 156 -1 0
276 322 -1 0
233 84 -1 0
208 152 -1 0
338 74 -1 0
320 374 -1 0
168 198 -1 0
183 36 -1 0
378 69 -1 0
241 129 -1 0
272 189 -1 0
392 70 -1 0
388 226 -1 0
233 52 -1 0
375 169 -1 0
287 80 -1 0
345 368 -1 0
49 203 -1 0
1 380 -1 0
57 176 -1 0
63 230 -1 0
40 15 -1 0
144 51 -1 0
97 247 -1 0
313 315 -1 0
357 141 -1 0
314 42 -1 0
33 269 -1 0
350 250 -1 0
216 61 -1 0
176 229 -1 0
395 277 -1 0
44 164 -1 0
12 177 -1 0
10 196 -1 0
120 202 -1 0
47 372 -1 0
11 9 -1 0
353 24 -1 0
155 347 -1 0
85 293 -1 0
147 396 -1 0
10 284 -1 0
51 107 -1 0
381 25 -1 0
243 333 -1 0
131 83 -1 0
171 317 -1 0
399 349 -1 0
240 44 -1 0
202 48 -1 0
226 157 -1 0
54 48 -1 0
150 139 -1 0
102 370 -1 0
235 160 -1 0
356 360 -1 0
51 242 -1 0
335 292 -1 0
19 388 -1 0
399 255 -1 0
170 222 -1 0
37 92 -1 0
9 185 -1 0
255 195 -1 0
228 323 -1 0
328 146 -1 0
36 38 -1 0
75 44 -1 0
31 141 -1 0
250 229 -1 0
358 348 -1 0
219 380 -1 0
91 236 -1 0
340 368 -1 0
273 70 -1 0
348 338 -1 0
172 340 -1 0
162 316 -1 0
41 381 -1 0
359 28 -1 0
319 381 -1 0
278 90 -1 0
313 209 -1 0
382 80 -1 0
288 191 -1 0
171 56 -1 0
12 310 -1 0
279 164 -1 0
203 60 -1 0
330 270 -1 0
346 101 -1 0
382 21 -1 0
364 222 -1 0
270 338 -1 0
229 140 -1 0
195 390 -1 0
74 349 -1 0
349 349 -1 0
248 124 -1 0
345 370 -1 0
193 314 -1 0
54 224 -1 0
24 2 -1 0
45 172 -1 0
14 178 -1 0
211 76 -1 0
272 191 -1 0
99 90 -1 0
72 339 -1 0
366 56 -1 0
90 298 -1 0
185 126 -1 0
399 9 -1 0
151 31 -1 0
340 221 -1 0
116 362 -1 0
134 274 -1 0
274 370 -1 0
210 14 -1 0
174 246 -1 0
296 1 -1 0
391 386 -1 0
114 229 -1 0
113 365 -1 0
103 366 -1 0
66 39 -1 0
370 147 -1 0
140 337 -1 0
166 374 -1 0
76 264 -1 0
326 19 -1 0
27 392 -1 0
197 269 -1 0
169 39 -1 0
339 237 -1 0
159 68 -1 0
258 367 -1 0
365 383 -1 0
275 329 -1 0
43 205 -1 0
12 97 -1 0
393 207 -1 0
335 302 -1 0
333 303 -1 0
358 221 -1 0
100 312 -1 0
347 80 -1 0
181 343 -1 0
268 146 -1 0
48 383 -1 0
252 290 -1 0
262 193 -1 0
239 62 -1 0
92 115 -1 0
270 35 -1 0
357 207 -1 0
287 142 -1 0
233 26 -1 0
132 130 -1 0
176 398 -1 0
361 120 -1 0
165 139 -1 0
29 218 -1 0
42 132 -1 0
81 265 -1 0
314 109 -1 0
139 176 -1 0
260 144 -1 0
111 224 -1 0
191 383 -1 0
305 171 -1 0
56 102 -1 0
54 124 -1 0
183 309 -1 0
239 147 -1 0
184 293 -1 0
290 369 -1 0
177 320 -1 0
186 367 -1 0
364 142 -1 0
14 254 -1 0
372 319 -1 0
153 163 -1 0
357 166 -1 0
47 154 -1 0
295 268 -1 0
94 135 -1 0
314 228 -1 0
71 234 -1 0
283 11 -1 0
253 344 -1 0
56 319 -1 0
377 38 -1 0
111 388 -1 0
340 72 -1 0
308 81 -1 0
28 121 -1 0
169 263 -1 0
114 48 -1 0
36 180 -1 0
45 232 -1 0
303 317 -1 0
360 149 -1 0
286 321 -1 0
228 143 -1 0
295 378 -1 0
66 384 -1 0
110 109 -1 0
245 190 -1 0
120 207 -1 0
323 192 -1 0
379 122 -1 0
41 387 -1 0
98 320 -1 0
95 64 -1 0
344 366 -1 0
32 322 -1 0
161 363 -1 0
250 228 -1 0
229 32 -1 0
325 375 -1 0
124 179 -1 0
67 122 -1 0
202 23 -1 0
133 151 -1 0
75 79 -1 0
264 16 -1 0
62 168 -1 0
378 393 -1 0
9 54 -1 0
72 205 -1 0
15 279 -1 0
99 327 -1 0
1 39 -1 0
213 302 -1 0
48 381 -1 0
217 339 -1 0
48 75 -1 0
1 46 -1 0
267 153 -1 0
26 248 -1 0
274 175 -1 0
199 43 -1 0
73 19 -1 0
204 40 -1 0
54 302 -1 0
262 37 -1 0
347 281 -1 0
288 368 -1 0
76 12 -1 0
58 353 -1 0
95 320 -1 0
190 77 -1 0
73 158 -1 0
0 244 -1 0
245 368 -1 0
356 99 -1 0
42 129 -1 0
323 134 -1 0
351 204 -1 0
339 20 -1 0
63 92 -1 0
36 136 -1 0
280 129 -1 0
346 120 -1 0
5 68 -1 0
234 342 -1 0
102 262 -1 0
325 50 -1 0
139 29 -1 0
179 66 -1 0
60 203 -1 0
353 159 -1 0
192 39 -1 0
35 78 -1 0
261 156 -1 0
163 37 -1 0
282 354 -1 0
308 80 -1 0
72 10 -1 0
111 274 -1 0
249 113 -1 0
301 73 -1 0
162 177 -1 0
320 232 -1 0
387 181 -1 0
74 81 -1 0
120 128 -1 0
177 22 -1 0
71 182 -1 0
13 371 -1 0
66 335 -1 0
346 182 -1 0
93 331 -1 0
48 180 -1 0
346 35 -1 0
385 353 -1 0
375 334 -1 0
353 64 -1 0
269 311 -1 0
21 260 -1 0
372 309 -1 0
232 355 -1 0
153 238 -1 0
40 80 -1 0
225 3 -1 0
161 0 -1 0
288 136 -1 0
373 24 -1 0
257 336 -1 0
59 273 -1 0
14 257 -1 0
340 222 -1 0
281 171 -1 0
310 118 -1 0
127 61 -1 0
155 203 -1 0
366 49 -1 0
61 102 -1 0
327 302 -1 0
172 145 -1 0
213 59 -1 0
166 221 -1 0
211 131 -1 0
1 330 -1 0
71 39 -1 0
32 304 -1 0
233 97 -1 0
99 158 -1 0
336 108 -1 0
77 98 -1 0
24 248 -1 0
128 187 -1 0
163 140 -1 0
28 240 -1 0
163 369 -1 0
266 18 -1 0
139 207 -1 0
12 10 -1 0
279 177 -1 0
90 286 -1 0
16 140 -1 0
309 330 -1 0
367 144 -1 0
330 216 -1 0
236 299 -1 0
384 223 -1 0
175 2 -1 0
148 295 -1 0
34 95 -1 0
46 109 -1 0
137 375 -1 0
147 264 -1 0
274 181 -1 0
137 83 -1 0
68 247 -1 0
235 72 -1 0
161 173 -1 0
212 347 -1 0
323 378 -1 0
127 386 -1 0
312 377 -1 0
152 348 -1 0
128 69 -1 0
129 148 -1 0
217 364 -1 0
393 170 -1 0
314 67 -1 0
122 263 -1 0
369 390 -1 0
319 51 -1 0
132 340 -1 0
372 391 -1 0
397 281 -1 0
176 150 -1 0
30 23 -1 0
315 328 -1 0
235 16 -1 0
79 66 -1 0
106 61 -1 0
222 66 -1 0
128 127 -1 0
184 32 -1 0
350 304 -1 0
357 44 -1 0
73 381 -1 0
308 301 -1 0
93 261 -1 0
269 78 -1 0
391 250 -1 0
302 82 -1 0
209 155 -1 0
362 138 -1 0
291 116 -1 0
386 177 -1 0
306 287 -1 0
131 301 -1 0
101 211 -1 0
249 195 -1 0
27 76 -1 0
45 302 -1 0
231 123 -1 0
83 97 -1 0
328 233 -1 0
253 296 -1 0
145 214 -1 0
381 148 -1 0
109 160 -1 0
9 35 -1 0
162 16 -1 0
153 327 -1 0
284 173 -1 0
131 211 -1 0
380 217 -1 0
349 328 -1 0
143 101 -1 0
42 343 -1 0
242 24 -1 0
183 55 -1 0
379 9 -1 0
176 63 -1 0
91 129 -1 0
356 328 -1 0
17 300 -1 0
365 262 -1 0
270 127 -1 0
62 13 -1 0
129 37 -1 0
234 310 -1 0
129 339 -1 0
310 165 -1 0
315 32 -1 0
78 0 -1 0
245 85 -1 0
377 19 -1 0
83 198 -1 0
199 25 -1 0
385 105 -1 0
34 209 -1 0
109 116 -1 0
393 57 -1 0
33 123 -1 0
117 36 -1 0
364 363 -1 0
26 350 -1 0
306 225 -1 0
141 54 -1 0
0 101 -1 0
139 355 -1 0
333 83 -1 0
337 189 -1 0
89 63 -1 0
297 320 -1 0
362 287 -1 0
356 300 -1 0
339 88 -1 0
181 121 -1 0
30 149 -1 0
253 157 -1 0
314 371 -1 0
101 328 -1 0
125 360 -1 0
148 332 -1 0
118 275 -1 0
202 315 -1 0
117 122 -1 0
188 133 -1 0
122 306 -1 0
261 271 -1 0
116 139 -1 0
169 19 -1 0
128 79 -1 0
382 160 -1 0
71 67 -1 0
244 176 -1 0
75 112 -1 0
101 120 -1 0
24 121 -1 0
3 387 -1 0
266 44 -1 0
5 293 -1 0
81 276 -1 0
385 35 -1 0
13 40 -1 0
82 201 -1 0
1 12 -1 0
250 395 -1 0
391 8 -1 0
337 392 -1 0
188 0 -1 0
73 263 -1 0
385 318 -1 0
115 277 -1 0
193 111 -1 0
51 194 -1 0
22 92 -1 0
279 217 -1 0
303 196 -1 0
163 160 -1 0
334 58 -1 0
253 66 -1 0
302 396 -1 0
243 332 -1 0
258 286 -1 0
103 42 -1 0
342 172 -1 0
368 267 -1 0
195 84 -1 0
156 352 -1 0
62 183 -1 0
103 102 -1 0
100 94 -1 0
335 316 -1 0
152 234 -1 0
57 52 -1 0
263 372 -1 0
126 26 -1 0
154 254 -1 0
271 388 -1 0
179 109 -1 0
229 370 -1 0
292 349 -1 0
280 248 -1 0
225 151 -1 0
69 160 -1 0
390 9 -1 0
72 58 -1 0
201 375 -1 0
312 72 -1 0
103 108 -1 0
171 395 -1 0
1 172 -1 0
163 147 -1 0
236 43 -1 0
290 43 -1 0
394 241 -1 0
274 310 -1 0
222 282 -1 0
111 52 -1 0
253 88 -1 0
79 335 -1 0
302 50 -1 0
182 319 -1 0
294 173 -1 0
14 127 -1 0
321 14 -1 0
334 2 -1 0
131 138 -1 0
152 63 -1 0
134 226 -1 0
122 343 -1 0
349 109 -1 0
194 326 -1 0
138 265 -1 0
288 82 -1 0
101 108 -1 0
14 155 -1 0
11 137 -1 0
109 233 -1 0
369 176 -1 0
178 97 -1 0
171 115 -1 0
143 109 -1 0
14 255 -1 0
370 259 -1 0
274 397 -1 0
321 90 -1 0
234 282 -1 0
259 174 -1 0
291 251 -1 0
79 185 -1 0
313 39 -1 0
126 306 -1 0
57 88 -1 0
42 307 -1 0
334 394 -1 0
268 299 -1 0
360 7 -1 0
334 387 -1 0
366 371 -1 0
340 336 -1 0
189 119 -1 0
122 367 -1 0
347 378 -1 0
30 363 -1 0
114 152 -1 0
128 92 -1 0
378 323 -1 0
124 126 -1 0
159 325 -1 0
130 254 -1 0
295 168 -1 0
127 189 -1 0
181 284 -1 0
89 214 -1 0
363 341 -1 0
328 121 -1 0
21 124 -1 0
368 340 -1 0
159 338 -1 0
363 371 -1 0
286 66 -1 0
77 169 -1 0
32 137 -1 0
175 244 -1 0
377 381 -1 0
369 348 -1 0
8 283 -1 0
105 151 -1 0
353 211 -1 0
312 8 -1 0
88 214 -1 0
86 277 -1 0
295 167 -1 0
49 151 -1 0
345 202 -1 0
57 387 -1 0
216 289 -1 0
74 121 -1 0
99 24 -1 0
146 251 -1 0
142 116 -1 0
185 96 -1 0
384 299 -1 0
162 244 -1 0
334 231 -1 0
157 378 -1 0
352 308 -1 0
112 283 -1 0
395 214 -1 0
64 213 -1 0
120 381 -1 0
234 76 -1 0
190 298 -1 0
121 362 -1 0
336 363 -1 0
390 272 -1 0
199 396 -1 0
88 107 -1 0
37 106 -1 0
174 52 -1 0
278 307 -1 0
23 104 -1 0
204 347 -1 0
369 48 -1 0
44 65 -1 0
22 270 -1 0
169 363 -1 0
117 93 -1 0
69 302 -1 0
217 343 -1 0
185 373 -1 0
141 312 -1 0
170 61 -1 0
325 74 -1 0
206 322 -1 0
202 123 -1 0
266 353 -1 0
190 7 -1 0
148 115 -1 0
388 267 -1 0
127 295 -1 0
319 264 -1 0
264 49 -1 0
380 269 -1 0
353 122 -1 0
277 34 -1 0
379 330 -1 0
234 47 -1 0
317 97 -1 0
271 167 -1 0
68 178 -1 0
169 154 -1 0
207 281 -1 0
201 129 -1 0
133 152 -1 0
38 261 -1 0
272 71 -1 0
372 158 -1 0
398 124 -1 0
73 361 -1 0
137 292 -1 0
43 198 -1 0
71 235 -1 0
180 396 -1 0
224 56 -1 0
134 222 -1 0
143 356 -1 0
206 152 -1 0
54 149 -1 0
172 297 -1 0
0 296 -1 0
235 138 -1 0
142 288 -1 0
206 376 -1 0
257 136 -1 0
173 114 -1 0
72 65 -1 0
323 266 -1 0
63 302 -1 0
136 208 -1 0
72 173 -1 0
114 393 -1 0
33 105 -1 0
264 301 -1 0
178 300 -1 0
287 355 -1 0
237 109 -1 0
334 171 -1 0
340 391 -1 0
92 15 -1 0
251 232 -1 0
58 338 -1 0
73 391 -1 0
189 274 -1 0
126 34 -1 0
24 67 -1 0
293 219 -1 0
269 129 -1 0
323 205 -1 0
213 377 -1 0
138 246 -1 0
392 181 -1 0
226 27 -1 0
381 239 -1 0
23 266 -1 0
334 266 -1 0
246 114 -1 0
345 176 -1 0
134 290 -1 0
336 292 -1 0
327 156 -1 0
308 120 -1 0
164 261 -1 0
357 366 -1 0
385 57 -1 0
276 148 -1 0
298 192 -1 0
296 254 -1 0
45 316 -1 0
257 57 -1 0
61 165 -1 0
331 48 -1 0
398 319 -1 0
267 175 -1 0
175 150 -1 0
194 23 -1 0
150 350 -1 0
122 106 -1 0
83 106 -1 0
398 393 -1 0
89 218 -1 0
349 0 -1 0
158 303 -1 0
300 257 -1 0
278 108 -1 0
351 166 -1 0
108 208 -1 0
271 367 -1 0
288 79 -1 0
88 80 -1 0
71 331 -1 0
171 318 -1 0
391 256 -1 0
93 302 -1 0
190 20 -1 0
155 250 -1 0
348 265 -1 0
300 318 -1 0
244 21 -1 0
240 129 -1 0
297 370 -1 0
386 18 -1 0
106 221 -1 0
88 129 -1 0
51 276 -1 0
216 366 -1 0
299 331 -1 0
347 57 -1 0
285 335 -1 0
95 180 -1 0
155 140 -1 0
310 298 -1 0
112 327 -1 0
324 327 -1 0
385 53 -1 0
112 392 -1 0
364 335 -1 0
351 70 -1 0
51 267 -1 0
326 208 -1 0
94 207 -1 0
237 151 -1 0
245 385 -1 0
279 178 -1 0
65 27 -1 0
374 243 -1 0
241 364 -1 0
289 121 -1 0
251 0 -1 0
60 365 -1 0
186 59 -1 0
13 45 -1 0
365 143 -1 0
151 11 -1 0
24 349 -1 0
341 95 -1 0
95 62 -1 0
256 78 -1 0
174 381 -1 0
63 219 -1 0
27 141 -1 0
372 61 -1 0
219 55 -1 0
379 378 -1 0
372 333 -1 0
73 186 -1 0
341 33 -1 0
238 378 -1 0
40 69 -1 0
232 47 -1 0
80 136 -1 0
354 49 -1 0
332 136 -1 0
217 165 -1 0
241 330 -1 0
395 210 -1 0
366 148 -1 0
352 207 -1 0
333 172 -1 0
25 190 -1 0
346 106 -1 0
112 202 -1 0
141 124 -1 0
163 312 -1 0
66 1 -1 0
121 354 -1 0
56 28 -1 0
4 374 -1 0
335 13 -1 0
25 61 -1 0
57 112 -1 0
280 92 -1 0
54 126 -1 0
27 94 -1 0
274 290 -1 0
129 208 -1 0
78 210 -1 0
200 128 -1 0
387 300 -1 0
102 349 -1 0
155 228 -1 0
183 340 -1 0
312 50 -1 0
12 287 -1 0
376 350 -1 0
353 92 -1 0
60 70 -1 0
36 172 -1 0
113 23 -1 0
325 156 -1 0
13 263 -1 0
391 67 -1 0
131 248 -1 0
258 338 -1 0
141 67 -1 0
77 100 -1 0
311 145 -1 0
9 38 -1 0
121 293 -1 0
184 357 -1 0
86 88 -1 0
279 45 -1 0
316 154 -1 0
268 374 -1 0
365 241 -1 0
133 78 -1 0
139 16 -1 0
239 310 -1 0
169 11 -1 0
371 305 -1 0
17 42 -1 0
144 153 -1 0
166 334 -1 0
250 140 -1 0
92 339 -1 0
54 112 -1 0
115 298 -1 0
206 296 -1 0
111 205 -1 0
41 233 -1 0
20 142 -1 0
308 340 -1 0
162 40 -1 0
291 60 -1 0
34 174 -1 0
375 95 -1 0
397 30 -1 0
249 62 -1 0
388 203 -1 0
325 213 -1 0
203 152 -1 0
10 248 -1 0
204 299 -1 0
188 338 -1 0
149 327 -1 0
295 36 -1 0
262 161 -1 0
288 218 -1 0
96 84 -1 0
139 115 -1 0
264 374 -1 0
81 52 -1 0
202 155 -1 0
84 27 -1 0
62 235 -1 0
45 379 -1 0
175 134 -1 0
97 390 -1 0
332 246 -1 0
33 391 -1 0
347 39 -1 0
267 359 -1 0
322 310 -1 0
90 350 -1 0
113 114 -1 0
332 307 -1 0
190 118 -1 0
275 111 -1 0
123 51 -1 0
259 95 -1 0
270 88 -1 0
376 41 -1 0
344 352 -1 0
145 192 -1 0
2 273 -1 0
392 263 -1 0
296 92 -1 0
226 381 -1 0
17 34 -1 0
51 186 -1 0
224 398 -1 0
47 17 -1 0
196 48 -1 0
124 98 -1 0
113 174 -1 0
121 180 -1 0
247 21 -1 0
167 204 -1 0
398 184 -1 0
158 70 -1 0
311 387 -1 0
233 76 -1 0
276 184 -1 0
158 105 -1 0
118 130 -1 0
374 351 -1 0
77 233 -1 0
243 303 -1 0
119 182 -1 0
196 37 -1 0
45 75 -1 0
127 92 -1 0
268 293 -1 0
378 379 -1 0
390 8 -1 0
264 128 -1 0
289 17 -1 0
199 277 -1 0
262 116 -1 0
291 61 -1 0
371 125 -1 0
276 49 -1 0
191 309 -1 0
148 149 -1 0
185 137 -1 0
51 397 -1 0
49 128 -1 0
228 74 -1 0
261 25 -1 0
19 180 -1 0
158 196 -1 0
236 372 -1 0
128 229 -1 0
334 399 -1 0
345 3 -1 0
62 155 -1 0
324 145 -1 0
335 231 -1 0
121 227 -1 0
185 244 -1 0
378 131 -1 0
388 120 -1 0
284 252 -1 0
236 149 -1 0
262 253 -1 0
200 354 -1 0
27 371 -1 0
289 290 -1 0
80 323 -1 0
387 142 -1 0
236 392 -1 0
103 389 -1 0
295 79 -1 0
308 8 -1 0
361 174 -1 0
378 299 -1 0
75 164 -1 0
194 77 -1 0
92 1 -1 0
343 37 -1 0
361 195 -1 0
246 320 -1 0
216 344 -1 0
80 346 -1 0
95 283 -1 0
305 360 -1 0
105 313 -1 0
264 39 -1 0
377 169 -1 0
316 226 -1 0
52 378 -1 0
359 314 -1 0
32 210 -1 0
101 295 -1 0
89 264 -1 0
107 299 -1 0
263 33 -1 0
116 202 -1 0
309 156 -1 0
287 143 -1 0
88 261 -1 0
36 351 -1 0
269 260 -1 0
66 296 -1 0
286 351 -1 0
30 181 -1 0
367 129 -1 0
176 80 -1 0
171 92 -1 0
33 364 -1 0
394 390 -1 0
305 343 -1 0
347 366 -1 0
265 75 -1 0
259 276 -1 0
265 67 -1 0
253 100 -1 0
267 382 -1 0
152 136 -1 0
257 56 -1 0
285 180 -1 0
356 276 -1 0
271 60 -1 0
317 149 -1 0
115 266 -1 0
170 355 -1 0
356 310 -1 0
269 35 -1 0
129 374 -1 0
314 154 -1 0
0 163 -1 0
356 203 -1 0
372 135 -1 0
374 319 -1 0
135 13 -1 0
291 4 -1 0
214 375 -1 0
99 201 -1 0
226 368 -1 0
132 159 -1 0
322 56 -1 0
8 391 -1 0
85 290 -1 0
277 305 -1 0
208 101 -1 0
148 225 -1 0
190 307 -1 0
126 293 -1 0
266 209 -1 0
397 274 -1 0
57 303 -1 0
104 150 -1 0
68 206 -1 0
83 219 -1 0
105 70 -1 0
284 245 -1 0
296 249 -1 0
85 96 -1 0
118 336 -1 0
208 349 -1 0
188 339 -1 0
290 87 -1 0
108 59 -1 0
329 238 -1 0
276 19 -1 0
355 6 -1 0
392 71 -1 0
103 335 -1 0
217 388 -1 0
36 269 -1 0
120 130 -1 0
324 111 -1 0
33 50 -1 0
90 238 -1 0
89 171 -1 0
65 19 -1 0
316 291 -1 0
253 103 -1 0
70 69 -1 0
293 250 -1 0
299 62 -1 0
93 211 -1 0
280 157 -1 0
14 352 -1 0
224 34 -1 0
183 358 -1 0
63 228 -1 0
58 48 -1 0
105 147 -1 0
309 233 -1 0
259 230 -1 0
324 394 -1 0
76 219 -1 0
116 6 -1 0
268 368 -1 0
208 1 -1 0
214 100 -1 0
131 394 -1 0
16 46 -1 0
22 198 -1 0
174 319 -1 0
246 65 -1 0
340 22 -1 0
8 281 -1 0
0 272 -1 0
211 54 -1 0
255 312 -1 0
327 47 -1 0
260 89 -1 0
399 237 -1 0
53 56 -1 0
301 355 -1 0
46 47 -1 0
136 120 -1 0
180 331 -1 0
120 298 -1 0
161 114 -1 0
294 286 -1 0
311 338 -1 0
89 293 -1 0
94 267 -1 0
318 62 -1 0
188 284 -1 0
89 7 -1 0
185 145 -1 0
191 131 -1 0
120 297 -1 0
128 11 -1 0
45 345 -1 0
256 29 -1 0
187 330 -1 0
215 120 -1 0
2 257 -1 0
120 157 -1 0
341 201 -1 0
42 82 -1 0
199 112 -1 0
74 241 -1 0
348 42 -1 0
142 321 -1 0
370 216 -1 0
334 120 -1 0
140 56 -1 0
262 326 -1 0
267 296 -1 0
84 137 -1 0
60 30 -1 0
299 391 -1 0
81 363 -1 0
159 242 -1 0
214 385 -1 0
237 174 -1 0
399 220 -1 0
307 366 -1 0
122 94 -1 0
201 96 -1 0
199 110 -1 0
300 342 -1 0
309 395 -1 0
168 311 -1 0
160 358 -1 0
308 61 -1 0
7 176 -1 0
277 249 -1 0
18 210 -1 0
385 341 -1 0
213 106 -1 0
319 1 -1 0
46 192 -1 0
191 340 -1 0
0 279 -1 0
143 236 -1 0
230 87 -1 0
311 226 -1 0
292 33 -1 0
289 91 -1 0
351 183 -1 0
42 250 -1 0
59 286 -1 0
398 41 -1 0
116 58 -1 0
350 11 -1 0
10 328 -1 0
195 71 -1 0
76 372 -1 0
206 3 -1 0
39 34 -1 0
343 366 -1 0
322 7 -1 0
186 52 -1 0
43 121 -1 0
393 17 -1 0
278 242 -1 0
47 57 -1 0
258 72 -1 0
75 288 -1 0
21 346 -1 0
125 177 -1 0
243 192 -1 0
175 18 -1 0
24 187 -1 0
111 371 -1 0
290 93 -1 0
227 125 -1 0
200 300 -1 0
264 86 -1 0
225 126 -1 0
186 277 -1 0
326 345 -1 0
348 185 -1 0
58 365 -1 0
26 92 -1 0
353 239 -1 0
178 122 -1 0
382 86 -1 0
341 98 -1 0
172 208 -1 0
182 337 -1 0
83 180 -1 0
176 314 -1 0
140 218 -1 0
268 164 -1 0
343 155 -1 0
192 126 -1 0
42 11 -1 0
66 190 -1 0
144 104 -1 0
287 198 -1 0
74 42 -1 0
187 0 -1 0
293 61 -1 0
268 345 -1 0
301 157 -1 0
223 42 -1 0
49 110 -1 0
252 0 -1 0
210 57 -1 0
211 158 -1 0
220 87 -1 0
268 149 -1 0
290 190 -1 0
285 114 -1 0
52 389 -1 0
247 78 -1 0
135 172 -1 0
80 283 -1 0
2 359 -1 0
394 22 -1 0
133 313 -1 0
10 146 -1 0
55 257 -1 0
153 42 -1 0
249 341 -1 0
141 19 -1 0
18 18 -1 0
285 118 -1 0
59 318 -1 0
109 202 -1 0
83 100 -1 0
386 174 -1 0
3 392 -1 0
355 24 -1 0
80 228 -1 0
183 93 -1 0
186 19 -1 0
241 15 -1 0
214 111 -1 0
49 39 -1 0
335 298 -1 0
240 382 -1 0
136 374 -1 0
245 13 -1 0
20 53 -1 0
141 165 -1 0
28 373 -1 0
340 200 -1 0
63 314 -1 0
375 380 -1 0
61 121 -1 0
350 264 -1 0
375 162 -1 0
282 38 -1 0
138 121 -1 0
286 223 -1 0
12 65 -1 0
137 70 -1 0
292 181 -1 0
94 317 -1 0
172 101 -1 0
364 360 -1 0
374 272 -1 0
207 327 -1 0
49 97 -1 0
72 274 -1 0
37 236 -1 0
372 395 -1 0
371 378 -1 0
124 184 -1 0
53 345 -1 0
309 167 -1 0
387 256 -1 0
333 315 -1 0
91 234 -1 0
373 318 -1 0
83 95 -1 0
122 223 -1 0
13 23 -1 0
245 107 -1 0
233 0 -1 0
91 350 -1 0
336 131 -1 0
23 59 -1 0
158 67 -1 0
211 122 -1 0
346 113 -1 0
283 91 -1 0
303 342 -1 0
300 113 -1 0
201 9 -1 0
54 265 -1 0
91 250 -1 0
386 236 -1 0
372 81 -1 0
41 300 -1 0
374 391 -1 0
271 208 -1 0
110 116 -1 0
188 363 -1 0
224 356 -1 0
249 123 -1 0
381 222 -1 0
133 89 -1 0
319 146 -1 0
359 358 -1 0
298 131 -1 0
49 108 -1 0
256 390 -1 0
350 213 -1 0
242 196 -1 0
319 303 -1 0
297 383 -1 0
223 382 -1 0
108 355 -1 0
61 160 -1 0
298 172 -1 0
183 130 -1 0
297 352 -1 0
361 256 -1 0
28 384 -1 0
94 174 -1 0
279 114 -1 0
285 6 -1 0
114 220 -1 0
304 76 -1 0
137 133 -1 0
210 25 -1 0
129 31 -1 0
344 138 -1 0
60 39 -1 0
26 51 -1 0
306 130 -1 0
316 193 -1 0
168 83 -1 0
369 365 -1 0
83 193 -1 0
51 149 -1 0
365 22 -1 0
34 239 -1 0
117 297 -1 0
176 284 -1 0
110 343 -1 0
86 397 -1 0
383 70 -1 0
304 229 -1 0
144 45 -1 0
2 52 -1 0
342 210 -1 0
53 155 -1 0
295 312 -1 0
259 112 -1 0
260 258 -1 0
272 397 -1 0
256 210 -1 0
386 324 -1 0
37 162 -1 0
335 290 -1 0
337 172 -1 0
389 129 -1 0
199 274 -1 0
95 32 -1 0
105 276 -1 0
124 71 -1 0
151 347 -1 0
26 355 -1 0
9 218 -1 0
189 104 -1 0
218 43 -1 0
358 150 -1 0
158 172 -1 0
368 236 -1 0
330 287 -1 0
258 113 -1 0
63 361 -1 0
184 342 -1 0
173 314 -1 0
124 132 -1 0
92 206 -1 0
102 342 -1 0
8 158 -1 0
141 90 -1 0
325 96 -1 0
58 273 -1 0
78 246 -1 0
224 358 -1 0
46 284 -1 0
240 152 -1 0
346 306 -1 0
102 11 -1 0
82 209 -1 0
197 275 -1 0
394 99 -1 0
371 201 -1 0
362 379 -1 0
284 1 -1 0
199 399 -1 0
130 344 -1 0
336 88 -1 0
126 251 -1 0
298 38 -1 0
70 89 -1 0
92 363 -1 0
247 18 -1 0
72 145 -1 0
229 322 -1 0
240 149 -1 0
86 299 -1 0
152 299 -1 0
55 347 -1 0
35 3 -1 0
104 312 -1 0
381 266 -1 0
109 289 -1 0
29 308 -1 0
312 274 -1 0
117 372 -1 0
222 41 -1 0
124 140 -1 0
207 18 -1 0
205 380 -1 0
292 141 -1 0
374 20 -1 0
23 14 -1 0
261 90 -1 0
348 330 -1 0
247 170 -1 0
283 369 -1 0
78 101 -1 0
29 323 -1 0
348 213 -1 0
345 220 -1 0
160 84 -1 0
103 32 -1 0
347 263 -1 0
359 319 -1 0
62 28 -1 0
285 156 -1 0
1 92 -1 0
390 389 -1 0
282 123 -1 0
257 179 -1 0
28 345 -1 0
354 392 -1 0
338 350 -1 0
280 190 -1 0
166 384 -1 0
283 313 -1 0
15 199 -1 0
229 15 -1 0
104 113 -1 0
45 47 -1 0
316 1 -1 0
316 131 -1 0
80 258 -1 0
126 303 -1 0
56 387 -1 0
59 297 -1 0
205 330 -1 0
253 109 -1 0
233 58 -1 0
225 392 -1 0
318 40 -1 0
381 386 -1 0
352 158 -1 0
320 265 -1 0
322 383 -1 0
334 219 -1 0
344 263 -1 0
301 168 -1 0
351 325 -1 0
265 296 -1 0
266 198 -1 0
162 43 -1 0
87 28 -1 0
317 347 -1 0
317 177 -1 0
216 315 -1 0
62 252 -1 0
191 384 -1 0
127 108 -1 0
89 292 -1 0
86 202 -1 0
283 361 -1 0
139 264 -1 0
291 307 -1 0
278 392 -1 0
76 185 -1 0
188 352 -1 0
348 250 -1 0
185 323 -1 0
233 391 -1 0
199 289 -1 0
354 256 -1 0
70 207 -1 0
211 285 -1 0
314 64 -1 0
311 105 -1 0
136 158 -1 0
313 2 -1 0
32 226 -1 0
366 240 -1 0
73 54 -1 0
4 117 -1 0
123 160 -1 0
102 172 -1 0
357 280 -1 0
377 370 -1 0
84 245 -1 0
178 9 -1 0
245 98 -1 0
362 72 -1 0
167 120 -1 0
375 128 -1 0
100 3 -1 0
217 67 -1 0
389 148 -1 0
264 255 -1 0
324 254 -1 0
47 367 -1 0
357 397 -1 0
264 151 -1 0
139 8 -1 0
379 39 -1 0
67 203 -1 0
346 209 -1 0
296 340 -1 0
366 194 -1 0
320 233 -1 0
244 129 -1 0
86 146 -1 0
250 341 -1 0
292 45 -1 0
306 235 -1 0
25 116 -1 0
77 364 -1 0
346 164 -1 0
278 197 -1 0
304 140 -1 0
122 342 -1 0
131 280 -1 0
229 310 -1 0
345 209 -1 0
255 187 -1 0
6 126 -1 0
180 339 -1 0
212 372 -1 0
325 128 -1 0
170 353 -1 0
277 213 -1 0
36 301 -1 0
213 139 -1 0
388 293 -1 0
46 22 -1 0
3 248 -1 0
168 308 -1 0
171 320 -1 0
361 272 -1 0
365 154 -1 0
323 263 -1 0
125 221 -1 0
294 258 -1 0
62 343 -1 0
59 339 -1 0
2 338 -1 0
299 92 -1 0
137 102 -1 0
7 32 -1 0
117 5 -1 0
152 192 -1 0
141 293 -1 0
154 235 -1 0
14 397 -1 0
19 191 -1 0
398 73 -1 0
70 111 -1 0
120 73 -1 0
255 88 -1 0
94 256 -1 0
398 16 -1 0
64 376 -1 0
146 363 -1 0
367 92 -1 0
350 68 -1 0
248 116 -1 0
143 57 -1 0
352 367 -1 0
303 181 -1 0
121 186 -1 0
55 166 -1 0
278 15 -1 0
243 305 -1 0
45 336 -1 0
190 30 -1 0
39 125 -1 0
183 149 -1 0
389 338 -1 0
149 172 -1 0
355 196 -1 0
363 53 -1 0
277 264 -1 0
38 395 -1 0
102 323 -1 0
205 337 -1 0
132 76 -1 0
119 221 -1 0
322 382 -1 0
262 394 -1 0
190 368 -1 0
189 336 -1 0
152 159 -1 0
67 63 -1 0
384 288 -1 0
139 62 -1 0
261 180 -1 0
22 207 -1 0
44 306 -1 0
241 79 -1 0
396 274 -1 0
33 4 -1 0
15 127 -1 0
91 260 -1 0
208 370 -1 0
273 147 -1 0
324 304 -1 0
264 286 -1 0
342 54 -1 0
363 399 -1 0
196 311 -1 0
165 118 -1 0
89 162 -1 0
28 312 -1 0
20 173 -1 0
53 397 -1 0
69 29 -1 0
13 383 -1 0
132 196 -1 0
387 138 -1 0
132 199 -1 0
229 45 -1 0
108 272 -1 0
79 242 -1 0
71 91 -1 0
200 58 -1 0
52 288 -1 0
308 141 -1 0
150 158 -1 0
104 344 -1 0
396 286 -1 0
31 333 -1 0
168 167 -1 0
236 5 -1 0
353 361 -1 0
364 300 -1 0
137 25 -1 0
220 119 -1 0
151 296 -1 0
355 65 -1 0
396 189 -1 0
104 127 -1 0
336 225 -1 0
351 106 -1 0
229 29 -1 0
65 21 -1 0
38 331 -1 0
302 338 -1 0
345 348 -1 0
178 27 -1 0
124 21 -1 0
51 44 -1 0
348 15 -1 0
396 192 -1 0
96 146 -1 0
6 337 -1 0
162 204 -1 0
311 119 -1 0
270 93 -1 0
294 322 -1 0
151 102 -1 0
384 204 -1 0
167 297 -1 0
108 197 -1 0
371 341 -1 0
365 368 -1 0
344 48 -1 0
286 355 -1 0
268 222 -1 0
277 298 -1 0
388 325 -1 0
168 201 -1 0
175 384 -1 0
157 137 -1 0
327 207 -1 0
322 253 -1 0
99 209 -1 0
99 165 -1 0
16 75 -1 0
112 218 -1 0
224 130 -1 0
16 318 -1 0
331 93 -1 0
188 120 -1 0
187 249 -1 0
170 265 -1 0
10 236 -1 0
182 263 -1 0
122 217 -1 0
203 285 -1 0
74 237 -1 0
36 226 -1 0
272 133 -1 0
74 229 -1 0
115 36 -1 0
381 85 -1 0
144 56 -1 0
12 184 -1 0
151 185 -1 0
328 159 -1 0
320 113 -1 0
295 13 -1 0
307 368 -1 0
320 120 -1 0
307 242 -1 0
269 236 -1 0
283 379 -1 0
370 82 -1 0
67 338 -1 0
355 155 -1 0
187 58 -1 0
41 157 -1 0
91 388 -1 0
294 257 -1 0
291 152 -1 0
15 247 -1 0
162 317 -1 0
338 163 -1 0
311 248 -1 0
45 116 -1 0
238 35 -1 0
387 105 -1 0
101 379 -1 0
40 51 -1 0
399 388 -1 0
172 45 -1 0
115 49 -1 0
32 184 -1 0
104 366 -1 0
4 154 -1 0
136 281 -1 0
263 199 -1 0
239 178 -1 0
228 56 -1 0
74 60 -1 0
207 376 -1 0
69 170 -1 0
63 264 -1 0
53 98 -1 0
299 284 -1 0
17 213 -1 0
364 231 -1 0
341 159 -1 0
340 114 -1 0
328 214 -1 0
245 378 -1 0
252 94 -1 0
125 55 -1 0
365 171 -1 0
99 229 -1 0
269 350 -1 0
189 258 -1 0
398 96 -1 0
362 316 -1 0
273 215 -1 0
66 177 -1 0
126 238 -1 0
240 391 -1 0
185 143 -1 0
382 69 -1 0
259 311 -1 0
384 34 -1 0
190 141 -1 0
397 65 -1 0
25 157 -1 0
212 288 -1 0
128 177 -1 0
31 355 -1 0
213 83 -1 0
57 16 -1 0
267 1 -1 0
253 249 -1 0
304 26 -1 0
310 20 -1 0
31 200 -1 0
136 247 -1 0
295 303 -1 0
287 391 -1 0
61 206 -1 0
271 288 -1 0
45 38 -1 0
88 103 -1 0
1 6 -1 0
237 73 -1 0
86 20 -1 0
45 298 -1 0
48 328 -1 0
69 59 -1 0
376 172 -1 0
215 342 -1 0
318 32 -1 0
323 255 -1 0
40 218 -1 0
62 302 -1 0
67 214 -1 0
377 197 -1 0
373 283 -1 0
251 47 -1 0
144 43 -1 0
373 76 -1 0
71 176 -1 0
123 15 -1 0
390 171 -1 0
222 337 -1 0
250 330 -1 0
93 284 -1 0
267 340 -1 0
178 312 -1 0
337 45 -1 0
325 371 -1 0
88 387 -1 0
183 323 -1 0
380 272 -1 0
329 21 -1 0
150 93 -1 0
375 341 -1 0
296 109 -1 0
385 90 -1 0
132 385 -1 0
268 323 -1 0
305 391 -1 0
375 244 -1 0
292 330 -1 0
279 19 -1 0
244 59 -1 0
28 2 -1 0
34 2 -1 0
316 13 -1 0
342 364 -1 0
151 267 -1 0
69 110 -1 0
128 365 -1 0
222 5 -1 0
234 75 -1 0
128 326 -1 0
111 314 -1 0
346 343 -1 0
217 54 -1 0
392 174 -1 0
337 91 -1 0
314 93 -1 0
23 11 -1 0
139 347 -1 0
64 360 -1 0
267 277 -1 0
197 34 -1 0
356 252 -1 0
324 264 -1 0
27 52 -1 0
193 271 -1 0
56 9 -1 0
43 399 -1 0
249 271 -1 0
235 40 -1 0
193 16 -1 0
100 337 -1 0
313 314 -1 0
114 108 -1 0
51 279 -1 0
157 353 -1 0
339 16 -1 0
137 398 -1 0
44 149 -1 0
72 42 -1 0
293 216 -1 0
25 316 -1 0
254 299 -1 0
152 368 -1 0
34 203 -1 0
67 115 -1 0
244 4 -1 0
74 170 -1 0
122 120 -1 0
119 177 -1 0
167 387 -1 0
267 112 -1 0
167 165 -1 0
364 332 -1 0
277 293 -1 0
167 175 -1 0
199 36 -1 0
277 4 -1 0
171 216 -1 0
312 279 -1 0
140 12 -1 0
367 236 -1 0
37 186 -1 0
204 46 -1 0
329 46 -1 0
36 259 -1 0
391 352 -1 0
211 342 -1 0
149 103 -1 0
80 45 -1 0
107 162 -1 0
376 380 -1 0
375 340 -1 0
354 291 -1 0
346 1 -1 0
187 394 -1 0
283 265 -1 0
236 143 -1 0
154 53 -1 0
288 186 -1 0
53 248 -1 0
304 315 -1 0
260 137 -1 0
89 375 -1 0
63 380 -1 0
171 220 -1 0
60 67 -1 0
184 296 -1 0
323 48 -1 0
103 146 -1 0
178 299 -1 0
125 168 -1 0
156 221 -1 0
97 375 -1 0
365 32 -1 0
155 56 -1 0
341 384 -1 0
56 60 -1 0
176 119 -1 0
393 119 -1 0
358 210 -1 0
388 138 -1 0
198 321 -1 0
93 103 -1 0
10 258 -1 0
11 309 -1 0
343 329 -1 0
346 360 -1 0
304 299 -1 0
127 127 -1 0
330 296 -1 0
22 274 -1 0
190 79 -1 0
217 313 -1 0
303 369 -1 0
60 160 -1 0
72 296 -1 0
118 268 -1 0
303 190 -1 0
188 33 -1 0
117 293 -1 0
276 44 -1 0
0 318 -1 0
278 45 -1 0
221 340 -1 0
180 373 -1 0
40 53 -1 0
85 242 -1 0
383 89 -1 0
241 192 -1 0
75 204 -1 0
35 323 -1 0
89 369 -1 0
245 309 -1 0
323 295 -1 0
168 206 -1 0
124 277 -1 0
318 180 -1 0
71 185 -1 0
297 229 -1 0
399 2 -1 0
66 226 -1 0
147 49 -1 0
152 65 -1 0
6 64 -1 0
353 249 -1 0
255 205 -1 0
112 36 -1 0
56 19 -1 0
366 237 -1 0
235 293 -1 0
287 96 -1 0
157 34 -1 0
65 379 -1 0
228 373 -1 0
224 321 -1 0
198 398 -1 0
318 316 -1 0
262 171 -1 0
264 239 -1 0
132 155 -1 0
310 323 -1 0
265 64 -1 0
37 384 -1 0
199 384 -1 0
181 52 -1 0
84 294 -1 0
138 375 -1 0
345 206 -1 0
102 32 -1 0
277 233 -1 0
39 295 -1 0
167 252 -1 0
121 36 -1 0
375 258 -1 0
35 249 -1 0
277 381 -1 0
173 50 -1 0
352 368 -1 0
262 346 -1 0
296 197 -1 0
125 283 -1 0
121 241 -1 0
110 77 -1 0
167 13 -1 0
251 298 -1 0
188 67 -1 0
7 110 -1 0
267 27 -1 0
165 257 -1 0
249 310 -1 0
87 211 -1 0
310 220 -1 0
71 325 -1 0
105 77 -1 0
63 266 -1 0
103 191 -1 0
20 342 -1 0
317 384 -1 0
247 212 -1 0
141 178 -1 0
151 125 -1 0
70 312 -1 0
244 187 -1 0
86 344 -1 0
381 367 -1 0
26 274 -1 0
148 380 -1 0
305 320 -1 0
145 113 -1 0
362 89 -1 0
363 279 -1 0
339 69 -1 0
361 144 -1 0
321 166 -1 0
24 125 -1 0
187 299 -1 0
366 139 -1 0
249 198 -1 0
138 140 -1 0
66 129 -1 0
325 88 -1 0
178 244 -1 0
243 159 -1 0
23 63 -1 0
70 186 -1 0
284 166 -1 0
151 53 -1 0
138 23 -1 0
305 101 -1 0
159 95 -1 0
178 260 -1 0
42 280 -1 0
28 147 -1 0
210 317 -1 0
164 179 -1 0
183 336 -1 0
231 345 -1 0
147 387 -1 0
331 202 -1 0
158 123 -1 0
366 212 -1 0
220 333 -1 0
156 51 -1 0
128 300 -1 0
233 315 -1 0
34 250 -1 0
343 261 -1 0
195 215 -1 1
204 234 -1 1
204 186 -1 1
202 213 -1 1
198 182 -1 1
219 223 -1 1
196 219 -1 1
192 220 -1 1
189 182 -1 1
188 179 -1 1
211 233 -1 1
193 199 -1 1
213 213 -1 1
236 257 -1 1
203 211 -1 1
229 225 -1 1
215 223 -1 1
205 216 -1 1
220 232 -1 1
215 191 -1 1
213 214 -1 1
208 216 -1 1
200 236 -1 1
200 179 -1 1
207 246 -1 1
206 201 -1 1
213 234 -1 1
215 251 -1 1
216 220 -1 1
191 216 -1 1
207 185 -1 1
225 219 -1 1
202 175 -1 1
204 202 -1 1
189 196 -1 1
213 220 -1 1
203 200 -1 1
213 236 -1 1
217 243 -1 1
201 199 -1 1
217 231 -1 1
223 230 -1 1
217 198 -1 1
211 198 -1 1
201 176 -1 1
194 215 -1 1
199 191 -1 1
222 225 -1 1
191 205 -1 1
196 189 -1 1
193 194 -1 1
215 224 -1 1
237 239 -1 1
198 202 -1 1
223 235 -1 1
216 249 -1 1
211 196 -1 1
210 240 -1 1
221 245 -1 1
213 227 -1 1
206 246 -1 1
205 192 -1 1
221 226 -1 1
196 187 -1 1
201 230 -1 1
224 257 -1 1
192 190 -1 1
208 193 -1 1
202 219 -1 1
210 191 -1 1
185 183 -1 1
227 258 -1 1
194 189 -1 1
201 180 -1 1
214 199 -1 1
186 188 -1 1
202 185 -1 1
233 250 -1 1
197 225 -1 1
206 217 -1 1
217 200 -1 1
198 235 -1 1
200 188 -1 1
198 201 -1 1
194 192 -1 1
190 189 -1 1
205 191 -1 1
197 216 -1 1
211 242 -1 1
187 182 -1 1
204 209 -1 1
193 190 -1 1
201 219 -1 1
226 232 -1 1
225 237 -1 1
224 215 -1 1
218 215 -1 1
226 234 -1 1
199 234 -1 1
207 238 -1 1
205 235 -1 1
207 213 -1 1
214 212 -1 1
203 229 -1 1
227 253 -1 1
207 179 -1 1
194 184 -1 1
217 210 -1 1
216 242 -1 1
217 204 -1 1
221 205 -1 1
201 228 -1 1
189 181 -1 1
200 173 -1 1
213 216 -1 1
212 188 -1 1
206 209 -1 1
211 210 -1 1
194 204 -1 1
212 229 -1 1
195 227 -1 1
202 178 -1 1
228 228 -1 1
216 234 -1 1
201 224 -1 1
214 229 -1 1
218 226 -1 1
198 176 -1 1
189 213 -1 1
220 199 -1 1
229 259 -1 1
229 242 -1 1
211 253 -1 1
195 216 -1 1
191 220 -1 1
206 181 -1 1
198 188 -1 1
191 170 -1 1
225 210 -1 1
209 192 -1 1
197 173 -1 1
210 184 -1 1
216 210 -1 1
190 205 -1 1
194 190 -1 1
214 201 -1 1
211 212 -1 1
212 213 -1 1
185 175 -1 1
235 251 -1 1
209 196 -1 1
212 235 -1 1
196 175 -1 1
197 226 -1 1
230 253 -1 1
196 226 -1 1
226 216 -1 1
200 210 -1 1
233 240 -1 1
225 226 -1 1
235 252 -1 1
231 230 -1 1
194 220 -1 1
202 222 -1 1
202 214 -1 1
206 212 -1 1
200 232 -1 1
220 204 -1 1
217 229 -1 1
194 213 -1 1
229 222 -1 1
212 209 -1 1
221 252 -1 1
220 201 -1 1
230 260 -1 1
189 173 -1 1
225 235 -1 1
215 222 -1 1
196 183 -1 1
227 230 -1 1
216 235 -1 1
194 212 -1 1
224 222 -1 1
201 214 -1 1
230 219 -1 1
188 210 -1 1
215 232 -1 1
193 183 -1 1
206 204 -1 1
191 218 -1 1
201 213 -1 1
234 254 -1 1
202 232 -1 1
221 243 -1 1
194 182 -1 1
202 227 -1 1
200 225 -1 1
208 211 -1 1
236 252 -1 1
231 250 -1 1
209 205 -1 1
224 217 -1 1
191 223 -1 1
195 182 -1 1
204 216 -1 1
234 237 -1 1
234 239 -1 1
188 203 -1 1
234 235 -1 1
192 186 -1 1
191 182 -1 1
215 201 -1 1
207 189 -1 1
197 228 -1 1
217 207 -1 1
198 181 -1 1
198 205 -1 1
231 234 -1 1
213 229 -1 1
216 231 -1 1
217 230 -1 1
224 238 -1 1
193 203 -1 1
203 223 -1 1
205 205 -1 1
221 206 -1 1
214 223 -1 1
203 207 -1 1
217 199 -1 1
213 194 -1 1
230 244 -1 1
214 237 -1 1
191 186 -1 1
234 261 -1 1
220 226 -1 1
213 235 -1 1
222 255 -1 1
187 191 -1 1
232 236 -1 1
198 216 -1 1
207 248 -1 1
209 190 -1 1
197 181 -1 1
203 238 -1 1
207 227 -1 1
216 202 -1 1
201 226 -1 1
197 227 -1 1
212 246 -1 1
218 219 -1 1
224 220 -1 1
232 246 -1 1
200 228 -1 1
220 216 -1 1
209 202 -1 1
220 242 -1 1
196 182 -1 1
230 261 -1 1
203 213 -1 1
227 237 -1 1
216 237 -1 1
208 212 -1 1
189 206 -1 1
205 228 -1 1
198 233 -1 1
223 225 -1 1
216 213 -1 1
211 237 -1 1
194 187 -1 1
186 196 -1 1
220 240 -1 1
208 198 -1 1
227 215 -1 1
217 208 -1 1
209 247 -1 1
218 223 -1 1
209 204 -1 1
192 184 -1 1
192 211 -1 1
229 250 -1 1
209 199 -1 1
229 256 -1 1
188 199 -1 1
231 251 -1 1
221 207 -1 1
223 212 -1 1
216 245 -1 1
207 240 -1 1
220 250 -1 1
206 206 -1 1
204 194 -1 1
206 238 -1 1
213 209 -1 1
228 232 -1 1
205 231 -1 1
232 252 -1 1
211 213 -1 1
228 223 -1 1
190 211 -1 1
231 228 -1 1
