4800 400 400
193 365 -1 0
229 119 -1 0
388 244 -1 0
274 64 -1 0
70 167 -1 0
206 377 -1 0
176 17 -1 0
153 140 -1 0
241 346 -1 0
11 208 -1 0
223 51 -1 0
182 93 -1 0
131 325 -1 0
34 127 -1 0
32 204 -1 0
4 164 -1 0
0 0 -1 0
368 197 -1 0
124 118 -1 0
53 199 -1 0
241 316 -1 0
255 4 -1 0
162 123 -1 0
59 141 -1 0
243 53 -1 0
22 307 -1 0
127 65 -1 0
313 233 -1 0
348 354 -1 0
58 373 -1 0
80 13 -1 0
66 6 -1 0
282 207 -1 0
14 273 -1 0
104 201 -1 0
340 253 -1 0
133 245 -1 0
288 246 -1 0
89 213 -1 0
357 250 -1 0
163 95 -1 0
362 324 -1 0
67 369 -1 0
149 352 -1 0
214 18 -1 0
189 356 -1 0
364 374 -1 0
199 56 -1 0
356 162 -1 0
161 394 -1 0
76 109 -1 0
397 248 -1 0
156 303 -1 0
295 137 -1 0
36 317 -1 0
354 224 -1 0
29 149 -1 0
28 61 -1 0
210 131 -1 0
201 80 -1 0
387 386 -1 0
77 218 -1 0
392 356 -1 0
333 84 -1 0
339 7 -1 0
229 54 -1 0
315 134 -1 0
314 327 -1 0
272 118 -1 0
38 87 -1 0
177 277 -1 0
83 36 -1 0
40 95 -1 0
281 44 -1 0
31 341 -1 0
38 157 -1 0
62 270 -1 0
329 175 -1 0
95 344 -1 0
33 255 -1 0
337 306 -1 0
259 210 -1 0
7 21 -1 0
161 365 -1 0
129 261 -1 0
256 366 -1 0
336 238 -1 0
383 19 -1 0
1 331 -1 0
283 390 -1 0
315 282 -1 0
13 325 -1 0
16 193 -1 0
182 370 -1 0
351 303 -1 0
137 270 -1 0
197 249 -1 0
272 12 -1 0
25 74 -1 0
309 193 -1 0
268 268 -1 0
169 321 -1 0
78 294 -1 0
103 79 -1 0
66 255 -1 0
0 220 -1 0
330 385 -1 0
260 205 -1 0
219 257 -1 0
191 345 -1 0
190 363 -1 0
127 360 -1 0
182 376 -1 0
28 19 -1 0
23 72 -1 0
215 150 -1 0
25 70 -1 0
293 373 -1 0
34 352 -1 0
219 242 -1 0
163 360 -1 0
194 41 -1 0
99 229 -1 0
79 315 -1 0
285 314 -1 0
358 303 -1 0
325 327 -1 0
205 143 -1 0
377 334 -1 0
35 320 -1 0
353 13 -1 0
262 126 -1 0
223 84 -1 0
236 39 -1 0
154 368 -1 0
369 87 -1 0
122 391 -1 0
21 197 -1 0
364 142 -1 0
74 368 -1 0
275 358 -1 0
319 139 -1 0
53 60 -1 0
108 72 -1 0
282 140 -1 0
218 53 -1 0
312 307 -1 0
345 18 -1 0
192 392 -1 0
351 137 -1 0
59 99 -1 0
129 204 -1 0
211 138 -1 0
213 285 -1 0
167 13 -1 0
102 338 -1 0
88 328 -1 0
95 168 -1 0
388 286 -1 0
315 126 -1 0
319 110 -1 0
54 236 -1 0
192 374 -1 0
369 236 -1 0
118 142 -1 0
218 324 -1 0
202 351 -1 0
226 289 -1 0
245 5 -1 0
14 83 -1 0
91 68 -1 0
196 236 -1 0
129 149 -1 0
342 33 -1 0
383 123 -1 0
398 268 -1 0
98 221 -1 0
251 341 -1 0
149 380 -1 0
79 208 -1 0
348 330 -1 0
120 102 -1 0
69 39 -1 0
359 37 -1 0
382 305 -1 0
290 241 -1 0
165 9 -1 0
59 213 -1 0
103 369 -1 0
274 248 -1 0
307 313 -1 0
267 310 -1 0
367 106 -1 0
391 254 -1 0
40 393 -1 0
179 284 -1 0
374 399 -1 0
359 260 -1 0
130 129 -1 0
352 233 -1 0
73 298 -1 0
21 233 -1 0
104 333 -1 0
171 151 -1 0
258 185 -1 0
152 18 -1 0
304 21 -1 0
261 228 -1 0
254 328 -1 0
58 185 -1 0
218 126 -1 0
50 214 -1 0
227 273 -1 0
327 75 -1 0
158 2 -1 0
32 60 -1 0
349 193 -1 0
168 388 -1 0
146 142 -1 0
376 297 -1 0
103 266 -1 0
115 164 -1 0
234 154 -1 0
227 263 -1 0
152 71 -1 0
316 234 -1 0
71 22 -1 0
80 373 -1 0
145 71 -1 0
365 275 -1 0
398 359 -1 0
322 120 -1 0
335 178 -1 0
119 234 -1 0
41 344 -1 0
328 283 -1 0
334 348 -1 0
391 324 -1 0
61 22 -1 0
175 298 -1 0
79 98 -1 0
136 251 -1 0
258 331 -1 0
362 273 -1 0
330 20 -1 0
284 25 -1 0
291 39 -1 0
238 286 -1 0
269 362 -1 0
4 352 -1 0
162 57 -1 0
128 36 -1 0
250 328 -1 0
181 301 -1 0
55 296 -1 0
73 74 -1 0
331 36 -1 0
161 46 -1 0
237 300 -1 0
287 363 -1 0
189 333 -1 0
98 25 -1 0
132 51 -1 0
253 208 -1 0
274 380 -1 0
279 88 -1 0
17 146 -1 0
81 40 -1 0
234 130 -1 0
52 188 -1 0
330 358 -1 0
94 213 -1 0
319 73 -1 0
93 156 -1 0
118 194 -1 0
367 379 -1 0
79 355 -1 0
93 270 -1 0
81 214 -1 0
331 390 -1 0
321 211 -1 0
236 123 -1 0
292 341 -1 0
184 111 -1 0
75 397 -1 0
384 221 -1 0
37 208 -1 0
268 92 -1 0
111 76 -1 0
272 316 -1 0
45 146 -1 0
82 349 -1 0
286 178 -1 0
375 296 -1 0
382 273 -1 0
253 311 -1 0
395 82 -1 0
96 238 -1 0
5 244 -1 0
298 221 -1 0
212 146 -1 0
180 397 -1 0
324 196 -1 0
9 71 -1 0
225 148 -1 0
224 96 -1 0
280 378 -1 0
95 386 -1 0
351 73 -1 0
315 237 -1 0
299 114 -1 0
39 4 -1 0
121 224 -1 0
258 134 -1 0
73 331 -1 0
42 298 -1 0
266 128 -1 0
261 236 -1 0
29 333 -1 0
375 26 -1 0
391 39 -1 0
46 295 -1 0
305 125 -1 0
329 16 -1 0
17 101 -1 0
304 384 -1 0
181 66 -1 0
177 300 -1 0
308 110 -1 0
285 17 -1 0
310 397 -1 0
92 3 -1 0
163 228 -1 0
183 56 -1 0
102 164 -1 0
20 89 -1 0
271 36 -1 0
193 332 -1 0
109 377 -1 0
330 274 -1 0
52 392 -1 0
63 50 -1 0
382 229 -1 0
175 240 -1 0
190 79 -1 0
265 341 -1 0
391 316 -1 0
86 56 -1 0
103 15 -1 0
347 136 -1 0
385 338 -1 0
21 94 -1 0
325 301 -1 0
215 114 -1 0
296 275 -1 0
227 122 -1 0
260 160 -1 0
3 176 -1 0
119 99 -1 0
287 205 -1 0
70 131 -1 0
181 137 -1 0
397 22 -1 0
380 156 -1 0
387 324 -1 0
294 98 -1 0
350 300 -1 0
253 271 -1 0
64 359 -1 0
387 396 -1 0
24 42 -1 0
22 347 -1 0
337 36 -1 0
86 394 -1 0
381 108 -1 0
162 19 -1 0
27 369 -1 0
230 393 -1 0
48 229 -1 0
119 56 -1 0
156 150 -1 0
245 385 -1 0
76 348 -1 0
64 195 -1 0
203 10 -1 0
78 189 -1 0
57 347 -1 0
14 313 -1 0
358 106 -1 0
382 159 -1 0
276 302 -1 0
285 218 -1 0
399 179 -1 0
9 88 -1 0
138 290 -1 0
337 334 -1 0
293 216 -1 0
44 21 -1 0
343 347 -1 0
364 8 -1 0
331 112 -1 0
141 33 -1 0
104 28 -1 0
29 328 -1 0
27 280 -1 0
84 338 -1 0
80 386 -1 0
361 24 -1 0
232 0 -1 0
62 286 -1 0
396 2 -1 0
19 108 -1 0
167 370 -1 0
286 287 -1 0
246 203 -1 0
319 389 -1 0
129 276 -1 0
354 63 -1 0
340 121 -1 0
373 25 -1 0
319 259 -1 0
127 227 -1 0
17 222 -1 0
253 138 -1 0
385 326 -1 0
155 340 -1 0
387 78 -1 0
176 273 -1 0
384 35 -1 0
355 160 -1 0
317 290 -1 0
394 51 -1 0
70 115 -1 0
338 324 -1 0
105 117 -1 0
132 141 -1 0
84 58 -1 0
178 232 -1 0
350 326 -1 0
43 396 -1 0
302 157 -1 0
333 229 -1 0
379 49 -1 0
130 74 -1 0
355 45 -1 0
158 78 -1 0
135 124 -1 0
251 384 -1 0
35 149 -1 0
228 98 -1 0
370 109 -1 0
47 30 -1 0
211 294 -1 0
122 151 -1 0
387 9 -1 0
51 25 -1 0
96 372 -1 0
91 12 -1 0
345 330 -1 0
240 359 -1 0
248 245 -1 0
39 193 -1 0
26 324 -1 0
154 301 -1 0
387 37 -1 0
196 65 -1 0
30 103 -1 0
347 107 -1 0
195 55 -1 0
50 132 -1 0
276 300 -1 0
323 67 -1 0
53 1 -1 0
139 144 -1 0
64 147 -1 0
219 29 -1 0
346 324 -1 0
28 393 -1 0
207 246 -1 0
287 351 -1 0
106 252 -1 0
64 239 -1 0
347 109 -1 0
33 162 -1 0
68 224 -1 0
393 205 -1 0
341 309 -1 0
332 121 -1 0
269 34 -1 0
83 164 -1 0
27 342 -1 0
327 393 -1 0
44 90 -1 0
339 180 -1 0
61 79 -1 0
242 298 -1 0
206 117 -1 0
322 370 -1 0
218 385 -1 0
190 288 -1 0
128 373 -1 0
329 1 -1 0
46 352 -1 0
81 16 -1 0
69 246 -1 0
43 288 -1 0
132 27 -1 0
333 14 -1 0
85 275 -1 0
108 112 -1 0
133 242 -1 0
185 115 -1 0
227 80 -1 0
338 243 -1 0
370 234 -1 0
203 280 -1 0
366 61 -1 0
224 379 -1 0
339 72 -1 0
288 109 -1 0
104 103 -1 0
398 74 -1 0
102 31 -1 0
220 301 -1 0
281 281 -1 0
13 348 -1 0
251 192 -1 0
51 35 -1 0
132 274 -1 0
285 76 -1 0
60 116 -1 0
352 278 -1 0
68 279 -1 0
106 127 -1 0
167 351 -1 0
245 70 -1 0
282 7 -1 0
301 157 -1 0
73 189 -1 0
42 258 -1 0
180 296 -1 0
270 337 -1 0
188 58 -1 0
76 81 -1 0
342 280 -1 0
240 222 -1 0
72 37 -1 0
270 13 -1 0
337 16 -1 0
385 340 -1 0
269 207 -1 0
169 393 -1 0
206 236 -1 0
396 297 -1 0
105 391 -1 0
252 244 -1 0
232 362 -1 0
333 250 -1 0
112 239 -1 0
40 341 -1 0
341 327 -1 0
125 286 -1 0
161 30 -1 0
21 199 -1 0
77 11 -1 0
346 296 -1 0
55 279 -1 0
208 47 -1 0
128 11 -1 0
47 225 -1 0
299 167 -1 0
335 34 -1 0
31 7 -1 0
238 174 -1 0
106 315 -1 0
80 385 -1 0
126 214 -1 0
365 276 -1 0
233 386 -1 0
125 161 -1 0
266 281 -1 0
19 22 -1 0
16 132 -1 0
292 312 -1 0
321 396 -1 0
136 356 -1 0
62 46 -1 0
87 206 -1 0
169 112 -1 0
213 377 -1 0
305 99 -1 0
131 235 -1 0
340 108 -1 0
112 142 -1 0
128 6 -1 0
225 304 -1 0
126 389 -1 0
48 212 -1 0
347 274 -1 0
284 129 -1 0
326 91 -1 0
310 145 -1 0
342 123 -1 0
62 250 -1 0
158 115 -1 0
144 98 -1 0
112 276 -1 0
389 73 -1 0
263 70 -1 0
378 144 -1 0
65 399 -1 0
242 95 -1 0
313 216 -1 0
219 138 -1 0
284 179 -1 0
309 22 -1 0
233 328 -1 0
201 111 -1 0
370 178 -1 0
330 213 -1 0
98 341 -1 0
141 138 -1 0
113 367 -1 0
103 120 -1 0
70 334 -1 0
104 51 -1 0
155 394 -1 0
337 343 -1 0
34 151 -1 0
343 295 -1 0
210 348 -1 0
196 371 -1 0
347 314 -1 0
127 35 -1 0
298 168 -1 0
365 260 -1 0
293 235 -1 0
140 127 -1 0
208 38 -1 0
108 260 -1 0
305 43 -1 0
222 14 -1 0
292 236 -1 0
91 25 -1 0
304 244 -1 0
178 393 -1 0
7 184 -1 0
64 95 -1 0
155 337 -1 0
78 352 -1 0
121 220 -1 0
159 71 -1 0
243 115 -1 0
139 156 -1 0
296 291 -1 0
340 171 -1 0
89 271 -1 0
174 133 -1 0
224 122 -1 0
96 118 -1 0
147 129 -1 0
270 370 -1 0
285 260 -1 0
388 363 -1 0
116 234 -1 0
335 42 -1 0
76 352 -1 0
389 32 -1 0
289 360 -1 0
100 361 -1 0
134 304 -1 0
233 186 -1 0
254 96 -1 0
215 342 -1 0
65 118 -1 0
64 173 -1 0
305 301 -1 0
142 390 -1 0
324 285 -1 0
54 39 -1 0
225 282 -1 0
291 58 -1 0
331 180 -1 0
190 167 -1 0
345 190 -1 0
208 284 -1 0
120 125 -1 0
205 235 -1 0
128 45 -1 0
191 121 -1 0
378 97 -1 0
354 69 -1 0
93 97 -1 0
369 350 -1 0
68 98 -1 0
333 366 -1 0
103 150 -1 0
239 44 -1 0
176 142 -1 0
329 263 -1 0
94 26 -1 0
67 97 -1 0
328 110 -1 0
285 201 -1 0
370 199 -1 0
151 25 -1 0
241 4 -1 0
132 321 -1 0
355 67 -1 0
154 239 -1 0
99 391 -1 0
46 22 -1 0
321 97 -1 0
276 285 -1 0
22 144 -1 0
61 226 -1 0
307 132 -1 0
117 43 -1 0
7 368 -1 0
35 364 -1 0
128 393 -1 0
8 99 -1 0
389 118 -1 0
104 234 -1 0
4 114 -1 0
96 322 -1 0
88 85 -1 0
356 63 -1 0
327 223 -1 0
322 208 -1 0
392 362 -1 0
166 53 -1 0
161 62 -1 0
296 329 -1 0
24 232 -1 0
163 378 -1 0
359 193 -1 0
268 309 -1 0
340 2 -1 0
94 379 -1 0
141 266 -1 0
201 96 -1 0
187 377 -1 0
166 324 -1 0
10 187 -1 0
163 155 -1 0
270 220 -1 0
18 227 -1 0
161 243 -1 0
120 132 -1 0
381 302 -1 0
61 399 -1 0
273 18 -1 0
360 196 -1 0
311 140 -1 0
303 96 -1 0
84 179 -1 0
20 157 -1 0
213 19 -1 0
338 196 -1 0
262 398 -1 0
97 123 -1 0
115 299 -1 0
100 160 -1 0
145 359 -1 0
286 350 -1 0
306 398 -1 0
256 101 -1 0
239 69 -1 0
134 345 -1 0
60 18 -1 0
373 159 -1 0
185 334 -1 0
266 147 -1 0
342 379 -1 0
287 99 -1 0
341 176 -1 0
8 170 -1 0
69 394 -1 0
385 15 -1 0
390 334 -1 0
294 155 -1 0
302 382 -1 0
300 103 -1 0
178 297 -1 0
322 36 -1 0
346 130 -1 0
358 336 -1 0
108 205 -1 0
87 241 -1 0
237 316 -1 0
92 315 -1 0
266 292 -1 0
126 304 -1 0
72 266 -1 0
341 12 -1 0
69 50 -1 0
187 261 -1 0
1 104 -1 0
30 35 -1 0
260 13 -1 0
117 304 -1 0
338 168 -1 0
241 388 -1 0
133 363 -1 0
191 35 -1 0
384 191 -1 0
63 364 -1 0
239 25 -1 0
2 116 -1 0
60 302 -1 0
387 317 -1 0
129 283 -1 0
43 303 -1 0
328 45 -1 0
357 163 -1 0
349 63 -1 0
197 351 -1 0
383 184 -1 0
91 332 -1 0
215 290 -1 0
130 302 -1 0
230 25 -1 0
313 305 -1 0
214 12 -1 0
128 118 -1 0
293 365 -1 0
258 211 -1 0
65 315 -1 0
333 197 -1 0
357 16 -1 0
378 363 -1 0
40 132 -1 0
151 387 -1 0
76 240 -1 0
121 299 -1 0
257 109 -1 0
10 76 -1 0
397 84 -1 0
192 9 -1 0
398 241 -1 0
301 33 -1 0
397 122 -1 0
141 123 -1 0
212 128 -1 0
210 127 -1 0
170 383 -1 0
356 144 -1 0
128 157 -1 0
172 142 -1 0
376 357 -1 0
232 72 -1 0
273 102 -1 0
36 105 -1 0
211 132 -1 0
137 12 -1 0
350 324 -1 0
17 103 -1 0
105 126 -1 0
153 90 -1 0
163 300 -1 0
289 40 -1 0
52 370 -1 0
353 14 -1 0
149 97 -1 0
215 99 -1 0
144 242 -1 0
282 363 -1 0
253 27 -1 0
125 5 -1 0
323 130 -1 0
146 245 -1 0
243 392 -1 0
375 66 -1 0
354 308 -1 0
98 212 -1 0
100 325 -1 0
117 205 -1 0
20 42 -1 0
110 61 -1 0
46 209 -1 0
203 128 -1 0
385 189 -1 0
101 388 -1 0
194 272 -1 0
78 283 -1 0
192 156 -1 0
393 281 -1 0
332 56 -1 0
367 242 -1 0
63 85 -1 0
95 367 -1 0
319 355 -1 0
135 318 -1 0
254 111 -1 0
80 49 -1 0
176 129 -1 0
332 295 -1 0
398 269 -1 0
294 89 -1 0
57 373 -1 0
255 46 -1 0
359 221 -1 0
4 193 -1 0
320 226 -1 0
267 14 -1 0
254 293 -1 0
379 128 -1 0
305 394 -1 0
170 353 -1 0
315 15 -1 0
189 80 -1 0
15 100 -1 0
349 229 -1 0
385 20 -1 0
229 335 -1 0
9 38 -1 0
268 393 -1 0
193 260 -1 0
377 178 -1 0
364 175 -1 0
180 284 -1 0
85 114 -1 0
119 131 -1 0
296 150 -1 0
277 133 -1 0
29 199 -1 0
66 99 -1 0
113 140 -1 0
272 268 -1 0
99 199 -1 0
98 68 -1 0
375 176 -1 0
261 270 -1 0
230 283 -1 0
139 75 -1 0
65 226 -1 0
195 147 -1 0
308 151 -1 0
277 11 -1 0
77 75 -1 0
180 113 -1 0
293 280 -1 0
78 70 -1 0
143 85 -1 0
111 382 -1 0
377 357 -1 0
65 211 -1 0
367 123 -1 0
306 146 -1 0
172 339 -1 0
290 336 -1 0
265 155 -1 0
84 105 -1 0
209 48 -1 0
93 170 -1 0
193 61 -1 0
106 338 -1 0
5 288 -1 0
47 198 -1 0
125 346 -1 0
176 97 -1 0
140 381 -1 0
117 380 -1 0
106 386 -1 0
26 197 -1 0
258 289 -1 0
342 364 -1 0
62 3 -1 0
239 159 -1 0
129 219 -1 0
59 34 -1 0
105 17 -1 0
382 197 -1 0
260 311 -1 0
30 100 -1 0
271 385 -1 0
257 370 -1 0
13 288 -1 0
189 19 -1 0
48 78 -1 0
394 398 -1 0
4 7 -1 0
53 183 -1 0
240 109 -1 0
379 382 -1 0
387 56 -1 0
296 185 -1 0
74 1 -1 0
383 121 -1 0
63 202 -1 0
393 331 -1 0
298 38 -1 0
102 172 -1 0
123 29 -1 0
44 6 -1 0
228 71 -1 0
237 386 -1 0
237 34 -1 0
252 126 -1 0
230 313 -1 0
103 55 -1 0
384 213 -1 0
27 219 -1 0
56 376 -1 0
344 168 -1 0
399 137 -1 0
378 15 -1 0
111 292 -1 0
48 384 -1 0
365 384 -1 0
241 364 -1 0
199 101 -1 0
333 252 -1 0
341 196 -1 0
113 311 -1 0
219 304 -1 0
103 107 -1 0
41 355 -1 0
144 302 -1 0
27 93 -1 0
70 241 -1 0
44 393 -1 0
154 8 -1 0
103 122 -1 0
249 369 -1 0
316 328 -1 0
209 309 -1 0
236 36 -1 0
308 37 -1 0
262 292 -1 0
281 158 -1 0
179 336 -1 0
351 129 -1 0
250 299 -1 0
292 203 -1 0
358 252 -1 0
89 8 -1 0
235 54 -1 0
97 238 -1 0
128 77 -1 0
72 211 -1 0
273 333 -1 0
262 396 -1 0
83 2 -1 0
364 319 -1 0
305 302 -1 0
175 148 -1 0
115 395 -1 0
97 174 -1 0
196 126 -1 0
211 93 -1 0
90 172 -1 0
75 5 -1 0
34 392 -1 0
373 40 -1 0
351 300 -1 0
20 260 -1 0
329 123 -1 0
312 140 -1 0
129 115 -1 0
55 246 -1 0
356 272 -1 0
28 12 -1 0
225 160 -1 0
138 105 -1 0
114 101 -1 0
19 207 -1 0
309 216 -1 0
40 156 -1 0
259 274 -1 0
59 167 -1 0
42 79 -1 0
265 52 -1 0
234 173 -1 0
389 107 -1 0
7 217 -1 0
339 17 -1 0
397 49 -1 0
290 273 -1 0
194 70 -1 0
211 57 -1 0
5 102 -1 0
145 53 -1 0
222 106 -1 0
282 190 -1 0
187 274 -1 0
70 348 -1 0
4 133 -1 0
267 43 -1 0
188 71 -1 0
361 259 -1 0
292 94 -1 0
306 373 -1 0
196 316 -1 0
275 169 -1 0
117 13 -1 0
94 332 -1 0
252 119 -1 0
66 206 -1 0
97 290 -1 0
145 333 -1 0
250 9 -1 0
100 126 -1 0
375 201 -1 0
176 107 -1 0
340 52 -1 0
293 298 -1 0
1 299 -1 0
277 183 -1 0
177 156 -1 0
339 26 -1 0
346 116 -1 0
10 128 -1 0
357 337 -1 0
304 268 -1 0
210 267 -1 0
125 33 -1 0
313 171 -1 0
301 56 -1 0
27 217 -1 0
309 386 -1 0
158 257 -1 0
333 275 -1 0
325 35 -1 0
77 97 -1 0
308 46 -1 0
373 363 -1 0
311 184 -1 0
341 247 -1 0
396 236 -1 0
37 91 -1 0
266 310 -1 0
280 335 -1 0
121 75 -1 0
217 142 -1 0
77 262 -1 0
265 338 -1 0
227 371 -1 0
50 81 -1 0
361 36 -1 0
160 291 -1 0
333 206 -1 0
385 369 -1 0
100 238 -1 0
1 178 -1 0
70 289 -1 0
306 82 -1 0
40 142 -1 0
356 65 -1 0
127 380 -1 0
34 139 -1 0
318 8 -1 0
15 291 -1 0
66 49 -1 0
50 380 -1 0
182 364 -1 0
20 397 -1 0
95 218 -1 0
53 201 -1 0
68 392 -1 0
77 182 -1 0
61 208 -1 0
291 334 -1 0
56 69 -1 0
319 289 -1 0
264 279 -1 0
111 28 -1 0
366 281 -1 0
229 293 -1 0
203 264 -1 0
359 57 -1 0
33 197 -1 0
82 230 -1 0
110 255 -1 0
121 157 -1 0
39 394 -1 0
179 246 -1 0
162 368 -1 0
44 246 -1 0
312 22 -1 0
29 335 -1 0
59 25 -1 0
186 29 -1 0
116 312 -1 0
377 220 -1 0
69 72 -1 0
270 380 -1 0
282 87 -1 0
98 356 -1 0
388 73 -1 0
197 380 -1 0
147 284 -1 0
153 302 -1 0
348 343 -1 0
217 4 -1 0
388 200 -1 0
247 373 -1 0
258 205 -1 0
182 363 -1 0
193 114 -1 0
293 6 -1 0
263 212 -1 0
81 365 -1 0
68 244 -1 0
369 75 -1 0
29 165 -1 0
299 363 -1 0
169 228 -1 0
226 325 -1 0
270 52 -1 0
247 66 -1 0
149 31 -1 0
36 156 -1 0
89 61 -1 0
323 173 -1 0
235 231 -1 0
126 84 -1 0
326 391 -1 0
18 16 -1 0
351 395 -1 0
242 92 -1 0
294 276 -1 0
98 242 -1 0
330 248 -1 0
289 183 -1 0
320 340 -1 0
307 38 -1 0
115 17 -1 0
39 283 -1 0
229 83 -1 0
147 320 -1 0
131 207 -1 0
239 307 -1 0
357 252 -1 0
186 392 -1 0
162 93 -1 0
232 257 -1 0
384 217 -1 0
246 166 -1 0
290 122 -1 0
381 6 -1 0
168 135 -1 0
5 283 -1 0
58 187 -1 0
337 132 -1 0
214 39 -1 0
134 17 -1 0
186 291 -1 0
258 84 -1 0
387 293 -1 0
264 135 -1 0
296 305 -1 0
301 392 -1 0
29 362 -1 0
104 113 -1 0
61 225 -1 0
98 193 -1 0
131 343 -1 0
90 374 -1 0
277 376 -1 0
321 240 -1 0
45 74 -1 0
42 288 -1 0
69 53 -1 0
261 263 -1 0
237 319 -1 0
199 76 -1 0
83 353 -1 0
239 56 -1 0
340 271 -1 0
299 220 -1 0
72 127 -1 0
273 355 -1 0
309 238 -1 0
151 67 -1 0
29 220 -1 0
62 4 -1 0
239 47 -1 0
241 351 -1 0
57 251 -1 0
216 317 -1 0
216 172 -1 0
34 27 -1 0
145 144 -1 0
86 168 -1 0
121 269 -1 0
32 169 -1 0
141 86 -1 0
215 243 -1 0
396 205 -1 0
251 58 -1 0
285 38 -1 0
374 334 -1 0
155 8 -1 0
78 8 -1 0
193 318 -1 0
69 395 -1 0
397 362 -1 0
290 20 -1 0
324 3 -1 0
202 24 -1 0
399 273 -1 0
95 393 -1 0
72 351 -1 0
67 262 -1 0
125 96 -1 0
229 395 -1 0
106 42 -1 0
149 119 -1 0
2 383 -1 0
393 7 -1 0
292 66 -1 0
334 222 -1 0
101 386 -1 0
91 301 -1 0
221 39 -1 0
394 85 -1 0
102 21 -1 0
359 169 -1 0
216 386 -1 0
258 335 -1 0
299 212 -1 0
85 71 -1 0
283 162 -1 0
4 48 -1 0
94 210 -1 0
316 124 -1 0
55 160 -1 0
350 125 -1 0
208 319 -1 0
168 297 -1 0
311 270 -1 0
39 154 -1 0
278 155 -1 0
388 254 -1 0
384 231 -1 0
86 199 -1 0
327 65 -1 0
347 225 -1 0
165 30 -1 0
332 219 -1 0
27 255 -1 0
37 121 -1 0
98 14 -1 0
230 101 -1 0
92 377 -1 0
19 316 -1 0
118 234 -1 0
274 356 -1 0
269 361 -1 0
194 386 -1 0
53 171 -1 0
283 386 -1 0
71 91 -1 0
392 166 -1 0
398 368 -1 0
177 114 -1 0
349 84 -1 0
21 329 -1 0
358 266 -1 0
355 210 -1 0
43 143 -1 0
380 76 -1 0
283 121 -1 0
339 366 -1 0
294 151 -1 0
124 339 -1 0
53 287 -1 0
365 255 -1 0
272 128 -1 0
2 210 -1 0
111 41 -1 0
206 388 -1 0
131 3 -1 0
297 389 -1 0
47 298 -1 0
226 234 -1 0
336 255 -1 0
94 99 -1 0
94 272 -1 0
216 94 -1 0
20 132 -1 0
122 108 -1 0
240 288 -1 0
217 84 -1 0
142 319 -1 0
311 391 -1 0
363 135 -1 0
197 335 -1 0
266 192 -1 0
58 300 -1 0
18 59 -1 0
309 196 -1 0
109 371 -1 0
268 356 -1 0
153 94 -1 0
37 87 -1 0
311 57 -1 0
200 301 -1 0
133 109 -1 0
261 155 -1 0
125 116 -1 0
370 256 -1 0
99 149 -1 0
71 123 -1 0
285 73 -1 0
118 251 -1 0
270 151 -1 0
77 63 -1 0
296 379 -1 0
12 370 -1 0
343 39 -1 0
102 58 -1 0
21 383 -1 0
339 229 -1 0
147 81 -1 0
55 12 -1 0
237 282 -1 0
261 291 -1 0
368 215 -1 0
67 305 -1 0
155 138 -1 0
258 163 -1 0
280 258 -1 0
85 0 -1 0
153 236 -1 0
378 35 -1 0
159 54 -1 0
365 81 -1 0
20 161 -1 0
123 68 -1 0
44 237 -1 0
9 172 -1 0
94 203 -1 0
25 378 -1 0
121 380 -1 0
282 180 -1 0
237 224 -1 0
104 193 -1 0
188 126 -1 0
311 362 -1 0
27 204 -1 0
87 187 -1 0
84 267 -1 0
286 204 -1 0
320 154 -1 0
54 27 -1 0
129 45 -1 0
95 293 -1 0
351 391 -1 0
23 242 -1 0
74 257 -1 0
21 211 -1 0
358 376 -1 0
256 192 -1 0
349 365 -1 0
75 365 -1 0
74 287 -1 0
306 248 -1 0
86 31 -1 0
85 196 -1 0
339 216 -1 0
331 182 -1 0
260 377 -1 0
368 301 -1 0
11 14 -1 0
101 219 -1 0
233 178 -1 0
46 328 -1 0
17 334 -1 0
218 89 -1 0
366 305 -1 0
127 295 -1 0
67 329 -1 0
285 167 -1 0
362 124 -1 0
0 84 -1 0
387 390 -1 0
302 32 -1 0
27 165 -1 0
207 154 -1 0
174 19 -1 0
116 170 -1 0
201 298 -1 0
392 27 -1 0
361 244 -1 0
223 272 -1 0
247 225 -1 0
240 269 -1 0
375 247 -1 0
281 276 -1 0
281 123 -1 0
12 51 -1 0
22 364 -1 0
106 250 -1 0
241 58 -1 0
111 245 -1 0
285 169 -1 0
254 249 -1 0
201 107 -1 0
84 223 -1 0
330 398 -1 0
201 109 -1 0
386 93 -1 0
217 229 -1 0
321 386 -1 0
186 111 -1 0
56 42 -1 0
177 358 -1 0
188 260 -1 0
394 274 -1 0
2 173 -1 0
339 81 -1 0
57 397 -1 0
100 116 -1 0
13 78 -1 0
303 303 -1 0
315 347 -1 0
150 29 -1 0
305 347 -1 0
119 338 -1 0
293 258 -1 0
371 273 -1 0
307 374 -1 0
309 124 -1 0
226 396 -1 0
356 332 -1 0
327 316 -1 0
121 393 -1 0
35 300 -1 0
7 58 -1 0
216 159 -1 0
207 98 -1 0
394 309 -1 0
285 315 -1 0
8 159 -1 0
54 64 -1 0
313 25 -1 0
229 180 -1 0
174 63 -1 0
312 130 -1 0
384 280 -1 0
301 170 -1 0
267 156 -1 0
22 284 -1 0
195 369 -1 0
3 208 -1 0
105 167 -1 0
396 255 -1 0
91 116 -1 0
39 348 -1 0
281 154 -1 0
56 253 -1 0
31 14 -1 0
152 307 -1 0
54 32 -1 0
398 233 -1 0
179 292 -1 0
143 327 -1 0
366 210 -1 0
38 50 -1 0
151 11 -1 0
396 27 -1 0
58 33 -1 0
327 388 -1 0
64 23 -1 0
380 26 -1 0
317 143 -1 0
159 45 -1 0
333 70 -1 0
7 34 -1 0
134 50 -1 0
19 80 -1 0
393 109 -1 0
372 63 -1 0
254 327 -1 0
223 125 -1 0
371 326 -1 0
70 363 -1 0
395 270 -1 0
398 355 -1 0
46 64 -1 0
102 382 -1 0
184 99 -1 0
124 53 -1 0
169 397 -1 0
169 233 -1 0
356 381 -1 0
58 132 -1 0
391 21 -1 0
226 321 -1 0
74 331 -1 0
166 350 -1 0
216 6 -1 0
75 76 -1 0
146 117 -1 0
324 256 -1 0
48 398 -1 0
326 171 -1 0
217 46 -1 0
336 184 -1 0
350 38 -1 0
134 397 -1 0
219 365 -1 0
390 295 -1 0
193 140 -1 0
393 254 -1 0
321 40 -1 0
54 283 -1 0
254 168 -1 0
38 377 -1 0
279 128 -1 0
110 10 -1 0
49 154 -1 0
97 87 -1 0
192 315 -1 0
359 92 -1 0
326 316 -1 0
136 309 -1 0
339 154 -1 0
290 212 -1 0
142 220 -1 0
257 81 -1 0
263 112 -1 0
239 349 -1 0
209 292 -1 0
320 296 -1 0
172 84 -1 0
154 342 -1 0
236 209 -1 0
165 97 -1 0
97 216 -1 0
75 298 -1 0
27 136 -1 0
96 19 -1 0
264 342 -1 0
41 372 -1 0
180 157 -1 0
366 149 -1 0
324 332 -1 0
273 11 -1 0
189 298 -1 0
338 341 -1 0
52 324 -1 0
283 131 -1 0
69 173 -1 0
351 20 -1 0
389 183 -1 0
333 194 -1 0
263 243 -1 0
231 227 -1 0
41 121 -1 0
373 283 -1 0
330 361 -1 0
105 83 -1 0
293 174 -1 0
98 9 -1 0
85 373 -1 0
180 328 -1 0
103 368 -1 0
295 263 -1 0
99 111 -1 0
11 244 -1 0
12 89 -1 0
162 127 -1 0
189 78 -1 0
0 306 -1 0
147 94 -1 0
387 113 -1 0
279 309 -1 0
350 348 -1 0
365 186 -1 0
144 385 -1 0
178 245 -1 0
314 144 -1 0
354 241 -1 0
270 312 -1 0
238 205 -1 0
177 107 -1 0
325 36 -1 0
350 345 -1 0
216 247 -1 0
395 155 -1 0
265 240 -1 0
193 35 -1 0
6 84 -1 0
364 387 -1 0
348 26 -1 0
345 183 -1 0
37 264 -1 0
49 256 -1 0
199 134 -1 0
71 133 -1 0
158 148 -1 0
2 387 -1 0
120 59 -1 0
368 361 -1 0
283 322 -1 0
307 287 -1 0
4 3 -1 0
43 378 -1 0
378 173 -1 0
217 315 -1 0
190 127 -1 0
130 71 -1 0
49 316 -1 0
327 208 -1 0
282 95 -1 0
76 271 -1 0
211 109 -1 0
138 293 -1 0
256 307 -1 0
138 93 -1 0
271 316 -1 0
72 360 -1 0
115 378 -1 0
165 312 -1 0
213 329 -1 0
195 149 -1 0
84 339 -1 0
57 235 -1 0
328 199 -1 0
350 199 -1 0
40 269 -1 0
284 198 -1 0
318 116 -1 0
72 90 -1 0
28 388 -1 0
236 44 -1 0
188 160 -1 0
368 108 -1 0
262 249 -1 0
96 298 -1 0
5 61 -1 0
67 325 -1 0
210 17 -1 0
206 296 -1 0
98 387 -1 0
391 210 -1 0
351 70 -1 0
175 346 -1 0
184 21 -1 0
42 168 -1 0
295 383 -1 0
130 290 -1 0
37 40 -1 0
340 369 -1 0
71 60 -1 0
74 310 -1 0
32 46 -1 0
220 48 -1 0
286 242 -1 0
118 302 -1 0
385 215 -1 0
367 248 -1 0
181 37 -1 0
292 115 -1 0
326 217 -1 0
390 342 -1 0
204 339 -1 0
50 19 -1 0
346 208 -1 0
64 86 -1 0
172 27 -1 0
312 335 -1 0
369 93 -1 0
310 336 -1 0
66 247 -1 0
364 361 -1 0
256 148 -1 0
334 79 -1 0
341 60 -1 0
6 311 -1 0
296 164 -1 0
258 256 -1 0
171 312 -1 0
118 61 -1 0
77 32 -1 0
116 13 -1 0
333 96 -1 0
40 151 -1 0
370 253 -1 0
68 335 -1 0
197 152 -1 0
20 85 -1 0
281 366 -1 0
233 393 -1 0
21 204 -1 0
380 371 -1 0
374 8 -1 0
46 51 -1 0
136 104 -1 0
170 96 -1 0
352 44 -1 0
309 103 -1 0
135 242 -1 0
282 100 -1 0
241 255 -1 0
227 318 -1 0
272 216 -1 0
111 358 -1 0
65 80 -1 0
22 316 -1 0
310 72 -1 0
228 109 -1 0
38 90 -1 0
385 178 -1 0
307 152 -1 0
71 70 -1 0
312 65 -1 0
372 75 -1 0
240 49 -1 0
45 181 -1 0
364 396 -1 0
8 37 -1 0
299 381 -1 0
150 300 -1 0
371 32 -1 0
2 291 -1 0
260 390 -1 0
36 93 -1 0
32 27 -1 0
115 364 -1 0
21 92 -1 0
287 152 -1 0
313 261 -1 0
374 155 -1 0
160 62 -1 0
353 386 -1 0
334 50 -1 0
41 276 -1 0
136 294 -1 0
350 257 -1 0
286 210 -1 0
6 341 -1 0
117 295 -1 0
347 186 -1 0
258 165 -1 0
107 155 -1 0
67 228 -1 0
10 74 -1 0
173 65 -1 0
202 71 -1 0
233 89 -1 0
277 140 -1 0
65 59 -1 0
237 297 -1 0
54 128 -1 0
267 149 -1 0
57 53 -1 0
287 33 -1 0
152 305 -1 0
164 321 -1 0
285 290 -1 0
381 206 -1 0
239 354 -1 0
307 78 -1 0
34 79 -1 0
253 14 -1 0
31 349 -1 0
64 391 -1 0
264 137 -1 0
393 230 -1 0
120 231 -1 0
252 1 -1 0
374 270 -1 0
278 80 -1 0
90 333 -1 0
392 330 -1 0
61 294 -1 0
113 143 -1 0
366 233 -1 0
9 307 -1 0
33 245 -1 0
208 308 -1 0
182 308 -1 0
335 95 -1 0
257 279 -1 0
197 164 -1 0
60 388 -1 0
102 163 -1 0
9 2 -1 0
88 100 -1 0
36 227 -1 0
10 380 -1 0
249 129 -1 0
248 104 -1 0
179 378 -1 0
44 89 -1 0
90 159 -1 0
82 323 -1 0
74 393 -1 0
161 271 -1 0
167 113 -1 0
21 53 -1 0
57 306 -1 0
258 360 -1 0
280 363 -1 0
109 100 -1 0
238 385 -1 0
113 322 -1 0
191 85 -1 0
367 398 -1 0
388 294 -1 0
281 72 -1 0
345 268 -1 0
319 272 -1 0
77 1 -1 0
273 330 -1 0
201 22 -1 0
250 152 -1 0
285 304 -1 0
130 374 -1 0
52 253 -1 0
380 21 -1 0
235 297 -1 0
378 73 -1 0
278 84 -1 0
131 64 -1 0
248 81 -1 0
102 112 -1 0
217 247 -1 0
49 225 -1 0
199 391 -1 0
229 130 -1 0
60 164 -1 0
153 370 -1 0
392 252 -1 0
163 244 -1 0
83 326 -1 0
229 101 -1 0
192 298 -1 0
74 152 -1 0
228 48 -1 0
42 119 -1 0
298 60 -1 0
350 351 -1 0
365 44 -1 0
178 345 -1 0
313 267 -1 0
257 391 -1 0
265 306 -1 0
381 335 -1 0
11 26 -1 0
71 315 -1 0
226 74 -1 0
130 85 -1 0
336 284 -1 0
69 41 -1 0
261 389 -1 0
286 331 -1 0
68 258 -1 0
13 223 -1 0
1 304 -1 0
372 229 -1 0
42 173 -1 0
148 154 -1 0
122 193 -1 0
291 194 -1 0
280 181 -1 0
370 185 -1 0
295 234 -1 0
395 5 -1 0
378 283 -1 0
302 30 -1 0
318 302 -1 0
329 177 -1 0
390 135 -1 0
255 314 -1 0
323 199 -1 0
17 359 -1 0
63 330 -1 0
364 351 -1 0
120 168 -1 0
85 247 -1 0
15 183 -1 0
100 393 -1 0
16 251 -1 0
142 343 -1 0
388 8 -1 0
158 258 -1 0
352 252 -1 0
258 196 -1 0
130 138 -1 0
73 367 -1 0
150 22 -1 0
379 303 -1 0
46 217 -1 0
180 89 -1 0
50 356 -1 0
387 139 -1 0
336 340 -1 0
334 114 -1 0
159 280 -1 0
189 167 -1 0
188 5 -1 0
245 49 -1 0
217 138 -1 0
163 103 -1 0
230 69 -1 0
387 118 -1 0
87 66 -1 0
267 299 -1 0
242 359 -1 0
131 91 -1 0
107 287 -1 0
248 148 -1 0
63 130 -1 0
24 181 -1 0
278 87 -1 0
341 66 -1 0
350 68 -1 0
312 136 -1 0
300 128 -1 0
107 91 -1 0
381 104 -1 0
307 325 -1 0
283 167 -1 0
319 171 -1 0
52 78 -1 0
278 323 -1 0
131 41 -1 0
107 298 -1 0
72 235 -1 0
98 311 -1 0
33 91 -1 0
399 187 -1 0
193 160 -1 0
205 26 -1 0
203 56 -1 0
398 281 -1 0
40 329 -1 0
100 222 -1 0
311 282 -1 0
102 48 -1 0
399 144 -1 0
362 116 -1 0
67 94 -1 0
269 103 -1 0
209 147 -1 0
359 55 -1 0
344 318 -1 0
293 186 -1 0
127 313 -1 0
249 135 -1 0
223 299 -1 0
169 66 -1 0
311 331 -1 0
85 283 -1 0
105 64 -1 0
32 303 -1 0
244 290 -1 0
181 349 -1 0
275 71 -1 0
142 212 -1 0
160 124 -1 0
189 110 -1 0
338 149 -1 0
382 74 -1 0
79 107 -1 0
223 58 -1 0
394 318 -1 0
96 377 -1 0
11 397 -1 0
395 41 -1 0
21 228 -1 0
148 103 -1 0
182 292 -1 0
394 353 -1 0
72 85 -1 0
34 298 -1 0
1 43 -1 0
164 252 -1 0
325 141 -1 0
124 75 -1 0
283 146 -1 0
296 49 -1 0
246 132 -1 0
126 297 -1 0
191 241 -1 0
291 81 -1 0
396 213 -1 0
107 177 -1 0
268 192 -1 0
21 294 -1 0
123 17 -1 0
309 200 -1 0
32 140 -1 0
286 322 -1 0
119 253 -1 0
206 161 -1 0
365 241 -1 0
273 140 -1 0
23 282 -1 0
16 379 -1 0
166 367 -1 0
211 269 -1 0
322 309 -1 0
397 265 -1 0
325 165 -1 0
350 131 -1 0
168 114 -1 0
26 254 -1 0
385 306 -1 0
191 339 -1 0
97 73 -1 0
271 256 -1 0
276 175 -1 0
329 162 -1 0
152 357 -1 0
96 311 -1 0
116 298 -1 0
230 260 -1 0
274 287 -1 0
238 326 -1 0
234 318 -1 0
354 22 -1 0
305 286 -1 0
96 185 -1 0
120 107 -1 0
355 354 -1 0
381 194 -1 0
6 182 -1 0
228 6 -1 0
1 387 -1 0
205 241 -1 0
114 19 -1 0
223 246 -1 0
236 256 -1 0
291 287 -1 0
195 86 -1 0
104 91 -1 0
262 239 -1 0
57 293 -1 0
141 25 -1 0
385 383 -1 0
129 396 -1 0
159 364 -1 0
269 186 -1 0
76 204 -1 0
346 190 -1 0
223 37 -1 0
57 392 -1 0
26 105 -1 0
263 166 -1 0
46 370 -1 0
10 202 -1 0
377 11 -1 0
326 207 -1 0
139 213 -1 0
299 196 -1 0
49 238 -1 0
287 40 -1 0
262 326 -1 0
119 71 -1 0
87 304 -1 0
45 370 -1 0
18 286 -1 0
32 64 -1 0
85 357 -1 0
251 288 -1 0
392 305 -1 0
305 86 -1 0
120 321 -1 0
320 165 -1 0
204 61 -1 0
10 270 -1 0
41 66 -1 0
226 262 -1 0
172 70 -1 0
285 121 -1 0
251 248 -1 0
149 69 -1 0
287 160 -1 0
1 218 -1 0
370 46 -1 0
81 307 -1 0
224 123 -1 0
228 143 -1 0
17 337 -1 0
238 373 -1 0
136 250 -1 0
58 167 -1 0
209 154 -1 0
298 85 -1 0
278 183 -1 0
150 34 -1 0
230 42 -1 0
15 132 -1 0
170 48 -1 0
325 374 -1 0
342 251 -1 0
267 342 -1 0
45 262 -1 0
69 249 -1 0
100 342 -1 0
222 318 -1 0
325 201 -1 0
248 76 -1 0
387 316 -1 0
117 252 -1 0
95 265 -1 0
241 216 -1 0
66 399 -1 0
13 361 -1 0
118 138 -1 0
176 230 -1 0
161 56 -1 0
26 74 -1 0
132 56 -1 0
15 24 -1 0
327 368 -1 0
122 58 -1 0
354 134 -1 0
257 18 -1 0
71 228 -1 0
289 89 -1 0
171 15 -1 0
256 385 -1 0
152 345 -1 0
30 370 -1 0
343 266 -1 0
395 205 -1 0
240 145 -1 0
10 83 -1 0
129 325 -1 0
43 385 -1 0
121 107 -1 0
54 78 -1 0
125 341 -1 0
320 59 -1 0
268 119 -1 0
141 13 -1 0
375 32 -1 0
48 247 -1 0
304 331 -1 0
11 368 -1 0
205 73 -1 0
11 171 -1 0
299 289 -1 0
311 310 -1 0
141 230 -1 0
159 29 -1 0
206 289 -1 0
30 34 -1 0
125 43 -1 0
258 148 -1 0
397 73 -1 0
117 137 -1 0
113 106 -1 0
275 146 -1 0
77 342 -1 0
395 175 -1 0
34 176 -1 0
87 189 -1 0
347 304 -1 0
128 282 -1 0
107 167 -1 0
277 383 -1 0
337 81 -1 0
9 356 -1 0
103 381 -1 0
261 219 -1 0
141 147 -1 0
266 220 -1 0
397 113 -1 0
350 316 -1 0
58 365 -1 0
80 48 -1 0
217 252 -1 0
372 372 -1 0
180 137 -1 0
197 334 -1 0
318 249 -1 0
114 385 -1 0
84 48 -1 0
357 329 -1 0
105 218 -1 0
200 283 -1 0
167 48 -1 0
24 344 -1 0
252 270 -1 0
322 35 -1 0
365 75 -1 0
373 380 -1 0
68 75 -1 0
253 108 -1 0
394 204 -1 0
366 71 -1 0
82 315 -1 0
393 117 -1 0
270 109 -1 0
246 382 -1 0
152 65 -1 0
388 23 -1 0
152 390 -1 0
277 170 -1 0
326 315 -1 0
348 150 -1 0
222 283 -1 0
59 230 -1 0
240 345 -1 0
203 362 -1 0
117 26 -1 0
260 215 -1 0
396 288 -1 0
64 59 -1 0
229 370 -1 0
296 331 -1 0
319 1 -1 0
289 22 -1 0
148 107 -1 0
253 44 -1 0
384 360 -1 0
322 332 -1 0
21 304 -1 0
74 370 -1 0
47 118 -1 0
54 17 -1 0
261 147 -1 0
281 357 -1 0
96 209 -1 0
252 114 -1 0
141 220 -1 0
322 282 -1 0
113 77 -1 0
138 15 -1 0
273 265 -1 0
355 378 -1 0
49 187 -1 0
50 392 -1 0
123 140 -1 0
146 215 -1 0
270 77 -1 0
255 13 -1 0
180 138 -1 0
120 164 -1 0
324 50 -1 0
210 163 -1 0
278 136 -1 0
258 255 -1 0
240 350 -1 0
302 345 -1 0
37 391 -1 0
110 262 -1 0
2 236 -1 0
269 30 -1 0
58 93 -1 0
362 384 -1 0
254 157 -1 0
20 322 -1 0
134 85 -1 0
349 153 -1 0
205 75 -1 0
249 374 -1 0
104 204 -1 0
313 36 -1 0
227 70 -1 0
303 130 -1 0
74 194 -1 0
245 71 -1 0
351 232 -1 0
20 53 -1 0
336 171 -1 0
175 81 -1 0
253 368 -1 0
239 209 -1 0
349 379 -1 0
327 178 -1 0
217 235 -1 0
94 15 -1 0
327 51 -1 0
319 249 -1 0
32 315 -1 0
63 143 -1 0
67 43 -1 0
263 268 -1 0
327 252 -1 0
36 62 -1 0
0 235 -1 0
379 276 -1 0
240 165 -1 0
323 179 -1 0
270 201 -1 0
282 208 -1 0
366 371 -1 0
43 9 -1 0
42 25 -1 0
387 346 -1 0
123 292 -1 0
181 115 -1 0
15 283 -1 0
33 108 -1 0
74 26 -1 0
25 333 -1 0
28 84 -1 0
295 316 -1 0
240 349 -1 0
399 44 -1 0
375 48 -1 0
302 158 -1 0
225 48 -1 0
247 140 -1 0
15 370 -1 0
324 161 -1 0
235 360 -1 0
191 245 -1 0
371 291 -1 0
395 387 -1 0
86 257 -1 0
30 229 -1 0
365 92 -1 0
384 188 -1 0
11 201 -1 0
374 322 -1 0
51 148 -1 0
172 38 -1 0
232 44 -1 0
134 142 -1 0
3 235 -1 0
194 348 -1 0
169 380 -1 0
234 240 -1 0
247 368 -1 0
125 71 -1 0
148 338 -1 0
378 339 -1 0
283 315 -1 0
392 380 -1 0
62 29 -1 0
273 381 -1 0
201 91 -1 0
253 216 -1 0
270 81 -1 0
280 196 -1 0
372 56 -1 0
110 309 -1 0
35 166 -1 0
19 61 -1 0
71 270 -1 0
309 102 -1 0
60 22 -1 0
152 229 -1 0
70 338 -1 0
330 141 -1 0
180 390 -1 0
311 348 -1 0
189 349 -1 0
292 125 -1 0
260 370 -1 0
306 313 -1 0
219 230 -1 0
32 2 -1 0
73 174 -1 0
369 180 -1 0
84 77 -1 0
264 196 -1 0
21 91 -1 0
273 338 -1 0
169 57 -1 0
146 297 -1 0
236 127 -1 0
35 10 -1 0
263 31 -1 0
160 228 -1 0
0 362 -1 0
162 273 -1 0
188 370 -1 0
261 14 -1 0
59 249 -1 0
302 1 -1 0
362 386 -1 0
337 234 -1 0
159 399 -1 0
1 366 -1 0
206 39 -1 0
97 149 -1 0
335 336 -1 0
93 374 -1 0
144 264 -1 0
397 19 -1 0
17 392 -1 0
28 269 -1 0
309 39 -1 0
346 241 -1 0
2 69 -1 0
160 367 -1 0
325 383 -1 0
42 329 -1 0
284 211 -1 0
357 97 -1 0
301 214 -1 0
7 302 -1 0
8 303 -1 0
178 228 -1 0
206 311 -1 0
235 81 -1 0
397 342 -1 0
390 147 -1 0
6 383 -1 0
280 289 -1 0
336 198 -1 0
62 63 -1 0
103 116 -1 0
397 35 -1 0
265 214 -1 0
395 143 -1 0
328 26 -1 0
197 131 -1 0
282 383 -1 0
392 121 -1 0
262 140 -1 0
382 224 -1 0
112 133 -1 0
99 265 -1 0
305 110 -1 0
9 179 -1 0
375 145 -1 0
276 230 -1 0
150 383 -1 0
332 173 -1 0
20 103 -1 0
96 125 -1 0
278 308 -1 0
365 148 -1 0
222 292 -1 0
200 369 -1 0
311 319 -1 0
87 367 -1 0
73 144 -1 0
213 255 -1 0
104 319 -1 0
328 164 -1 0
226 168 -1 0
182 155 -1 0
124 268 -1 0
176 136 -1 0
136 234 -1 0
351 238 -1 0
325 11 -1 0
73 344 -1 0
185 318 -1 0
116 39 -1 0
87 388 -1 0
200 73 -1 0
199 82 -1 0
59 122 -1 0
287 263 -1 0
286 48 -1 0
81 183 -1 0
61 237 -1 0
28 317 -1 0
94 151 -1 0
24 321 -1 0
339 144 -1 0
236 378 -1 0
27 384 -1 0
99 110 -1 0
90 195 -1 0
9 214 -1 0
357 197 -1 0
17 124 -1 0
12 387 -1 0
231 319 -1 0
324 64 -1 0
243 366 -1 0
172 321 -1 0
48 363 -1 0
71 234 -1 0
345 32 -1 0
256 375 -1 0
223 182 -1 0
102 123 -1 0
286 23 -1 0
272 152 -1 0
357 79 -1 0
323 16 -1 0
361 169 -1 0
374 393 -1 0
201 54 -1 0
314 211 -1 0
1 278 -1 0
257 326 -1 0
140 39 -1 0
283 301 -1 0
397 380 -1 0
18 339 -1 0
315 75 -1 0
165 46 -1 0
0 155 -1 0
184 250 -1 0
49 178 -1 0
354 43 -1 0
142 19 -1 0
348 40 -1 0
122 301 -1 0
396 37 -1 0
344 280 -1 0
193 368 -1 0
119 12 -1 0
308 352 -1 0
228 319 -1 0
65 78 -1 0
176 159 -1 0
10 247 -1 0
150 368 -1 0
311 100 -1 0
102 130 -1 0
3 136 -1 0
100 211 -1 0
14 21 -1 0
391 92 -1 0
120 137 -1 0
341 130 -1 0
376 121 -1 0
247 68 -1 0
47 342 -1 0
269 262 -1 0
105 51 -1 0
243 29 -1 0
16 67 -1 0
249 209 -1 0
33 161 -1 0
332 39 -1 0
313 78 -1 0
345 157 -1 0
296 37 -1 0
137 354 -1 0
196 81 -1 0
108 10 -1 0
138 273 -1 0
254 114 -1 0
164 74 -1 0
74 180 -1 0
265 237 -1 0
222 185 -1 0
363 81 -1 0
177 129 -1 0
257 22 -1 0
308 185 -1 0
327 370 -1 0
252 334 -1 0
228 186 -1 0
265 330 -1 0
93 183 -1 0
73 36 -1 0
238 353 -1 0
160 334 -1 0
184 65 -1 0
371 310 -1 0
290 260 -1 0
68 309 -1 0
90 355 -1 0
161 242 -1 0
325 80 -1 0
237 3 -1 0
162 0 -1 0
375 137 -1 0
62 25 -1 0
48 336 -1 0
121 272 -1 0
45 258 -1 0
127 229 -1 0
307 173 -1 0
332 119 -1 0
345 61 -1 0
345 209 -1 0
144 50 -1 0
25 103 -1 0
397 301 -1 0
289 146 -1 0
25 60 -1 0
57 228 -1 0
280 132 -1 0
169 329 -1 0
211 39 -1 0
107 303 -1 0
181 98 -1 0
202 159 -1 0
323 109 -1 0
27 99 -1 0
181 250 -1 0
300 191 -1 0
263 141 -1 0
299 243 -1 0
71 369 -1 0
333 18 -1 0
28 214 -1 0
48 10 -1 0
233 180 -1 0
101 285 -1 0
114 141 -1 0
78 330 -1 0
83 146 -1 0
293 223 -1 0
294 298 -1 0
127 230 -1 0
183 2 -1 0
192 294 -1 0
372 95 -1 0
34 110 -1 0
65 375 -1 0
214 264 -1 0
7 185 -1 0
33 84 -1 0
288 249 -1 0
93 73 -1 0
311 175 -1 0
42 347 -1 0
264 378 -1 0
94 386 -1 0
249 377 -1 0
384 347 -1 0
375 69 -1 0
256 149 -1 0
107 364 -1 0
385 172 -1 0
155 68 -1 0
239 263 -1 0
353 390 -1 0
103 52 -1 0
335 339 -1 0
359 391 -1 0
393 280 -1 0
312 151 -1 0
112 23 -1 0
78 328 -1 0
294 16 -1 0
314 66 -1 0
324 61 -1 0
58 67 -1 0
181 128 -1 0
300 32 -1 0
28 304 -1 0
117 45 -1 0
22 381 -1 0
374 300 -1 0
310 261 -1 0
149 79 -1 0
366 252 -1 0
196 83 -1 0
312 156 -1 0
56 140 -1 0
306 117 -1 0
340 180 -1 0
323 286 -1 0
195 300 -1 0
54 218 -1 0
3 201 -1 0
298 76 -1 0
113 301 -1 0
271 124 -1 0
29 98 -1 0
205 238 -1 0
301 295 -1 0
122 221 -1 0
111 150 -1 0
231 161 -1 0
134 35 -1 0
220 16 -1 0
310 326 -1 0
382 175 -1 0
85 218 -1 0
332 224 -1 0
112 328 -1 0
103 102 -1 0
255 342 -1 0
330 24 -1 0
381 55 -1 0
15 10 -1 0
2 64 -1 0
150 130 -1 0
119 328 -1 0
77 299 -1 0
80 263 -1 0
324 128 -1 0
109 13 -1 0
261 37 -1 0
332 309 -1 0
329 338 -1 0
87 167 -1 0
32 33 -1 0
79 0 -1 0
150 86 -1 0
48 20 -1 0
16 204 -1 0
290 25 -1 0
362 106 -1 0
358 215 -1 0
123 117 -1 0
199 58 -1 0
71 124 -1 0
246 36 -1 0
250 363 -1 0
263 349 -1 0
335 231 -1 0
334 54 -1 0
359 101 -1 0
395 354 -1 0
231 84 -1 0
241 194 -1 0
314 63 -1 0
30 320 -1 0
379 286 -1 0
363 398 -1 0
254 89 -1 0
213 122 -1 0
160 150 -1 0
327 158 -1 0
229 371 -1 0
261 327 -1 0
399 359 -1 0
322 331 -1 0
115 274 -1 0
317 314 -1 0
151 123 -1 0
263 134 -1 0
203 305 -1 0
359 270 -1 0
211 140 -1 0
238 19 -1 0
10 80 -1 0
70 162 -1 0
310 67 -1 0
58 179 -1 0
74 113 -1 0
129 121 -1 0
54 122 -1 0
372 386 -1 0
25 45 -1 0
40 292 -1 0
64 275 -1 0
113 36 -1 0
156 40 -1 0
115 207 -1 0
44 12 -1 0
249 395 -1 0
23 9 -1 0
326 392 -1 0
190 0 -1 0
188 263 -1 0
112 318 -1 0
94 276 -1 0
190 112 -1 0
126 199 -1 0
350 92 -1 0
230 224 -1 0
96 202 -1 0
286 161 -1 0
144 59 -1 0
89 67 -1 0
47 234 -1 0
18 332 -1 0
270 285 -1 0
253 42 -1 0
3 175 -1 0
241 267 -1 0
95 85 -1 0
1 352 -1 0
344 186 -1 0
67 103 -1 0
35 95 -1 0
54 316 -1 0
30 239 -1 0
243 52 -1 0
180 372 -1 0
219 26 -1 0
352 255 -1 0
245 388 -1 0
168 110 -1 0
139 370 -1 0
128 349 -1 0
374 250 -1 0
364 152 -1 0
191 161 -1 0
26 10 -1 0
279 58 -1 0
128 375 -1 0
170 73 -1 0
88 109 -1 0
169 395 -1 0
27 174 -1 0
287 148 -1 0
390 43 -1 0
45 44 -1 0
132 245 -1 0
371 309 -1 0
219 281 -1 0
296 52 -1 0
287 398 -1 0
263 334 -1 0
83 51 -1 0
310 318 -1 0
391 175 -1 0
66 128 -1 0
374 14 -1 0
344 2 -1 0
222 139 -1 0
378 63 -1 0
164 232 -1 0
335 342 -1 0
339 110 -1 0
347 325 -1 0
154 265 -1 0
181 83 -1 0
86 109 -1 0
135 156 -1 0
98 138 -1 0
55 238 -1 0
278 179 -1 0
124 98 -1 0
181 116 -1 0
132 110 -1 0
154 256 -1 0
237 260 -1 0
349 245 -1 0
244 91 -1 0
231 281 -1 0
394 176 -1 0
204 253 -1 0
53 189 -1 0
54 40 -1 0
207 305 -1 0
370 88 -1 0
126 306 -1 0
330 394 -1 0
326 298 -1 0
388 7 -1 0
305 387 -1 0
280 371 -1 0
130 336 -1 0
214 120 -1 0
20 367 -1 0
286 378 -1 0
313 362 -1 0
255 153 -1 0
56 93 -1 0
121 323 -1 0
173 127 -1 0
308 324 -1 0
328 255 -1 0
221 170 -1 0
389 193 -1 0
184 283 -1 0
65 221 -1 0
392 398 -1 0
360 122 -1 0
62 125 -1 0
171 340 -1 0
354 337 -1 0
277 371 -1 0
123 67 -1 0
5 171 -1 0
119 138 -1 0
184 247 -1 0
327 381 -1 0
201 348 -1 0
6 282 -1 0
242 152 -1 0
315 218 -1 0
344 8 -1 0
63 221 -1 0
64 276 -1 0
192 169 -1 0
186 152 -1 0
37 209 -1 0
25 387 -1 0
237 288 -1 0
104 122 -1 0
185 24 -1 0
121 253 -1 0
155 117 -1 0
128 97 -1 0
43 299 -1 0
171 247 -1 0
348 236 -1 0
93 378 -1 0
42 308 -1 0
111 282 -1 0
369 221 -1 0
35 220 -1 0
67 381 -1 0
106 77 -1 0
243 297 -1 0
1 362 -1 0
221 363 -1 0
49 272 -1 0
199 396 -1 0
68 108 -1 0
14 107 -1 0
360 52 -1 0
364 306 -1 0
392 104 -1 0
31 347 -1 0
143 49 -1 0
275 65 -1 0
204 269 -1 0
53 363 -1 0
49 94 -1 0
135 301 -1 0
30 343 -1 0
104 373 -1 0
243 311 -1 0
388 61 -1 0
191 75 -1 0
345 321 -1 0
241 124 -1 0
115 353 -1 0
217 7 -1 0
158 116 -1 0
260 267 -1 0
169 294 -1 0
333 264 -1 0
40 50 -1 0
161 269 -1 0
389 123 -1 0
0 35 -1 0
147 330 -1 0
3 48 -1 0
264 98 -1 0
95 169 -1 0
21 181 -1 0
303 155 -1 0
199 280 -1 0
261 130 -1 0
274 153 -1 0
253 261 -1 0
126 72 -1 0
47 160 -1 0
42 126 -1 0
348 360 -1 0
168 291 -1 0
375 203 -1 0
279 239 -1 0
158 289 -1 0
25 57 -1 0
390 228 -1 0
1 356 -1 0
344 153 -1 0
183 150 -1 0
221 296 -1 0
44 295 -1 0
327 139 -1 0
159 287 -1 0
136 376 -1 0
342 137 -1 0
179 115 -1 0
303 65 -1 0
240 266 -1 0
128 301 -1 0
43 215 -1 0
220 175 -1 0
103 393 -1 0
6 106 -1 0
328 300 -1 0
237 299 -1 0
142 355 -1 0
226 110 -1 0
359 173 -1 0
324 391 -1 0
146 15 -1 0
193 237 -1 0
251 337 -1 0
55 391 -1 0
214 273 -1 0
248 34 -1 0
262 67 -1 0
156 226 -1 0
329 130 -1 0
95 212 -1 0
146 377 -1 0
19 249 -1 0
226 185 -1 0
324 27 -1 0
249 243 -1 0
389 265 -1 0
252 266 -1 0
253 115 -1 0
253 179 -1 0
157 289 -1 0
368 291 -1 0
10 158 -1 0
337 121 -1 0
380 261 -1 0
252 366 -1 0
191 58 -1 0
4 150 -1 0
329 197 -1 0
34 256 -1 0
159 315 -1 0
62 58 -1 0
278 166 -1 0
105 49 -1 0
127 319 -1 0
41 178 -1 0
309 151 -1 0
278 23 -1 0
386 349 -1 0
99 107 -1 0
60 107 -1 0
389 393 -1 0
40 225 -1 0
352 0 -1 0
227 302 -1 0
272 258 -1 0
264 109 -1 0
218 168 -1 0
14 215 -1 0
169 367 -1 0
171 80 -1 0
372 80 -1 0
240 330 -1 0
294 317 -1 0
19 258 -1 0
159 301 -1 0
262 20 -1 0
190 252 -1 0
313 265 -1 0
24 318 -1 0
321 21 -1 0
300 130 -1 0
206 370 -1 0
53 19 -1 0
394 227 -1 0
146 130 -1 0
32 275 -1 0
109 366 -1 0
69 331 -1 0
152 58 -1 0
69 335 -1 0
238 183 -1 0
253 141 -1 0
363 297 -1 0
266 326 -1 0
80 327 -1 0
176 54 -1 0
97 392 -1 0
148 335 -1 0
203 71 -1 0
369 266 -1 0
247 215 -1 0
380 213 -1 0
375 152 -1 0
206 385 -1 0
275 181 -1 0
162 27 -1 0
381 246 -1 0
128 364 -1 0
321 122 -1 0
253 0 -1 0
348 364 -1 0
396 59 -1 0
173 45 -1 0
76 145 -1 0
191 11 -1 0
255 348 -1 0
281 96 -1 0
316 62 -1 0
135 79 -1 0
120 381 -1 0
397 225 -1 0
127 142 -1 0
192 62 -1 0
16 56 -1 0
316 378 -1 0
149 333 -1 0
91 190 -1 0
61 34 -1 0
174 378 -1 0
285 69 -1 0
0 48 -1 0
163 137 -1 0
131 50 -1 0
17 138 -1 0
391 166 -1 0
7 330 -1 0
346 217 -1 0
94 150 -1 0
256 214 -1 0
392 174 -1 0
329 194 -1 0
325 107 -1 0
270 208 -1 0
182 125 -1 0
264 311 -1 0
70 1 -1 0
371 353 -1 0
156 28 -1 0
324 373 -1 0
384 13 -1 0
242 61 -1 0
55 113 -1 0
209 93 -1 0
101 127 -1 0
361 94 -1 0
298 289 -1 0
35 215 -1 0
16 217 -1 0
256 129 -1 0
48 300 -1 0
333 348 -1 0
46 234 -1 0
383 339 -1 0
92 51 -1 0
23 286 -1 0
214 350 -1 0
283 93 -1 0
309 70 -1 0
61 174 -1 0
195 23 -1 0
7 158 -1 0
126 263 -1 0
233 68 -1 0
286 250 -1 0
51 338 -1 0
379 67 -1 0
32 101 -1 0
28 147 -1 0
144 38 -1 0
154 292 -1 0
44 357 -1 0
399 88 -1 0
41 46 -1 0
35 156 -1 0
190 374 -1 0
101 245 -1 0
11 79 -1 0
197 16 -1 0
333 309 -1 0
210 11 -1 0
49 305 -1 0
166 42 -1 0
284 154 -1 0
344 333 -1 0
349 141 -1 0
288 338 -1 0
51 113 -1 0
166 297 -1 0
251 295 -1 0
350 211 -1 0
384 237 -1 0
124 143 -1 0
109 340 -1 0
306 40 -1 0
106 61 -1 0
219 176 -1 0
315 96 -1 0
106 31 -1 0
71 63 -1 0
108 210 -1 0
297 220 -1 0
341 153 -1 0
164 250 -1 0
259 298 -1 0
381 337 -1 0
302 326 -1 0
26 37 -1 0
361 162 -1 0
166 225 -1 0
395 84 -1 0
148 116 -1 0
185 374 -1 0
266 52 -1 0
303 156 -1 0
180 27 -1 0
268 239 -1 0
381 378 -1 0
252 135 -1 0
73 390 -1 0
148 249 -1 0
12 391 -1 0
88 40 -1 0
135 359 -1 0
17 310 -1 0
325 349 -1 0
118 115 -1 0
16 307 -1 0
210 119 -1 0
271 112 -1 0
305 51 -1 0
198 96 -1 0
184 89 -1 0
125 42 -1 0
188 352 -1 0
239 197 -1 0
60 272 -1 0
54 264 -1 0
224 93 -1 0
171 381 -1 0
137 34 -1 0
69 190 -1 0
224 398 -1 0
107 17 -1 0
368 48 -1 0
73 99 -1 0
299 176 -1 0
263 183 -1 0
323 21 -1 0
381 210 -1 0
369 188 -1 0
8 71 -1 0
278 387 -1 0
104 77 -1 0
246 188 -1 0
131 106 -1 0
180 131 -1 0
214 351 -1 0
21 238 -1 0
312 302 -1 0
353 185 -1 0
329 37 -1 0
311 75 -1 0
54 93 -1 0
302 292 -1 0
318 379 -1 0
22 9 -1 0
320 129 -1 0
352 17 -1 0
175 276 -1 0
275 117 -1 0
110 62 -1 0
17 127 -1 0
52 50 -1 0
281 308 -1 0
278 150 -1 0
272 138 -1 0
94 144 -1 0
103 129 -1 0
92 75 -1 0
352 25 -1 0
61 183 -1 0
14 202 -1 0
150 372 -1 0
347 234 -1 0
323 244 -1 0
358 3 -1 0
182 156 -1 0
40 147 -1 0
346 236 -1 0
80 233 -1 0
193 247 -1 0
46 133 -1 0
16 122 -1 0
135 254 -1 0
366 150 -1 0
55 255 -1 0
49 354 -1 0
335 370 -1 0
312 289 -1 0
218 322 -1 0
93 144 -1 0
220 392 -1 0
75 389 -1 0
178 80 -1 0
339 8 -1 0
95 177 -1 0
33 299 -1 0
268 165 -1 0
69 78 -1 0
96 1 -1 0
77 38 -1 0
113 201 -1 0
375 319 -1 0
30 344 -1 0
300 345 -1 0
91 282 -1 0
176 360 -1 0
208 312 -1 0
5 40 -1 0
335 171 -1 0
274 232 -1 0
385 377 -1 0
67 314 -1 0
369 216 -1 0
140 294 -1 0
151 264 -1 0
160 298 -1 0
382 33 -1 0
273 208 -1 0
390 157 -1 0
396 144 -1 0
301 261 -1 0
273 350 -1 0
80 261 -1 0
268 399 -1 0
125 351 -1 0
117 184 -1 0
27 131 -1 0
61 81 -1 0
99 93 -1 0
315 363 -1 0
372 390 -1 0
115 343 -1 0
239 366 -1 0
133 76 -1 0
232 275 -1 0
105 68 -1 0
209 101 -1 0
216 382 -1 0
235 137 -1 0
57 57 -1 0
371 183 -1 0
330 275 -1 0
86 61 -1 0
47 151 -1 0
80 266 -1 0
22 355 -1 0
50 310 -1 0
396 35 -1 0
48 374 -1 0
32 156 -1 0
114 164 -1 0
76 210 -1 0
53 137 -1 0
100 319 -1 0
182 13 -1 0
308 4 -1 0
137 375 -1 0
130 207 -1 0
124 368 -1 0
241 160 -1 0
123 57 -1 0
386 390 -1 0
106 289 -1 0
352 304 -1 0
167 102 -1 0
247 231 -1 0
272 306 -1 0
158 292 -1 0
118 216 -1 0
390 273 -1 0
123 302 -1 0
236 151 -1 0
329 212 -1 0
15 226 -1 0
353 70 -1 0
162 248 -1 0
327 251 -1 0
26 97 -1 0
302 335 -1 0
38 349 -1 0
383 338 -1 0
201 88 -1 0
318 59 -1 0
262 242 -1 0
346 19 -1 0
379 6 -1 0
247 72 -1 0
283 334 -1 0
185 388 -1 0
260 268 -1 0
181 131 -1 0
320 112 -1 0
210 50 -1 0
92 242 -1 0
80 173 -1 0
133 19 -1 0
342 290 -1 0
220 104 -1 0
315 69 -1 0
264 252 -1 0
121 63 -1 0
43 218 -1 0
352 158 -1 0
253 351 -1 0
346 34 -1 0
45 358 -1 0
351 233 -1 0
229 48 -1 0
227 148 -1 0
182 238 -1 0
337 235 -1 0
315 394 -1 0
9 226 -1 0
138 6 -1 0
166 368 -1 0
213 1 -1 0
170 101 -1 0
120 394 -1 0
179 46 -1 0
352 203 -1 0
298 318 -1 0
78 66 -1 0
21 23 -1 0
396 279 -1 0
95 271 -1 0
4 55 -1 0
355 311 -1 0
96 48 -1 0
177 90 -1 0
1 242 -1 0
251 56 -1 0
154 355 -1 0
213 47 -1 0
162 121 -1 0
346 330 -1 0
169 297 -1 0
166 115 -1 0
302 285 -1 0
103 338 -1 0
120 292 -1 0
11 267 -1 0
140 63 -1 0
188 283 -1 0
114 7 -1 0
300 146 -1 0
256 132 -1 0
166 296 -1 0
168 11 -1 0
260 344 -1 0
361 29 -1 0
350 329 -1 0
241 121 -1 0
28 258 -1 0
217 158 -1 0
1 208 -1 0
332 82 -1 0
197 113 -1 0
275 244 -1 0
100 43 -1 0
272 320 -1 0
330 223 -1 0
361 121 -1 0
340 56 -1 0
11 326 -1 0
310 295 -1 0
169 138 -1 0
167 30 -1 0
279 391 -1 0
360 362 -1 0
294 245 -1 0
172 385 -1 0
369 176 -1 0
284 227 -1 0
198 366 -1 0
56 95 -1 0
143 97 -1 0
190 111 -1 0
106 342 -1 0
303 395 -1 0
263 310 -1 0
21 358 -1 0
126 62 -1 0
271 178 -1 0
306 251 -1 0
355 216 -1 0
188 341 -1 0
190 107 -1 0
326 1 -1 0
34 197 -1 0
389 339 -1 0
380 277 -1 0
281 240 -1 0
140 88 -1 0
268 232 -1 0
11 34 -1 0
214 92 -1 0
275 187 -1 0
73 252 -1 0
65 285 -1 0
146 42 -1 0
322 58 -1 0
392 11 -1 0
163 327 -1 0
48 72 -1 0
386 371 -1 0
218 3 -1 0
159 34 -1 0
234 366 -1 0
349 7 -1 0
372 52 -1 0
71 122 -1 0
57 18 -1 0
346 245 -1 0
249 57 -1 0
115 73 -1 0
88 287 -1 0
238 345 -1 0
94 399 -1 0
272 197 -1 0
241 18 -1 0
87 191 -1 0
18 371 -1 0
222 94 -1 0
271 126 -1 0
256 299 -1 0
170 87 -1 0
273 127 -1 0
161 276 -1 0
142 345 -1 0
364 189 -1 0
343 364 -1 0
352 92 -1 0
219 243 -1 0
211 123 -1 0
290 87 -1 0
290 99 -1 0
77 215 -1 0
368 336 -1 0
223 183 -1 0
281 313 -1 0
89 225 -1 0
19 166 -1 0
44 157 -1 0
239 127 -1 0
81 11 -1 0
368 194 -1 0
114 105 -1 0
250 204 -1 0
223 42 -1 0
188 0 -1 0
111 62 -1 0
84 345 -1 0
373 158 -1 0
373 42 -1 0
38 111 -1 0
254 0 -1 0
13 58 -1 0
282 159 -1 0
130 88 -1 0
397 150 -1 0
234 195 -1 0
291 115 -1 0
22 389 -1 0
125 79 -1 0
243 174 -1 0
75 282 -1 0
265 358 -1 0
76 23 -1 0
234 312 -1 0
127 147 -1 0
80 258 -1 0
303 42 -1 0
50 341 -1 0
210 19 -1 0
81 18 -1 0
304 119 -1 0
177 317 -1 0
265 208 -1 0
38 101 -1 0
209 177 -1 0
382 391 -1 0
43 25 -1 0
368 233 -1 0
114 94 -1 0
254 19 -1 0
296 15 -1 0
208 112 -1 0
187 39 -1 0
384 297 -1 0
186 382 -1 0
53 374 -1 0
293 13 -1 0
208 53 -1 0
356 166 -1 0
340 372 -1 0
369 206 -1 0
167 313 -1 0
315 380 -1 0
89 122 -1 0
360 264 -1 0
89 164 -1 0
19 39 -1 0
167 122 -1 0
24 230 -1 0
242 65 -1 0
386 70 -1 0
22 185 -1 0
209 316 -1 0
130 102 -1 0
234 360 -1 0
29 272 -1 0
358 326 -1 0
392 97 -1 0
92 273 -1 0
173 240 -1 0
365 395 -1 0
303 378 -1 0
48 188 -1 0
266 344 -1 0
202 169 -1 0
12 258 -1 0
42 315 -1 0
364 238 -1 0
93 318 -1 0
19 96 -1 0
332 229 -1 0
94 23 -1 0
225 108 -1 0
235 0 -1 0
322 349 -1 0
3 133 -1 0
231 59 -1 0
396 67 -1 0
244 123 -1 0
349 114 -1 0
207 92 -1 0
108 342 -1 0
302 114 -1 0
234 9 -1 0
65 265 -1 0
122 252 -1 0
54 241 -1 0
261 82 -1 0
95 299 -1 0
352 391 -1 0
105 215 -1 0
121 117 -1 0
66 363 -1 0
78 356 -1 0
286 124 -1 0
163 229 -1 0
49 90 -1 0
37 148 -1 0
221 358 -1 0
364 132 -1 0
31 109 -1 0
230 390 -1 0
320 220 -1 0
31 202 -1 0
386 302 -1 0
247 383 -1 0
168 382 -1 0
357 354 -1 0
180 161 -1 0
355 174 -1 0
244 131 -1 0
137 352 -1 0
385 257 -1 0
379 383 -1 0
278 176 -1 0
284 115 -1 0
309 6 -1 0
24 227 -1 0
175 77 -1 0
209 134 -1 0
300 25 -1 0
240 31 -1 0
35 140 -1 0
199 39 -1 0
207 51 -1 0
368 131 -1 0
385 198 -1 0
62 84 -1 0
255 365 -1 0
113 198 -1 0
178 150 -1 0
46 23 -1 0
366 242 -1 0
160 296 -1 0
174 283 -1 0
316 342 -1 0
82 397 -1 0
234 71 -1 0
50 235 -1 0
304 45 -1 0
185 52 -1 0
289 217 -1 0
171 156 -1 0
393 311 -1 0
257 113 -1 0
174 259 -1 0
271 397 -1 0
121 217 -1 0
128 324 -1 0
187 163 -1 0
356 289 -1 0
395 174 -1 0
49 131 -1 0
219 273 -1 0
209 32 -1 0
82 275 -1 0
376 71 -1 0
372 346 -1 0
274 354 -1 0
356 224 -1 0
158 105 -1 0
372 43 -1 0
91 152 -1 0
266 174 -1 0
35 241 -1 0
340 286 -1 0
260 114 -1 0
332 360 -1 0
387 341 -1 0
277 313 -1 0
191 133 -1 0
352 212 -1 0
304 341 -1 0
81 159 -1 0
60 91 -1 0
267 97 -1 0
113 272 -1 0
355 248 -1 0
84 358 -1 0
42 283 -1 0
376 153 -1 0
23 306 -1 0
142 11 -1 0
2 216 -1 0
189 274 -1 0
347 100 -1 0
31 208 -1 0
297 379 -1 0
290 1 -1 0
31 172 -1 0
340 343 -1 0
249 89 -1 0
96 253 -1 0
34 39 -1 0
385 89 -1 0
368 362 -1 0
312 18 -1 0
185 146 -1 0
361 321 -1 0
368 150 -1 0
136 298 -1 0
203 298 -1 0
275 346 -1 0
46 3 -1 0
200 311 -1 0
295 266 -1 0
124 288 -1 0
110 307 -1 0
301 273 -1 0
25 372 -1 0
369 41 -1 0
220 141 -1 0
272 18 -1 0
142 380 -1 0
393 142 -1 0
48 21 -1 0
73 14 -1 0
181 91 -1 0
109 330 -1 0
234 172 -1 0
182 369 -1 0
35 102 -1 0
163 322 -1 0
317 220 -1 0
228 227 -1 0
58 85 -1 0
216 32 -1 0
6 264 -1 0
82 319 -1 0
161 28 -1 0
364 157 -1 0
326 92 -1 0
360 389 -1 0
319 124 -1 0
295 182 -1 0
240 344 -1 0
334 392 -1 0
171 350 -1 0
120 195 -1 0
117 384 -1 0
384 312 -1 0
378 204 -1 0
284 15 -1 0
104 114 -1 0
212 47 -1 0
323 1 -1 0
382 132 -1 0
50 259 -1 0
191 302 -1 0
16 387 -1 0
101 296 -1 0
366 329 -1 0
241 110 -1 0
40 59 -1 0
204 392 -1 0
62 41 -1 0
340 386 -1 0
24 160 -1 0
281 265 -1 0
270 383 -1 0
241 226 -1 0
3 264 -1 0
224 170 -1 0
95 325 -1 0
306 295 -1 0
128 204 -1 0
315 43 -1 0
186 28 -1 0
138 347 -1 0
265 180 -1 0
323 314 -1 0
371 253 -1 0
142 384 -1 0
110 109 -1 0
114 291 -1 0
240 208 -1 0
153 361 -1 0
199 264 -1 0
371 306 -1 0
258 392 -1 0
46 189 -1 0
26 352 -1 0
316 252 -1 0
320 322 -1 0
208 391 -1 0
214 288 -1 0
377 257 -1 0
353 213 -1 0
213 284 -1 0
143 65 -1 0
285 106 -1 0
235 159 -1 0
323 2 -1 0
57 232 -1 0
164 244 -1 0
264 54 -1 0
18 118 -1 0
242 161 -1 0
209 174 -1 0
342 279 -1 0
280 370 -1 0
24 248 -1 0
211 9 -1 0
193 99 -1 0
219 73 -1 0
192 121 -1 0
30 130 -1 0
112 3 -1 0
55 68 -1 0
115 150 -1 0
341 256 -1 0
58 256 -1 0
336 366 -1 0
355 397 -1 0
399 152 -1 0
168 8 -1 0
120 40 -1 0
250 209 -1 0
252 398 -1 0
92 340 -1 0
76 200 -1 0
190 238 -1 0
302 130 -1 0
202 147 -1 0
49 341 -1 0
53 46 -1 0
39 240 -1 0
35 117 -1 0
356 363 -1 0
96 166 -1 0
104 203 -1 0
1 142 -1 0
323 341 -1 0
113 279 -1 0
318 309 -1 0
279 216 -1 0
362 191 -1 0
50 127 -1 0
371 338 -1 0
120 372 -1 0
380 129 -1 0
11 353 -1 0
246 220 -1 0
92 300 -1 0
305 140 -1 0
19 293 -1 0
124 22 -1 0
153 250 -1 0
250 307 -1 0
295 319 -1 0
14 272 -1 0
82 156 -1 0
381 263 -1 0
9 228 -1 0
207 259 -1 0
266 342 -1 0
249 338 -1 0
188 337 -1 0
227 93 -1 0
98 103 -1 0
120 32 -1 0
136 5 -1 0
242 197 -1 0
170 292 -1 0
357 239 -1 0
8 397 -1 0
362 195 -1 0
259 74 -1 0
62 112 -1 0
379 73 -1 0
168 89 -1 0
173 257 -1 0
58 17 -1 0
385 375 -1 0
21 363 -1 0
295 93 -1 0
193 69 -1 0
260 117 -1 0
346 57 -1 0
243 367 -1 0
31 185 -1 0
241 190 -1 0
294 167 -1 0
333 15 -1 0
314 304 -1 0
224 335 -1 0
297 30 -1 0
81 126 -1 0
310 150 -1 0
178 338 -1 0
256 174 -1 0
244 202 -1 0
153 54 -1 0
284 264 -1 0
25 395 -1 0
236 322 -1 0
389 336 -1 0
1 77 -1 0
3 228 -1 0
265 382 -1 0
248 394 -1 0
83 368 -1 0
369 335 -1 0
259 160 -1 0
290 63 -1 0
396 287 -1 0
359 62 -1 0
344 183 -1 0
303 213 -1 0
117 305 -1 0
121 80 -1 0
386 273 -1 0
48 4 -1 0
63 128 -1 0
352 260 -1 0
108 370 -1 0
394 148 -1 0
393 303 -1 0
269 285 -1 0
135 55 -1 0
344 278 -1 0
288 310 -1 0
183 119 -1 0
239 163 -1 0
122 311 -1 0
76 175 -1 0
47 397 -1 0
172 29 -1 0
357 382 -1 0
385 201 -1 0
253 399 -1 0
95 205 -1 0
390 45 -1 0
201 271 -1 0
211 245 -1 0
393 91 -1 0
6 59 -1 0
61 287 -1 0
8 143 -1 0
249 159 -1 0
312 343 -1 0
1 286 -1 0
199 332 -1 0
33 169 -1 0
256 5 -1 0
222 361 -1 0
19 300 -1 0
226 25 -1 0
241 120 -1 0
190 295 -1 0
187 66 -1 0
296 194 -1 0
153 128 -1 0
359 231 -1 0
328 107 -1 0
333 29 -1 0
140 21 -1 0
199 330 -1 0
90 338 -1 0
168 348 -1 0
275 27 -1 0
199 21 -1 0
207 44 -1 0
4 16 -1 0
24 198 -1 0
211 147 -1 0
188 336 -1 0
373 210 -1 0
333 120 -1 0
200 94 -1 0
25 322 -1 0
112 103 -1 0
127 211 -1 0
209 296 -1 0
398 202 -1 0
170 341 -1 0
259 368 -1 0
117 49 -1 0
133 355 -1 0
47 229 -1 0
324 297 -1 0
130 325 -1 0
292 207 -1 0
124 384 -1 0
242 138 -1 0
141 214 -1 0
112 255 -1 0
18 216 -1 0
312 166 -1 0
280 75 -1 0
58 225 -1 0
284 131 -1 0
131 317 -1 0
262 94 -1 0
213 121 -1 0
277 251 -1 0
180 265 -1 0
144 240 -1 0
291 263 -1 0
81 224 -1 0
203 284 -1 0
140 241 -1 0
60 232 -1 0
343 134 -1 0
289 234 -1 0
243 36 -1 0
284 86 -1 0
343 56 -1 0
334 187 -1 0
120 189 -1 0
3 161 -1 0
321 114 -1 0
344 13 -1 0
200 368 -1 0
346 121 -1 0
372 245 -1 0
333 240 -1 0
215 379 -1 0
262 83 -1 0
253 337 -1 0
54 157 -1 0
393 58 -1 0
121 158 -1 0
52 388 -1 0
260 258 -1 0
26 154 -1 0
226 249 -1 0
274 316 -1 0
68 165 -1 0
399 250 -1 0
54 117 -1 0
363 35 -1 0
360 106 -1 0
31 379 -1 0
220 51 -1 0
363 388 -1 0
332 45 -1 0
289 49 -1 0
354 187 -1 0
388 365 -1 0
132 155 -1 0
121 280 -1 0
256 205 -1 0
231 181 -1 0
27 57 -1 0
286 60 -1 0
128 376 -1 0
25 172 -1 0
121 264 -1 0
399 98 -1 0
296 283 -1 0
382 219 -1 0
372 236 -1 0
16 161 -1 0
344 115 -1 0
296 221 -1 0
172 378 -1 0
186 95 -1 0
320 55 -1 0
385 173 -1 0
314 234 -1 0
98 350 -1 0
158 259 -1 0
340 97 -1 0
72 316 -1 0
236 222 -1 0
371 179 -1 0
125 242 -1 0
214 391 -1 0
290 144 -1 0
229 70 -1 0
351 310 -1 0
107 35 -1 0
289 142 -1 0
229 66 -1 0
104 158 -1 0
222 287 -1 0
33 180 -1 0
275 354 -1 0
107 84 -1 0
114 16 -1 0
273 1 -1 0
279 251 -1 0
398 26 -1 0
383 20 -1 0
25 206 -1 0
348 249 -1 0
359 302 -1 0
260 391 -1 0
319 212 -1 0
282 287 -1 0
180 38 -1 0
51 104 -1 0
22 6 -1 0
96 74 -1 0
157 20 -1 0
88 297 -1 0
197 327 -1 0
277 59 -1 0
32 175 -1 0
15 342 -1 0
34 33 -1 0
399 256 -1 0
385 224 -1 0
120 301 -1 0
36 221 -1 0
303 203 -1 0
366 282 -1 0
19 48 -1 0
297 43 -1 0
244 77 -1 0
334 178 -1 0
177 15 -1 0
11 174 -1 0
4 337 -1 0
8 330 -1 0
87 283 -1 0
60 340 -1 0
272 311 -1 0
98 46 -1 0
228 371 -1 0
45 387 -1 0
315 322 -1 0
32 272 -1 0
5 22 -1 0
79 94 -1 0
172 341 -1 0
283 110 -1 0
305 91 -1 0
82 385 -1 0
1 323 -1 0
278 391 -1 0
312 247 -1 0
50 330 -1 0
348 19 -1 0
54 60 -1 0
35 2 -1 0
42 2 -1 0
364 13 -1 0
221 364 -1 0
64 267 -1 0
57 111 -1 0
8 365 -1 0
242 5 -1 0
100 76 -1 0
270 325 -1 0
211 313 -1 0
150 343 -1 0
9 55 -1 0
213 177 -1 0
261 92 -1 0
244 94 -1 0
62 11 -1 0
355 346 -1 0
325 359 -1 0
238 276 -1 0
318 34 -1 0
203 254 -1 0
330 264 -1 0
211 52 -1 0
326 270 -1 0
88 9 -1 0
42 399 -1 0
338 270 -1 0
378 40 -1 0
251 16 -1 0
281 336 -1 0
15 314 -1 0
96 109 -1 0
27 278 -1 0
395 352 -1 0
398 16 -1 0
133 398 -1 0
169 150 -1 0
221 42 -1 0
249 223 -1 0
131 315 -1 0
303 298 -1 0
42 368 -1 0
122 209 -1 0
72 116 -1 0
261 4 -1 0
29 172 -1 0
146 121 -1 0
24 180 -1 0
125 387 -1 0
263 113 -1 0
380 166 -1 0
129 332 -1 0
304 292 -1 0
389 177 -1 0
327 36 -1 0
293 4 -1 0
136 223 -1 0
291 278 -1 0
184 12 -1 0
31 241 -1 0
50 190 -1 0
368 46 -1 0
94 47 -1 0
348 259 -1 0
228 352 -1 0
10 342 -1 0
113 104 -1 0
239 45 -1 0
256 163 -1 0
310 380 -1 0
168 340 -1 0
375 290 -1 0
352 1 -1 0
169 394 -1 0
241 265 -1 0
341 144 -1 0
342 53 -1 0
347 190 -1 0
202 250 -1 0
9 315 -1 0
345 138 -1 0
4 375 -1 0
395 379 -1 0
79 227 -1 0
297 67 -1 0
221 295 -1 0
95 49 -1 0
217 147 -1 0
225 298 -1 0
18 170 -1 0
39 228 -1 0
11 375 -1 0
81 33 -1 0
354 56 -1 0
289 384 -1 0
267 60 -1 0
196 120 -1 0
15 121 -1 0
303 217 -1 0
77 140 -1 0
323 320 -1 0
56 104 -1 0
376 258 -1 0
92 308 -1 0
97 329 -1 0
210 360 -1 0
352 298 -1 0
175 128 -1 0
369 295 -1 0
37 273 -1 0
70 80 -1 0
313 312 -1 0
197 369 -1 0
176 161 -1 0
108 295 -1 0
383 267 -1 0
243 195 -1 0
306 33 -1 0
142 292 -1 0
33 45 -1 0
112 317 -1 0
38 46 -1 0
13 340 -1 0
88 373 -1 0
227 53 -1 0
216 245 -1 0
300 90 -1 0
266 197 -1 0
283 210 -1 0
166 322 -1 0
382 368 -1 0
328 308 -1 0
357 294 -1 0
26 213 -1 0
93 276 -1 0
0 184 -1 0
38 189 -1 0
39 235 -1 0
9 3 -1 0
88 232 -1 0
320 49 -1 0
382 65 -1 0
232 64 -1 0
379 251 -1 0
20 212 -1 0
239 36 -1 0
123 19 -1 0
363 241 -1 0
261 292 -1 0
227 97 -1 0
278 34 -1 0
392 378 -1 0
136 373 -1 0
349 320 -1 0
194 398 -1 0
26 316 -1 0
281 173 -1 0
124 243 -1 0
249 156 -1 0
42 323 -1 0
93 65 -1 0
381 383 -1 0
145 384 -1 0
366 52 -1 0
113 293 -1 0
51 375 -1 0
135 213 -1 0
215 32 -1 0
145 238 -1 0
71 294 -1 0
75 254 -1 0
249 36 -1 0
286 259 -1 0
122 251 -1 0
213 381 -1 0
350 50 -1 0
243 368 -1 0
75 346 -1 0
120 203 -1 0
115 282 -1 0
318 244 -1 0
382 77 -1 0
214 13 -1 0
295 297 -1 0
25 68 -1 0
394 110 -1 0
364 27 -1 0
187 258 -1 0
335 309 -1 0
32 218 -1 0
145 227 -1 0
208 324 -1 0
377 77 -1 0
21 266 -1 0
45 196 -1 0
217 341 -1 0
264 384 -1 0
133 219 -1 0
89 181 -1 0
192 126 -1 0
161 311 -1 0
348 191 -1 0
290 343 -1 0
268 367 -1 0
41 273 -1 0
79 380 -1 0
27 320 -1 0
144 114 -1 0
278 90 -1 0
341 278 -1 0
185 70 -1 0
71 146 -1 0
115 168 -1 0
64 126 -1 0
234 298 -1 0
58 141 -1 0
108 204 -1 0
231 141 -1 0
120 130 -1 0
238 89 -1 0
179 247 -1 0
316 160 -1 0
245 63 -1 0
83 190 -1 0
77 168 -1 0
338 53 -1 0
220 23 -1 0
263 102 -1 0
95 96 -1 0
38 261 -1 0
20 279 -1 0
145 148 -1 0
320 316 -1 0
256 182 -1 0
359 335 -1 0
40 345 -1 0
102 387 -1 0
17 209 -1 0
192 124 -1 0
329 219 -1 0
386 332 -1 0
337 51 -1 0
178 299 -1 0
336 314 -1 0
59 252 -1 0
98 262 -1 0
146 193 -1 1
180 202 -1 1
168 180 -1 1
190 192 -1 1
171 178 -1 1
184 197 -1 1
156 195 -1 1
183 195 -1 1
166 178 -1 1
149 177 -1 1
161 202 -1 1
144 186 -1 1
179 192 -1 1
181 182 -1 1
176 191 -1 1
201 198 -1 1
152 197 -1 1
203 193 -1 1
173 201 -1 1
182 182 -1 1
197 192 -1 1
153 194 -1 1
195 203 -1 1
157 177 -1 1
192 208 -1 1
148 187 -1 1
177 202 -1 1
198 211 -1 1
202 195 -1 1
197 193 -1 1
143 180 -1 1
203 211 -1 1
137 176 -1 1
179 187 -1 1
176 184 -1 1
162 196 -1 1
188 186 -1 1
162 203 -1 1
190 206 -1 1
152 186 -1 1
210 200 -1 1
190 200 -1 1
143 186 -1 1
139 186 -1 1
152 176 -1 1
181 193 -1 1
179 182 -1 1
195 198 -1 1
197 188 -1 1
171 181 -1 1
136 184 -1 1
201 197 -1 1
209 205 -1 1
178 187 -1 1
169 203 -1 1
155 191 -1 1
139 185 -1 1
184 205 -1 1
214 207 -1 1
211 198 -1 1
195 208 -1 1
156 183 -1 1
181 198 -1 1
134 181 -1 1
202 200 -1 1
179 203 -1 1
148 182 -1 1
180 183 -1 1
154 195 -1 1
137 183 -1 1
135 179 -1 1
192 210 -1 1
180 181 -1 1
135 178 -1 1
172 186 -1 1
152 181 -1 1
145 180 -1 1
194 210 -1 1
211 214 -1 1
152 194 -1 1
189 186 -1 1
172 203 -1 1
163 181 -1 1
155 187 -1 1
135 183 -1 1
170 181 -1 1
176 182 -1 1
151 194 -1 1
163 206 -1 1
165 178 -1 1
189 211 -1 1
150 182 -1 1
162 195 -1 1
185 201 -1 1
160 204 -1 1
182 193 -1 1
201 193 -1 1
209 202 -1 1
175 202 -1 1
203 214 -1 1
206 202 -1 1
172 192 -1 1
201 210 -1 1
196 199 -1 1
167 201 -1 1
167 177 -1 1
165 179 -1 1
154 191 -1 1
174 206 -1 1
205 212 -1 1
139 189 -1 1
181 199 -1 1
145 178 -1 1
143 175 -1 1
163 194 -1 1
168 181 -1 1
187 190 -1 1
143 191 -1 1
161 188 -1 1
176 200 -1 1
161 199 -1 1
145 177 -1 1
160 200 -1 1
188 202 -1 1
185 197 -1 1
193 200 -1 1
189 198 -1 1
148 176 -1 1
173 192 -1 1
162 186 -1 1
200 204 -1 1
164 206 -1 1
200 212 -1 1
199 193 -1 1
185 195 -1 1
154 178 -1 1
153 181 -1 1
136 174 -1 1
151 191 -1 1
151 183 -1 1
141 175 -1 1
173 179 -1 1
178 210 -1 1
203 212 -1 1
155 182 -1 1
150 187 -1 1
157 192 -1 1
184 192 -1 1
156 175 -1 1
218 210 -1 1
142 185 -1 1
167 203 -1 1
164 175 -1 1
172 198 -1 1
159 201 -1 1
177 198 -1 1
173 194 -1 1
210 211 -1 1
176 205 -1 1
152 199 -1 1
192 212 -1 1
185 200 -1 1
199 213 -1 1
207 196 -1 1
185 192 -1 1
200 191 -1 1
203 201 -1 1
178 188 -1 1
181 200 -1 1
176 192 -1 1
173 197 -1 1
172 190 -1 1
178 191 -1 1
213 214 -1 1
207 215 -1 1
135 175 -1 1
164 203 -1 1
201 196 -1 1
146 179 -1 1
165 201 -1 1
179 210 -1 1
208 213 -1 1
165 197 -1 1
151 193 -1 1
182 195 -1 1
183 190 -1 1
172 201 -1 1
145 179 -1 1
158 188 -1 1
172 194 -1 1
191 192 -1 1
188 192 -1 1
206 201 -1 1
200 207 -1 1
202 212 -1 1
154 199 -1 1
171 198 -1 1
197 191 -1 1
180 191 -1 1
209 210 -1 1
188 188 -1 1
169 194 -1 1
198 196 -1 1
164 178 -1 1
205 193 -1 1
177 204 -1 1
169 205 -1 1
181 187 -1 1
211 202 -1 1
157 180 -1 1
162 178 -1 1
159 187 -1 1
138 182 -1 1
163 199 -1 1
184 189 -1 1
148 178 -1 1
179 188 -1 1
163 203 -1 1
196 200 -1 1
199 200 -1 1
191 209 -1 1
214 204 -1 1
192 187 -1 1
183 197 -1 1
181 188 -1 1
179 189 -1 1
163 197 -1 1
182 189 -1 1
164 186 -1 1
146 184 -1 1
203 207 -1 1
186 203 -1 1
153 180 -1 1
204 216 -1 1
203 198 -1 1
194 202 -1 1
183 201 -1 1
171 182 -1 1
162 204 -1 1
204 193 -1 1
187 209 -1 1
153 182 -1 1
153 178 -1 1
212 203 -1 1
185 199 -1 1
189 187 -1 1
186 198 -1 1
206 198 -1 1
194 207 -1 1
174 195 -1 1
172 196 -1 1
169 208 -1 1
209 199 -1 1
164 194 -1 1
169 187 -1 1
210 206 -1 1
168 178 -1 1
200 216 -1 1
165 192 -1 1
176 204 -1 1
186 204 -1 1
198 191 -1 1
162 189 -1 1
155 200 -1 1
169 202 -1 1
176 198 -1 1
193 192 -1 1
202 203 -1 1
176 180 -1 1
193 211 -1 1
193 205 -1 1
178 185 -1 1
168 193 -1 1
155 190 -1 1
180 208 -1 1
196 197 -1 1
180 188 -1 1
162 179 -1 1
157 191 -1 1
207 203 -1 1
163 186 -1 1
214 213 -1 1
147 186 -1 1
190 211 -1 1
145 190 -1 1
150 192 -1 1
192 207 -1 1
209 204 -1 1
199 210 -1 1
167 189 -1 1
137 184 -1 1
171 204 -1 1
192 190 -1 1
195 201 -1 1
200 200 -1 1
199 211 -1 1
195 192 -1 1
157 197 -1 1
181 191 -1 1
207 199 -1 1
