4800 400 400
248 365 -1 0
344 118 -1 0
332 245 -1 0
119 64 -1 0
327 165 -1 0
233 377 -1 0
134 17 -1 0
217 139 -1 0
342 346 -1 0
356 208 -1 0
51 399 -1 0
359 92 -1 0
283 325 -1 0
130 126 -1 0
142 392 -1 0
273 162 -1 0
0 0 -1 0
49 198 -1 0
241 117 -1 0
270 199 -1 0
290 390 -1 0
244 4 -1 0
267 122 -1 0
121 140 -1 0
115 53 -1 0
217 307 -1 0
371 64 -1 0
283 234 -1 0
29 355 -1 0
95 373 -1 0
48 13 -1 0
51 6 -1 0
118 208 -1 0
291 273 -1 0
350 201 -1 0
263 254 -1 0
76 246 -1 0
228 247 -1 0
87 214 -1 0
286 251 -1 0
335 94 -1 0
115 325 -1 0
114 369 -1 0
237 352 -1 0
170 18 -1 0
267 356 -1 0
397 374 -1 0
64 56 -1 0
239 161 -1 0
87 356 -1 0
215 108 -1 0
331 249 -1 0
360 303 -1 0
366 136 -1 0
207 317 -1 0
11 226 -1 0
73 148 -1 0
283 60 -1 0
295 130 -1 0
9 80 -1 0
392 386 -1 0
111 219 -1 0
68 357 -1 0
131 84 -1 0
320 7 -1 0
99 54 -1 0
393 133 -1 0
60 328 -1 0
389 117 -1 0
230 86 -1 0
43 278 -1 0
396 35 -1 0
213 94 -1 0
174 44 -1 0
145 341 -1 0
63 156 -1 0
346 270 -1 0
306 174 -1 0
201 344 -1 0
353 255 -1 0
133 307 -1 0
135 211 -1 0
357 20 -1 0
218 365 -1 0
33 262 -1 0
309 366 -1 0
295 239 -1 0
335 19 -1 0
169 393 -1 0
52 103 -1 0
169 283 -1 0
166 325 -1 0
17 193 -1 0
226 370 -1 0
154 304 -1 0
20 271 -1 0
131 250 -1 0
241 12 -1 0
248 73 -1 0
326 193 -1 0
156 269 -1 0
330 321 -1 0
305 294 -1 0
314 78 -1 0
386 255 -1 0
45 221 -1 0
338 385 -1 0
66 206 -1 0
133 258 -1 0
295 345 -1 0
251 363 -1 0
196 360 -1 0
212 376 -1 0
382 18 -1 0
251 71 -1 0
256 149 -1 0
258 69 -1 0
329 373 -1 0
122 352 -1 0
169 243 -1 0
231 360 -1 0
95 41 -1 0
134 230 -1 0
256 315 -1 0
63 315 -1 0
162 304 -1 0
72 328 -1 0
263 142 -1 0
106 335 -1 0
199 320 -1 0
320 13 -1 0
360 125 -1 0
21 84 -1 0
142 39 -1 0
203 368 -1 0
159 87 -1 0
308 383 -1 0
85 197 -1 0
22 142 -1 0
124 368 -1 0
347 358 -1 0
385 138 -1 0
310 59 -1 0
336 71 -1 0
346 139 -1 0
90 53 -1 0
106 308 -1 0
300 18 -1 0
386 122 -1 0
22 137 -1 0
222 98 -1 0
19 205 -1 0
280 137 -1 0
61 286 -1 0
135 13 -1 0
223 338 -1 0
234 328 -1 0
355 166 -1 0
232 287 -1 0
12 126 -1 0
54 110 -1 0
19 237 -1 0
227 374 -1 0
332 237 -1 0
179 141 -1 0
372 324 -1 0
292 351 -1 0
63 290 -1 0
232 5 -1 0
216 82 -1 0
328 67 -1 0
161 237 -1 0
172 148 -1 0
262 33 -1 0
87 123 -1 0
285 269 -1 0
147 222 -1 0
364 341 -1 0
170 380 -1 0
24 209 -1 0
87 331 -1 0
276 101 -1 0
376 38 -1 0
269 37 -1 0
180 306 -1 0
242 242 -1 0
143 9 -1 0
58 214 -1 0
151 369 -1 0
209 249 -1 0
87 314 -1 0
54 311 -1 0
112 106 -1 0
35 392 -1 0
182 70 -1 0
29 285 -1 0
117 248 -1 0
265 261 -1 0
221 128 -1 0
322 234 -1 0
290 298 -1 0
394 233 -1 0
237 333 -1 0
210 150 -1 0
19 185 -1 0
108 18 -1 0
252 21 -1 0
298 229 -1 0
399 328 -1 0
321 184 -1 0
316 125 -1 0
56 215 -1 0
103 274 -1 0
146 75 -1 0
153 2 -1 0
289 59 -1 0
365 193 -1 0
170 388 -1 0
206 141 -1 0
233 396 -1 0
397 266 -1 0
384 162 -1 0
265 153 -1 0
127 264 -1 0
382 70 -1 0
285 235 -1 0
18 22 -1 0
118 373 -1 0
375 70 -1 0
236 276 -1 0
68 360 -1 0
34 120 -1 0
369 177 -1 0
89 235 -1 0
149 344 -1 0
180 284 -1 0
31 349 -1 0
145 325 -1 0
342 394 -1 0
392 298 -1 0
245 97 -1 0
65 252 -1 0
396 331 -1 0
237 274 -1 0
281 20 -1 0
222 25 -1 0
197 39 -1 0
83 287 -1 0
333 362 -1 0
93 352 -1 0
25 57 -1 0
41 36 -1 0
395 328 -1 0
390 301 -1 0
278 296 -1 0
296 73 -1 0
243 36 -1 0
51 46 -1 0
49 301 -1 0
348 363 -1 0
323 333 -1 0
38 25 -1 0
9 51 -1 0
104 209 -1 0
295 380 -1 0
67 88 -1 0
68 145 -1 0
385 39 -1 0
322 129 -1 0
368 187 -1 0
3 359 -1 0
92 214 -1 0
143 73 -1 0
121 155 -1 0
133 194 -1 0
389 379 -1 0
161 355 -1 0
378 270 -1 0
87 215 -1 0
227 391 -1 0
81 395 -1 0
341 122 -1 0
6 342 -1 0
318 110 -1 0
367 294 -1 0
38 223 -1 0
383 208 -1 0
46 92 -1 0
329 75 -1 0
46 317 -1 0
96 145 -1 0
178 349 -1 0
321 177 -1 0
196 297 -1 0
258 274 -1 0
39 312 -1 0
197 82 -1 0
57 239 -1 0
353 244 -1 0
353 222 -1 0
262 145 -1 0
68 46 -1 0
389 196 -1 0
240 70 -1 0
271 147 -1 0
394 95 -1 0
306 378 -1 0
103 386 -1 0
175 73 -1 0
277 238 -1 0
25 114 -1 0
29 4 -1 0
237 225 -1 0
336 133 -1 0
212 331 -1 0
371 393 -1 0
359 127 -1 0
226 237 -1 0
163 333 -1 0
310 26 -1 0
296 39 -1 0
271 295 -1 0
5 125 -1 0
289 16 -1 0
176 100 -1 0
316 384 -1 0
23 66 -1 0
389 300 -1 0
44 110 -1 0
243 17 -1 0
121 42 -1 0
84 3 -1 0
238 229 -1 0
48 56 -1 0
371 162 -1 0
208 88 -1 0
183 36 -1 0
330 332 -1 0
138 377 -1 0
203 275 -1 0
342 169 -1 0
343 49 -1 0
389 230 -1 0
130 241 -1 0
0 79 -1 0
379 341 -1 0
164 317 -1 0
352 55 -1 0
66 15 -1 0
20 136 -1 0
106 339 -1 0
197 93 -1 0
135 302 -1 0
341 113 -1 0
167 276 -1 0
335 121 -1 0
204 159 -1 0
380 174 -1 0
282 98 -1 0
94 206 -1 0
157 130 -1 0
253 136 -1 0
342 22 -1 0
6 156 -1 0
141 325 -1 0
59 98 -1 0
162 301 -1 0
134 272 -1 0
136 359 -1 0
353 264 -1 0
324 41 -1 0
124 347 -1 0
249 36 -1 0
4 183 -1 0
122 108 -1 0
116 19 -1 0
76 369 -1 0
234 326 -1 0
85 230 -1 0
385 55 -1 0
198 149 -1 0
255 385 -1 0
175 348 -1 0
96 195 -1 0
178 10 -1 0
13 189 -1 0
159 347 -1 0
197 313 -1 0
104 106 -1 0
361 158 -1 0
83 303 -1 0
328 219 -1 0
53 179 -1 0
199 87 -1 0
375 290 -1 0
68 335 -1 0
324 217 -1 0
394 20 -1 0
43 348 -1 0
342 8 -1 0
62 112 -1 0
62 33 -1 0
37 28 -1 0
176 328 -1 0
289 280 -1 0
207 338 -1 0
89 386 -1 0
302 24 -1 0
230 0 -1 0
309 286 -1 0
389 2 -1 0
161 107 -1 0
213 370 -1 0
129 288 -1 0
23 204 -1 0
311 25 -1 0
399 276 -1 0
202 63 -1 0
50 121 -1 0
312 25 -1 0
229 260 -1 0
178 228 -1 0
72 223 -1 0
322 137 -1 0
135 327 -1 0
272 340 -1 0
199 78 -1 0
53 274 -1 0
298 35 -1 0
298 159 -1 0
153 291 -1 0
270 51 -1 0
196 114 -1 0
93 325 -1 0
225 116 -1 0
195 140 -1 0
346 57 -1 0
153 233 -1 0
100 327 -1 0
5 194 -1 0
326 156 -1 0
341 230 -1 0
260 49 -1 0
353 73 -1 0
246 45 -1 0
371 77 -1 0
239 123 -1 0
263 384 -1 0
80 148 -1 0
393 97 -1 0
108 109 -1 0
375 29 -1 0
38 295 -1 0
161 150 -1 0
364 9 -1 0
392 24 -1 0
138 372 -1 0
62 12 -1 0
86 331 -1 0
312 359 -1 0
192 246 -1 0
40 193 -1 0
183 324 -1 0
365 301 -1 0
297 37 -1 0
40 65 -1 0
184 102 -1 0
90 107 -1 0
63 55 -1 0
136 131 -1 0
89 301 -1 0
161 67 -1 0
50 1 -1 0
195 143 -1 0
113 146 -1 0
148 29 -1 0
101 325 -1 0
33 388 -1 0
148 247 -1 0
378 351 -1 0
34 253 -1 0
24 240 -1 0
86 109 -1 0
339 160 -1 0
125 225 -1 0
314 206 -1 0
132 310 -1 0
42 121 -1 0
186 34 -1 0
353 162 -1 0
141 342 -1 0
317 187 -1 0
229 89 -1 0
11 180 -1 0
273 78 -1 0
242 399 -1 0
326 116 -1 0
368 370 -1 0
229 385 -1 0
32 289 -1 0
168 373 -1 0
324 1 -1 0
136 352 -1 0
43 16 -1 0
12 247 -1 0
285 288 -1 0
67 27 -1 0
298 14 -1 0
359 275 -1 0
241 111 -1 0
84 243 -1 0
291 394 -1 0
35 80 -1 0
287 244 -1 0
340 235 -1 0
63 281 -1 0
218 61 -1 0
249 379 -1 0
166 72 -1 0
27 109 -1 0
276 398 -1 0
219 74 -1 0
27 31 -1 0
31 302 -1 0
139 282 -1 0
113 348 -1 0
132 192 -1 0
367 34 -1 0
7 275 -1 0
102 76 -1 0
184 115 -1 0
217 279 -1 0
332 279 -1 0
203 126 -1 0
259 351 -1 0
77 70 -1 0
264 7 -1 0
325 156 -1 0
8 189 -1 0
356 258 -1 0
4 297 -1 0
395 337 -1 0
48 58 -1 0
283 80 -1 0
202 281 -1 0
298 223 -1 0
384 36 -1 0
238 13 -1 0
297 16 -1 0
102 341 -1 0
106 208 -1 0
133 331 -1 0
172 237 -1 0
215 298 -1 0
136 167 -1 0
199 245 -1 0
298 362 -1 0
264 251 -1 0
71 240 -1 0
157 341 -1 0
89 328 -1 0
372 286 -1 0
88 30 -1 0
119 199 -1 0
50 11 -1 0
169 297 -1 0
319 279 -1 0
95 47 -1 0
101 11 -1 0
105 226 -1 0
92 166 -1 0
252 34 -1 0
15 7 -1 0
93 173 -1 0
284 315 -1 0
92 385 -1 0
133 215 -1 0
234 277 -1 0
241 386 -1 0
68 160 -1 0
125 282 -1 0
367 21 -1 0
102 131 -1 0
76 313 -1 0
123 357 -1 0
217 356 -1 0
352 45 -1 0
7 207 -1 0
302 111 -1 0
243 377 -1 0
67 99 -1 0
99 236 -1 0
81 108 -1 0
173 141 -1 0
113 6 -1 0
29 305 -1 0
128 389 -1 0
40 213 -1 0
222 275 -1 0
375 128 -1 0
107 91 -1 0
363 144 -1 0
47 123 -1 0
395 250 -1 0
283 114 -1 0
310 97 -1 0
384 276 -1 0
290 391 -1 0
95 70 -1 0
33 144 -1 0
21 265 -1 0
14 95 -1 0
345 217 -1 0
289 137 -1 0
10 396 -1 0
254 22 -1 0
379 328 -1 0
336 110 -1 0
5 178 -1 0
338 214 -1 0
215 341 -1 0
212 137 -1 0
167 367 -1 0
217 119 -1 0
203 334 -1 0
382 50 -1 0
22 189 -1 0
47 344 -1 0
74 150 -1 0
168 296 -1 0
310 348 -1 0
241 371 -1 0
126 315 -1 0
43 35 -1 0
91 167 -1 0
331 398 -1 0
261 236 -1 0
237 126 -1 0
117 38 -1 0
18 261 -1 0
201 43 -1 0
188 14 -1 0
258 237 -1 0
31 25 -1 0
251 245 -1 0
121 280 -1 0
133 183 -1 0
238 94 -1 0
281 337 -1 0
169 352 -1 0
245 221 -1 0
389 70 -1 0
368 114 -1 0
167 155 -1 0
131 292 -1 0
153 170 -1 0
372 271 -1 0
257 132 -1 0
332 121 -1 0
215 117 -1 0
240 128 -1 0
350 394 -1 0
193 261 -1 0
51 364 -1 0
88 235 -1 0
233 42 -1 0
167 352 -1 0
310 32 -1 0
359 360 -1 0
170 361 -1 0
339 304 -1 0
143 395 -1 0
24 96 -1 0
329 342 -1 0
183 117 -1 0
387 171 -1 0
116 302 -1 0
142 390 -1 0
173 286 -1 0
361 38 -1 0
82 283 -1 0
151 58 -1 0
4 180 -1 0
383 165 -1 0
315 190 -1 0
60 285 -1 0
222 124 -1 0
173 236 -1 0
21 45 -1 0
302 120 -1 0
145 97 -1 0
188 69 -1 0
261 96 -1 0
64 351 -1 0
235 97 -1 0
389 366 -1 0
146 149 -1 0
133 44 -1 0
237 141 -1 0
231 264 -1 0
32 26 -1 0
236 96 -1 0
65 110 -1 0
32 202 -1 0
85 200 -1 0
90 25 -1 0
230 4 -1 0
296 321 -1 0
194 67 -1 0
114 240 -1 0
99 391 -1 0
394 21 -1 0
89 97 -1 0
125 286 -1 0
79 143 -1 0
118 227 -1 0
391 131 -1 0
14 43 -1 0
61 368 -1 0
98 364 -1 0
11 62 -1 0
172 98 -1 0
301 393 -1 0
75 235 -1 0
133 113 -1 0
259 322 -1 0
286 84 -1 0
204 63 -1 0
386 224 -1 0
283 209 -1 0
57 363 -1 0
38 53 -1 0
12 62 -1 0
41 330 -1 0
1 233 -1 0
192 378 -1 0
377 193 -1 0
61 310 -1 0
333 2 -1 0
121 379 -1 0
37 267 -1 0
372 95 -1 0
218 377 -1 0
323 324 -1 0
310 186 -1 0
194 154 -1 0
322 221 -1 0
71 228 -1 0
111 244 -1 0
206 131 -1 0
189 303 -1 0
136 396 -1 0
129 398 -1 0
27 197 -1 0
261 398 -1 0
73 96 -1 0
119 178 -1 0
47 156 -1 0
167 19 -1 0
5 197 -1 0
252 293 -1 0
204 122 -1 0
332 299 -1 0
79 159 -1 0
220 359 -1 0
83 397 -1 0
303 338 -1 0
15 101 -1 0
73 69 -1 0
242 345 -1 0
17 18 -1 0
353 158 -1 0
319 334 -1 0
315 146 -1 0
368 379 -1 0
50 99 -1 0
338 175 -1 0
286 168 -1 0
131 263 -1 0
347 15 -1 0
122 335 -1 0
324 154 -1 0
321 382 -1 0
54 103 -1 0
399 297 -1 0
235 36 -1 0
35 130 -1 0
86 337 -1 0
14 206 -1 0
42 242 -1 0
13 317 -1 0
271 315 -1 0
99 293 -1 0
331 304 -1 0
368 266 -1 0
310 12 -1 0
350 49 -1 0
95 262 -1 0
154 103 -1 0
346 34 -1 0
227 13 -1 0
323 304 -1 0
131 167 -1 0
247 388 -1 0
198 363 -1 0
107 35 -1 0
371 191 -1 0
127 364 -1 0
178 25 -1 0
126 115 -1 0
270 302 -1 0
160 318 -1 0
384 283 -1 0
251 303 -1 0
219 45 -1 0
187 162 -1 0
197 63 -1 0
291 351 -1 0
128 184 -1 0
231 332 -1 0
53 291 -1 0
341 302 -1 0
170 25 -1 0
115 306 -1 0
185 12 -1 0
247 117 -1 0
353 365 -1 0
148 212 -1 0
245 315 -1 0
16 198 -1 0
317 16 -1 0
42 364 -1 0
126 131 -1 0
159 387 -1 0
34 241 -1 0
339 299 -1 0
396 108 -1 0
229 75 -1 0
195 84 -1 0
169 9 -1 0
352 242 -1 0
221 33 -1 0
105 122 -1 0
248 122 -1 0
307 127 -1 0
307 126 -1 0
187 383 -1 0
12 144 -1 0
154 156 -1 0
233 141 -1 0
54 358 -1 0
60 72 -1 0
29 102 -1 0
186 104 -1 0
296 131 -1 0
107 12 -1 0
107 325 -1 0
172 102 -1 0
205 125 -1 0
338 89 -1 0
378 300 -1 0
193 40 -1 0
57 394 -1 0
317 14 -1 0
317 96 -1 0
378 98 -1 0
97 243 -1 0
347 363 -1 0
187 27 -1 0
113 5 -1 0
12 130 -1 0
92 246 -1 0
104 169 -1 0
216 66 -1 0
149 309 -1 0
90 213 -1 0
256 325 -1 0
24 206 -1 0
320 41 -1 0
364 60 -1 0
6 210 -1 0
297 127 -1 0
339 189 -1 0
107 388 -1 0
75 273 -1 0
334 283 -1 0
220 155 -1 0
252 282 -1 0
197 56 -1 0
319 243 -1 0
142 398 -1 0
152 367 -1 0
2 356 -1 0
308 318 -1 0
388 110 -1 0
363 48 -1 0
268 128 -1 0
158 296 -1 0
286 270 -1 0
81 89 -1 0
99 373 -1 0
144 46 -1 0
15 223 -1 0
7 193 -1 0
374 227 -1 0
232 14 -1 0
85 294 -1 0
73 128 -1 0
231 160 -1 0
259 353 -1 0
278 15 -1 0
397 79 -1 0
178 99 -1 0
359 230 -1 0
335 20 -1 0
361 335 -1 0
319 37 -1 0
67 135 -1 0
103 261 -1 0
13 178 -1 0
343 174 -1 0
33 285 -1 0
214 113 -1 0
208 130 -1 0
338 149 -1 0
360 132 -1 0
128 199 -1 0
230 98 -1 0
179 139 -1 0
162 269 -1 0
319 199 -1 0
336 67 -1 0
373 175 -1 0
147 271 -1 0
85 284 -1 0
360 74 -1 0
122 227 -1 0
245 146 -1 0
347 150 -1 0
250 11 -1 0
298 74 -1 0
310 112 -1 0
155 281 -1 0
311 69 -1 0
340 84 -1 0
132 382 -1 0
56 358 -1 0
48 212 -1 0
73 123 -1 0
358 145 -1 0
294 339 -1 0
19 337 -1 0
296 154 -1 0
234 104 -1 0
94 48 -1 0
371 168 -1 0
47 61 -1 0
375 398 -1 0
249 288 -1 0
130 198 -1 0
231 346 -1 0
345 96 -1 0
163 381 -1 0
143 380 -1 0
118 386 -1 0
93 197 -1 0
99 290 -1 0
5 365 -1 0
54 3 -1 0
220 158 -1 0
254 220 -1 0
378 33 -1 0
64 17 -1 0
65 198 -1 0
49 312 -1 0
192 99 -1 0
284 385 -1 0
306 370 -1 0
258 288 -1 0
143 19 -1 0
262 77 -1 0
0 49 -1 0
387 6 -1 0
281 182 -1 0
380 108 -1 0
399 382 -1 0
252 56 -1 0
59 185 -1 0
71 1 -1 0
94 121 -1 0
327 202 -1 0
134 332 -1 0
206 38 -1 0
8 171 -1 0
54 29 -1 0
30 6 -1 0
58 71 -1 0
248 386 -1 0
155 34 -1 0
351 125 -1 0
14 314 -1 0
372 54 -1 0
393 214 -1 0
71 220 -1 0
92 376 -1 0
137 167 -1 0
71 137 -1 0
340 15 -1 0
346 292 -1 0
65 384 -1 0
380 384 -1 0
304 364 -1 0
358 100 -1 0
278 394 -1 0
9 197 -1 0
303 311 -1 0
25 305 -1 0
249 106 -1 0
127 355 -1 0
355 302 -1 0
206 92 -1 0
27 242 -1 0
313 383 -1 0
134 8 -1 0
213 121 -1 0
300 369 -1 0
65 329 -1 0
3 310 -1 0
149 36 -1 0
218 37 -1 0
96 293 -1 0
291 157 -1 0
310 336 -1 0
42 129 -1 0
67 300 -1 0
70 204 -1 0
334 391 -1 0
69 8 -1 0
105 54 -1 0
61 239 -1 0
344 76 -1 0
55 212 -1 0
10 334 -1 0
189 141 -1 0
78 2 -1 0
134 320 -1 0
115 303 -1 0
222 147 -1 0
86 121 -1 0
38 173 -1 0
296 125 -1 0
389 92 -1 0
396 170 -1 0
63 5 -1 0
308 154 -1 0
276 40 -1 0
166 301 -1 0
332 260 -1 0
35 123 -1 0
378 139 -1 0
255 114 -1 0
0 247 -1 0
237 273 -1 0
399 11 -1 0
170 159 -1 0
288 104 -1 0
274 100 -1 0
354 207 -1 0
342 217 -1 0
324 396 -1 0
136 275 -1 0
318 165 -1 0
255 78 -1 0
140 52 -1 0
75 172 -1 0
133 107 -1 0
39 218 -1 0
296 17 -1 0
279 49 -1 0
169 274 -1 0
27 70 -1 0
74 57 -1 0
163 101 -1 0
19 53 -1 0
370 105 -1 0
132 190 -1 0
65 275 -1 0
172 348 -1 0
89 132 -1 0
163 43 -1 0
18 71 -1 0
217 399 -1 0
67 94 -1 0
348 373 -1 0
374 316 -1 0
72 168 -1 0
86 13 -1 0
235 332 -1 0
368 118 -1 0
388 206 -1 0
337 290 -1 0
282 333 -1 0
227 9 -1 0
201 125 -1 0
121 202 -1 0
321 106 -1 0
214 52 -1 0
113 299 -1 0
221 299 -1 0
5 183 -1 0
59 398 -1 0
275 26 -1 0
69 116 -1 0
107 127 -1 0
84 338 -1 0
195 269 -1 0
104 268 -1 0
46 33 -1 0
127 170 -1 0
167 56 -1 0
59 218 -1 0
320 386 -1 0
77 258 -1 0
208 276 -1 0
240 35 -1 0
246 96 -1 0
197 46 -1 0
39 364 -1 0
57 184 -1 0
282 248 -1 0
363 237 -1 0
221 90 -1 0
58 311 -1 0
12 336 -1 0
343 74 -1 0
279 141 -1 0
384 262 -1 0
390 338 -1 0
274 371 -1 0
258 80 -1 0
273 36 -1 0
398 291 -1 0
270 207 -1 0
36 370 -1 0
63 239 -1 0
18 177 -1 0
313 289 -1 0
109 82 -1 0
103 141 -1 0
199 65 -1 0
154 380 -1 0
104 138 -1 0
297 8 -1 0
253 291 -1 0
349 48 -1 0
78 380 -1 0
246 364 -1 0
396 116 -1 0
133 219 -1 0
303 201 -1 0
301 287 -1 0
285 181 -1 0
10 209 -1 0
26 335 -1 0
292 68 -1 0
161 290 -1 0
130 280 -1 0
44 28 -1 0
226 282 -1 0
61 294 -1 0
104 265 -1 0
221 57 -1 0
100 197 -1 0
91 231 -1 0
34 256 -1 0
148 156 -1 0
50 186 -1 0
124 247 -1 0
217 368 -1 0
389 246 -1 0
258 22 -1 0
163 335 -1 0
399 24 -1 0
116 29 -1 0
304 312 -1 0
30 222 -1 0
298 71 -1 0
296 380 -1 0
74 87 -1 0
182 356 -1 0
213 73 -1 0
224 380 -1 0
2 285 -1 0
365 302 -1 0
62 344 -1 0
206 4 -1 0
119 201 -1 0
290 373 -1 0
68 206 -1 0
249 363 -1 0
322 113 -1 0
277 6 -1 0
266 213 -1 0
144 365 -1 0
18 245 -1 0
189 75 -1 0
293 163 -1 0
365 363 -1 0
248 229 -1 0
383 325 -1 0
145 52 -1 0
89 66 -1 0
75 31 -1 0
65 155 -1 0
344 60 -1 0
266 172 -1 0
215 232 -1 0
326 83 -1 0
326 391 -1 0
380 15 -1 0
330 66 -1 0
22 92 -1 0
166 277 -1 0
53 243 -1 0
269 249 -1 0
17 183 -1 0
41 341 -1 0
215 38 -1 0
74 17 -1 0
297 283 -1 0
31 83 -1 0
317 320 -1 0
66 208 -1 0
39 308 -1 0
286 253 -1 0
186 392 -1 0
341 92 -1 0
151 258 -1 0
23 219 -1 0
44 165 -1 0
399 121 -1 0
365 6 -1 0
247 134 -1 0
263 283 -1 0
359 186 -1 0
23 132 -1 0
120 39 -1 0
93 17 -1 0
24 292 -1 0
57 84 -1 0
219 294 -1 0
343 134 -1 0
101 306 -1 0
82 184 -1 0
100 362 -1 0
236 112 -1 0
120 226 -1 0
102 193 -1 0
246 343 -1 0
132 374 -1 0
313 376 -1 0
279 241 -1 0
269 73 -1 0
288 288 -1 0
343 52 -1 0
165 264 -1 0
8 320 -1 0
17 76 -1 0
175 353 -1 0
105 56 -1 0
225 272 -1 0
353 221 -1 0
171 126 -1 0
359 355 -1 0
272 239 -1 0
391 66 -1 0
78 221 -1 0
52 4 -1 0
126 47 -1 0
336 351 -1 0
391 251 -1 0
392 317 -1 0
44 171 -1 0
370 26 -1 0
203 143 -1 0
349 166 -1 0
12 270 -1 0
302 167 -1 0
336 85 -1 0
167 244 -1 0
319 206 -1 0
112 58 -1 0
193 38 -1 0
109 335 -1 0
135 8 -1 0
59 8 -1 0
367 318 -1 0
45 235 -1 0
66 363 -1 0
241 20 -1 0
315 3 -1 0
144 24 -1 0
279 274 -1 0
63 103 -1 0
168 351 -1 0
374 262 -1 0
297 95 -1 0
156 66 -1 0
5 42 -1 0
266 118 -1 0
23 383 -1 0
374 7 -1 0
134 66 -1 0
393 223 -1 0
115 386 -1 0
306 301 -1 0
127 39 -1 0
190 85 -1 0
52 21 -1 0
156 168 -1 0
229 386 -1 0
392 335 -1 0
302 213 -1 0
316 70 -1 0
142 161 -1 0
290 47 -1 0
67 211 -1 0
20 124 -1 0
36 159 -1 0
52 125 -1 0
380 319 -1 0
392 297 -1 0
199 271 -1 0
74 153 -1 0
309 154 -1 0
312 255 -1 0
364 232 -1 0
307 199 -1 0
171 65 -1 0
7 227 -1 0
93 30 -1 0
382 220 -1 0
351 255 -1 0
150 120 -1 0
65 14 -1 0
231 393 -1 0
127 377 -1 0
199 316 -1 0
92 235 -1 0
358 356 -1 0
341 361 -1 0
207 386 -1 0
346 169 -1 0
295 386 -1 0
255 90 -1 0
253 165 -1 0
284 399 -1 0
306 113 -1 0
148 84 -1 0
170 329 -1 0
255 267 -1 0
340 211 -1 0
104 142 -1 0
198 76 -1 0
395 120 -1 0
399 366 -1 0
335 150 -1 0
249 339 -1 0
302 287 -1 0
288 256 -1 0
367 127 -1 0
375 210 -1 0
14 41 -1 0
214 388 -1 0
123 3 -1 0
303 389 -1 0
270 298 -1 0
200 235 -1 0
259 256 -1 0
259 98 -1 0
378 272 -1 0
392 93 -1 0
107 131 -1 0
266 107 -1 0
85 289 -1 0
17 84 -1 0
315 319 -1 0
312 391 -1 0
41 135 -1 0
331 335 -1 0
271 192 -1 0
276 300 -1 0
279 58 -1 0
377 196 -1 0
159 371 -1 0
353 356 -1 0
329 93 -1 0
231 86 -1 0
174 57 -1 0
15 302 -1 0
275 108 -1 0
292 154 -1 0
250 115 -1 0
290 257 -1 0
377 394 -1 0
179 122 -1 0
110 73 -1 0
52 252 -1 0
311 150 -1 0
328 62 -1 0
326 379 -1 0
65 370 -1 0
248 39 -1 0
364 57 -1 0
43 383 -1 0
387 397 -1 0
355 80 -1 0
27 12 -1 0
97 283 -1 0
100 292 -1 0
395 216 -1 0
273 305 -1 0
228 137 -1 0
90 162 -1 0
196 259 -1 0
85 0 -1 0
122 237 -1 0
293 35 -1 0
30 54 -1 0
171 81 -1 0
365 159 -1 0
361 67 -1 0
11 238 -1 0
317 170 -1 0
374 203 -1 0
59 378 -1 0
149 380 -1 0
358 179 -1 0
299 225 -1 0
108 193 -1 0
288 125 -1 0
381 362 -1 0
322 204 -1 0
389 186 -1 0
380 267 -1 0
81 205 -1 0
354 153 -1 0
390 26 -1 0
22 45 -1 0
330 293 -1 0
353 391 -1 0
379 242 -1 0
394 257 -1 0
6 212 -1 0
395 376 -1 0
139 192 -1 0
11 366 -1 0
140 365 -1 0
323 287 -1 0
246 249 -1 0
12 31 -1 0
137 196 -1 0
372 217 -1 0
41 182 -1 0
295 377 -1 0
182 302 -1 0
378 13 -1 0
146 220 -1 0
271 177 -1 0
198 328 -1 0
155 334 -1 0
6 89 -1 0
171 306 -1 0
357 295 -1 0
216 329 -1 0
318 393 -1 0
66 124 -1 0
201 83 -1 0
391 390 -1 0
224 32 -1 0
292 163 -1 0
241 153 -1 0
128 19 -1 0
396 168 -1 0
24 299 -1 0
326 27 -1 0
310 245 -1 0
107 273 -1 0
308 226 -1 0
131 270 -1 0
317 248 -1 0
155 277 -1 0
389 122 -1 0
292 50 -1 0
89 364 -1 0
43 251 -1 0
103 58 -1 0
59 246 -1 0
83 168 -1 0
192 250 -1 0
346 106 -1 0
143 224 -1 0
160 127 -1 0
342 108 -1 0
164 93 -1 0
229 230 -1 0
335 386 -1 0
322 110 -1 0
357 41 -1 0
257 358 -1 0
100 261 -1 0
272 275 -1 0
327 171 -1 0
145 81 -1 0
254 299 -1 0
225 115 -1 0
229 77 -1 0
113 304 -1 0
21 348 -1 0
81 29 -1 0
11 348 -1 0
247 338 -1 0
209 259 -1 0
252 274 -1 0
349 374 -1 0
14 124 -1 0
310 275 -1 0
97 333 -1 0
318 392 -1 0
121 393 -1 0
253 300 -1 0
269 57 -1 0
199 158 -1 0
374 97 -1 0
189 310 -1 0
67 316 -1 0
18 158 -1 0
302 63 -1 0
252 25 -1 0
305 179 -1 0
24 63 -1 0
3 130 -1 0
248 281 -1 0
106 169 -1 0
296 155 -1 0
279 284 -1 0
137 398 -1 0
353 208 -1 0
366 165 -1 0
319 256 -1 0
216 115 -1 0
145 348 -1 0
315 153 -1 0
386 253 -1 0
398 13 -1 0
354 307 -1 0
378 31 -1 0
373 234 -1 0
16 293 -1 0
298 327 -1 0
351 211 -1 0
319 49 -1 0
124 11 -1 0
330 27 -1 0
379 32 -1 0
336 388 -1 0
9 23 -1 0
316 26 -1 0
377 142 -1 0
52 45 -1 0
166 70 -1 0
327 33 -1 0
15 50 -1 0
229 79 -1 0
133 109 -1 0
221 63 -1 0
8 328 -1 0
326 124 -1 0
127 327 -1 0
140 363 -1 0
283 271 -1 0
85 356 -1 0
294 63 -1 0
127 382 -1 0
349 98 -1 0
398 52 -1 0
234 393 -1 0
145 234 -1 0
382 381 -1 0
146 131 -1 0
339 21 -1 0
394 321 -1 0
219 331 -1 0
266 350 -1 0
201 6 -1 0
295 75 -1 0
268 116 -1 0
246 257 -1 0
48 398 -1 0
141 170 -1 0
106 46 -1 0
83 184 -1 0
258 38 -1 0
332 213 -1 0
283 365 -1 0
219 296 -1 0
261 139 -1 0
319 255 -1 0
225 40 -1 0
314 283 -1 0
49 167 -1 0
75 377 -1 0
375 127 -1 0
86 10 -1 0
85 153 -1 0
291 86 -1 0
375 315 -1 0
140 92 -1 0
106 317 -1 0
333 309 -1 0
373 153 -1 0
294 213 -1 0
269 221 -1 0
64 81 -1 0
396 111 -1 0
341 349 -1 0
46 293 -1 0
147 297 -1 0
373 83 -1 0
273 342 -1 0
104 210 -1 0
334 96 -1 0
124 217 -1 0
299 298 -1 0
105 135 -1 0
50 19 -1 0
382 342 -1 0
90 372 -1 0
208 156 -1 0
11 149 -1 0
66 333 -1 0
245 11 -1 0
12 299 -1 0
58 342 -1 0
214 324 -1 0
371 130 -1 0
395 171 -1 0
302 20 -1 0
118 183 -1 0
281 396 -1 0
215 244 -1 0
282 228 -1 0
155 120 -1 0
231 284 -1 0
3 362 -1 0
308 82 -1 0
151 173 -1 0
77 9 -1 0
131 373 -1 0
333 328 -1 0
162 368 -1 0
200 264 -1 0
236 110 -1 0
363 244 -1 0
202 88 -1 0
261 126 -1 0
4 78 -1 0
205 306 -1 0
324 93 -1 0
118 113 -1 0
76 310 -1 0
54 349 -1 0
268 186 -1 0
162 385 -1 0
126 246 -1 0
372 143 -1 0
311 242 -1 0
60 313 -1 0
49 206 -1 0
323 106 -1 0
238 36 -1 0
61 346 -1 0
159 248 -1 0
26 155 -1 0
225 241 -1 0
110 35 -1 0
207 83 -1 0
376 387 -1 0
285 26 -1 0
74 183 -1 0
341 264 -1 0
373 256 -1 0
281 133 -1 0
156 132 -1 0
208 147 -1 0
17 387 -1 0
379 58 -1 0
41 362 -1 0
49 323 -1 0
156 288 -1 0
397 2 -1 0
78 378 -1 0
321 172 -1 0
0 316 -1 0
289 126 -1 0
361 70 -1 0
230 316 -1 0
291 209 -1 0
56 95 -1 0
364 271 -1 0
352 108 -1 0
374 293 -1 0
57 308 -1 0
318 92 -1 0
52 317 -1 0
150 360 -1 0
150 378 -1 0
356 312 -1 0
363 329 -1 0
242 148 -1 0
211 339 -1 0
55 398 -1 0
47 200 -1 0
68 200 -1 0
333 269 -1 0
387 198 -1 0
42 116 -1 0
259 89 -1 0
40 388 -1 0
130 44 -1 0
136 159 -1 0
110 108 -1 0
201 250 -1 0
320 298 -1 0
261 60 -1 0
228 325 -1 0
169 17 -1 0
34 297 -1 0
112 387 -1 0
377 211 -1 0
184 70 -1 0
285 346 -1 0
133 21 -1 0
307 166 -1 0
317 383 -1 0
373 290 -1 0
342 39 -1 0
395 369 -1 0
329 59 -1 0
270 310 -1 0
323 45 -1 0
105 48 -1 0
241 243 -1 0
333 302 -1 0
12 217 -1 0
308 249 -1 0
92 37 -1 0
18 115 -1 0
367 218 -1 0
108 343 -1 0
330 339 -1 0
5 19 -1 0
310 209 -1 0
261 85 -1 0
107 27 -1 0
48 336 -1 0
147 93 -1 0
43 337 -1 0
11 248 -1 0
38 362 -1 0
305 147 -1 0
145 79 -1 0
197 60 -1 0
200 311 -1 0
112 163 -1 0
181 257 -1 0
361 312 -1 0
373 60 -1 0
1 32 -1 0
85 13 -1 0
104 96 -1 0
83 150 -1 0
299 254 -1 0
205 335 -1 0
237 151 -1 0
219 84 -1 0
343 366 -1 0
233 393 -1 0
317 204 -1 0
30 372 -1 0
353 8 -1 0
326 50 -1 0
289 103 -1 0
342 95 -1 0
246 44 -1 0
64 103 -1 0
91 243 -1 0
44 100 -1 0
166 256 -1 0
3 319 -1 0
307 217 -1 0
193 358 -1 0
275 79 -1 0
204 316 -1 0
138 72 -1 0
369 108 -1 0
225 89 -1 0
24 178 -1 0
346 151 -1 0
306 69 -1 0
157 65 -1 0
192 75 -1 0
122 49 -1 0
120 180 -1 0
333 155 -1 0
321 36 -1 0
326 381 -1 0
369 300 -1 0
294 32 -1 0
243 291 -1 0
266 390 -1 0
216 92 -1 0
368 26 -1 0
183 364 -1 0
204 91 -1 0
327 151 -1 0
238 395 -1 0
5 155 -1 0
13 62 -1 0
368 386 -1 0
214 50 -1 0
318 276 -1 0
369 294 -1 0
270 258 -1 0
273 211 -1 0
130 341 -1 0
349 295 -1 0
130 186 -1 0
64 164 -1 0
140 154 -1 0
116 229 -1 0
236 73 -1 0
19 65 -1 0
33 71 -1 0
21 89 -1 0
345 139 -1 0
207 394 -1 0
63 298 -1 0
152 127 -1 0
314 148 -1 0
331 52 -1 0
208 33 -1 0
360 305 -1 0
334 321 -1 0
127 291 -1 0
319 207 -1 0
330 354 -1 0
121 78 -1 0
248 78 -1 0
219 14 -1 0
136 349 -1 0
70 391 -1 0
339 136 -1 0
384 231 -1 0
110 232 -1 0
248 1 -1 0
263 271 -1 0
88 80 -1 0
233 333 -1 0
140 331 -1 0
295 294 -1 0
175 142 -1 0
342 234 -1 0
213 307 -1 0
383 245 -1 0
9 309 -1 0
382 308 -1 0
108 95 -1 0
125 280 -1 0
14 163 -1 0
72 388 -1 0
389 161 -1 0
5 2 -1 0
251 99 -1 0
93 228 -1 0
42 380 -1 0
343 128 -1 0
1 104 -1 0
215 378 -1 0
234 88 -1 0
100 158 -1 0
247 323 -1 0
75 393 -1 0
49 272 -1 0
299 112 -1 0
295 52 -1 0
263 306 -1 0
336 360 -1 0
350 363 -1 0
273 99 -1 0
257 385 -1 0
281 322 -1 0
389 84 -1 0
30 66 -1 0
220 295 -1 0
110 72 -1 0
240 269 -1 0
204 273 -1 0
74 1 -1 0
22 331 -1 0
148 22 -1 0
290 151 -1 0
95 305 -1 0
175 374 -1 0
383 253 -1 0
329 21 -1 0
61 298 -1 0
204 73 -1 0
78 84 -1 0
380 63 -1 0
55 81 -1 0
237 111 -1 0
162 248 -1 0
111 226 -1 0
204 391 -1 0
321 129 -1 0
334 162 -1 0
208 370 -1 0
323 253 -1 0
115 245 -1 0
242 326 -1 0
389 100 -1 0
16 299 -1 0
115 151 -1 0
114 48 -1 0
161 118 -1 0
155 60 -1 0
49 352 -1 0
259 44 -1 0
291 345 -1 0
209 268 -1 0
262 391 -1 0
70 307 -1 0
117 336 -1 0
349 25 -1 0
257 315 -1 0
50 74 -1 0
329 84 -1 0
193 285 -1 0
372 40 -1 0
270 389 -1 0
32 332 -1 0
387 258 -1 0
74 224 -1 0
213 304 -1 0
385 230 -1 0
368 171 -1 0
184 153 -1 0
127 193 -1 0
328 194 -1 0
374 180 -1 0
135 185 -1 0
270 235 -1 0
381 5 -1 0
237 284 -1 0
229 30 -1 0
132 303 -1 0
348 176 -1 0
69 135 -1 0
41 315 -1 0
43 200 -1 0
99 359 -1 0
213 330 -1 0
63 352 -1 0
384 166 -1 0
31 248 -1 0
126 182 -1 0
101 393 -1 0
353 251 -1 0
261 343 -1 0
367 8 -1 0
77 259 -1 0
284 253 -1 0
329 196 -1 0
204 137 -1 0
136 367 -1 0
98 22 -1 0
191 304 -1 0
81 218 -1 0
369 88 -1 0
139 356 -1 0
57 139 -1 0
60 341 -1 0
63 114 -1 0
27 281 -1 0
386 165 -1 0
175 5 -1 0
128 49 -1 0
290 137 -1 0
319 102 -1 0
66 69 -1 0
106 118 -1 0
330 65 -1 0
89 300 -1 0
322 359 -1 0
316 90 -1 0
358 287 -1 0
297 147 -1 0
156 129 -1 0
122 396 -1 0
71 87 -1 0
184 66 -1 0
187 68 -1 0
389 135 -1 0
396 127 -1 0
292 90 -1 0
133 104 -1 0
67 326 -1 0
79 166 -1 0
135 170 -1 0
268 77 -1 0
44 324 -1 0
33 41 -1 0
332 298 -1 0
46 236 -1 0
293 311 -1 0
219 90 -1 0
321 187 -1 0
141 159 -1 0
142 26 -1 0
69 56 -1 0
261 282 -1 0
193 329 -1 0
159 223 -1 0
173 283 -1 0
388 47 -1 0
81 397 -1 0
86 116 -1 0
245 93 -1 0
24 103 -1 0
261 146 -1 0
227 55 -1 0
121 319 -1 0
76 186 -1 0
317 313 -1 0
329 134 -1 0
45 300 -1 0
13 66 -1 0
58 332 -1 0
346 283 -1 0
353 63 -1 0
246 303 -1 0
87 291 -1 0
286 349 -1 0
106 71 -1 0
138 213 -1 0
267 123 -1 0
328 109 -1 0
385 148 -1 0
206 74 -1 0
226 106 -1 0
85 58 -1 0
171 319 -1 0
136 377 -1 0
11 397 -1 0
296 41 -1 0
71 229 -1 0
305 102 -1 0
22 293 -1 0
89 354 -1 0
271 84 -1 0
260 298 -1 0
300 42 -1 0
98 253 -1 0
391 140 -1 0
347 74 -1 0
337 145 -1 0
179 49 -1 0
333 131 -1 0
354 297 -1 0
150 242 -1 0
99 81 -1 0
8 215 -1 0
107 176 -1 0
275 192 -1 0
257 294 -1 0
82 17 -1 0
44 201 -1 0
101 139 -1 0
54 323 -1 0
51 254 -1 0
111 160 -1 0
323 242 -1 0
342 139 -1 0
287 282 -1 0
51 379 -1 0
229 367 -1 0
104 270 -1 0
120 310 -1 0
299 266 -1 0
131 164 -1 0
39 131 -1 0
298 113 -1 0
356 254 -1 0
190 307 -1 0
320 339 -1 0
324 72 -1 0
195 257 -1 0
151 174 -1 0
190 161 -1 0
239 357 -1 0
292 311 -1 0
342 298 -1 0
144 261 -1 0
125 288 -1 0
397 326 -1 0
12 319 -1 0
300 22 -1 0
157 287 -1 0
363 184 -1 0
267 106 -1 0
47 355 -1 0
18 195 -1 0
99 181 -1 0
213 6 -1 0
18 387 -1 0
165 242 -1 0
68 19 -1 0
170 247 -1 0
160 257 -1 0
107 399 -1 0
391 85 -1 0
289 90 -1 0
226 240 -1 0
295 293 -1 0
81 25 -1 0
9 384 -1 0
30 159 -1 0
229 364 -1 0
53 186 -1 0
373 204 -1 0
320 190 -1 0
135 37 -1 0
61 392 -1 0
178 104 -1 0
63 165 -1 0
103 370 -1 0
278 202 -1 0
349 11 -1 0
279 208 -1 0
143 214 -1 0
370 196 -1 0
17 239 -1 0
191 40 -1 0
21 327 -1 0
351 70 -1 0
299 304 -1 0
102 370 -1 0
273 286 -1 0
281 63 -1 0
172 357 -1 0
100 289 -1 0
199 306 -1 0
101 86 -1 0
292 321 -1 0
127 164 -1 0
59 61 -1 0
302 270 -1 0
286 65 -1 0
137 263 -1 0
6 70 -1 0
399 120 -1 0
194 249 -1 0
386 68 -1 0
234 159 -1 0
43 219 -1 0
215 399 -1 0
286 307 -1 0
333 122 -1 0
290 142 -1 0
152 337 -1 0
286 373 -1 0
75 251 -1 0
320 165 -1 0
245 153 -1 0
96 85 -1 0
9 183 -1 0
69 34 -1 0
130 42 -1 0
104 131 -1 0
56 48 -1 0
371 374 -1 0
277 252 -1 0
389 342 -1 0
357 262 -1 0
10 250 -1 0
222 342 -1 0
0 319 -1 0
75 202 -1 0
67 76 -1 0
169 317 -1 0
52 253 -1 0
399 265 -1 0
278 217 -1 0
166 98 -1 0
91 361 -1 0
193 137 -1 0
189 231 -1 0
28 56 -1 0
251 73 -1 0
0 56 -1 0
358 23 -1 0
387 368 -1 0
385 57 -1 0
36 134 -1 0
214 18 -1 0
121 229 -1 0
77 89 -1 0
135 15 -1 0
277 385 -1 0
267 345 -1 0
87 370 -1 0
243 267 -1 0
321 206 -1 0
297 144 -1 0
214 82 -1 0
292 325 -1 0
65 385 -1 0
268 106 -1 0
270 77 -1 0
250 341 -1 0
179 59 -1 0
386 118 -1 0
110 13 -1 0
297 32 -1 0
394 247 -1 0
51 332 -1 0
73 368 -1 0
32 73 -1 0
307 169 -1 0
145 290 -1 0
108 311 -1 0
154 231 -1 0
90 29 -1 0
53 290 -1 0
350 33 -1 0
23 43 -1 0
308 147 -1 0
223 73 -1 0
193 136 -1 0
262 105 -1 0
330 145 -1 0
200 342 -1 0
377 174 -1 0
15 175 -1 0
27 189 -1 0
157 305 -1 0
392 282 -1 0
369 165 -1 0
302 383 -1 0
144 81 -1 0
100 356 -1 0
134 381 -1 0
315 220 -1 0
194 146 -1 0
323 221 -1 0
129 113 -1 0
132 317 -1 0
127 365 -1 0
367 47 -1 0
151 253 -1 0
22 373 -1 0
257 136 -1 0
338 334 -1 0
259 250 -1 0
136 385 -1 0
370 47 -1 0
109 330 -1 0
146 219 -1 0
61 284 -1 0
53 48 -1 0
143 344 -1 0
143 271 -1 0
238 35 -1 0
187 75 -1 0
5 381 -1 0
291 74 -1 0
398 107 -1 0
306 205 -1 0
197 71 -1 0
269 315 -1 0
115 117 -1 0
12 109 -1 0
274 382 -1 0
398 64 -1 0
332 23 -1 0
162 390 -1 0
84 169 -1 0
111 316 -1 0
393 149 -1 0
83 284 -1 0
73 231 -1 0
355 345 -1 0
278 362 -1 0
55 26 -1 0
290 216 -1 0
244 289 -1 0
325 58 -1 0
285 370 -1 0
44 332 -1 0
315 1 -1 0
235 22 -1 0
295 106 -1 0
148 44 -1 0
63 361 -1 0
67 333 -1 0
234 304 -1 0
131 370 -1 0
169 117 -1 0
14 17 -1 0
314 146 -1 0
368 357 -1 0
60 210 -1 0
382 113 -1 0
271 221 -1 0
185 283 -1 0
331 76 -1 0
102 15 -1 0
176 266 -1 0
392 378 -1 0
353 186 -1 0
56 392 -1 0
193 139 -1 0
260 216 -1 0
87 77 -1 0
223 13 -1 0
254 137 -1 0
395 162 -1 0
204 50 -1 0
45 162 -1 0
357 135 -1 0
185 256 -1 0
344 350 -1 0
17 346 -1 0
46 391 -1 0
21 263 -1 0
375 236 -1 0
197 30 -1 0
239 92 -1 0
384 384 -1 0
283 156 -1 0
190 322 -1 0
334 84 -1 0
387 152 -1 0
27 75 -1 0
296 374 -1 0
1 205 -1 0
226 36 -1 0
61 70 -1 0
395 129 -1 0
96 194 -1 0
76 71 -1 0
332 233 -1 0
296 52 -1 0
70 397 -1 0
383 80 -1 0
330 399 -1 0
109 210 -1 0
383 379 -1 0
367 177 -1 0
191 236 -1 0
58 15 -1 0
205 51 -1 0
260 250 -1 0
219 315 -1 0
126 142 -1 0
365 42 -1 0
160 269 -1 0
261 253 -1 0
289 61 -1 0
376 235 -1 0
256 277 -1 0
48 164 -1 0
383 178 -1 0
21 202 -1 0
138 209 -1 0
20 372 -1 0
22 9 -1 0
383 24 -1 0
99 347 -1 0
364 292 -1 0
310 114 -1 0
278 283 -1 0
178 107 -1 0
12 26 -1 0
170 333 -1 0
230 83 -1 0
79 317 -1 0
346 349 -1 0
293 44 -1 0
260 48 -1 0
315 157 -1 0
111 48 -1 0
316 139 -1 0
73 370 -1 0
235 160 -1 0
316 360 -1 0
143 246 -1 0
181 396 -1 0
11 388 -1 0
9 258 -1 0
73 230 -1 0
147 92 -1 0
326 188 -1 0
265 201 -1 0
143 323 -1 0
103 147 -1 0
81 38 -1 0
127 44 -1 0
199 141 -1 0
379 235 -1 0
303 348 -1 0
202 380 -1 0
197 241 -1 0
309 368 -1 0
358 70 -1 0
281 338 -1 0
107 340 -1 0
69 316 -1 0
24 381 -1 0
394 28 -1 0
304 381 -1 0
386 90 -1 0
291 217 -1 0
78 81 -1 0
352 196 -1 0
238 56 -1 0
311 309 -1 0
298 164 -1 0
275 60 -1 0
365 270 -1 0
67 102 -1 0
8 22 -1 0
195 230 -1 0
203 338 -1 0
397 140 -1 0
190 390 -1 0
19 349 -1 0
296 349 -1 0
397 124 -1 0
317 370 -1 0
97 314 -1 0
213 231 -1 0
27 2 -1 0
18 173 -1 0
47 180 -1 0
303 76 -1 0
336 196 -1 0
207 90 -1 0
6 339 -1 0
34 57 -1 0
375 297 -1 0
336 126 -1 0
11 10 -1 0
188 31 -1 0
243 229 -1 0
77 362 -1 0
48 274 -1 0
246 370 -1 0
227 14 -1 0
2 250 -1 0
298 1 -1 0
381 386 -1 0
314 235 -1 0
78 365 -1 0
69 366 -1 0
113 39 -1 0
146 148 -1 0
72 337 -1 0
142 374 -1 0
51 265 -1 0
350 19 -1 0
24 392 -1 0
324 269 -1 0
216 39 -1 0
306 242 -1 0
240 68 -1 0
225 367 -1 0
352 383 -1 0
197 329 -1 0
283 212 -1 0
127 97 -1 0
323 215 -1 0
225 302 -1 0
224 303 -1 0
261 229 -1 0
121 398 -1 0
44 81 -1 0
119 343 -1 0
42 147 -1 0
34 383 -1 0
128 290 -1 0
41 199 -1 0
314 62 -1 0
229 115 -1 0
109 397 -1 0
287 215 -1 0
57 143 -1 0
265 26 -1 0
287 130 -1 0
309 383 -1 0
105 121 -1 0
332 139 -1 0
46 226 -1 0
199 132 -1 0
4 266 -1 0
45 110 -1 0
49 178 -1 0
32 145 -1 0
270 231 -1 0
178 383 -1 0
278 172 -1 0
178 102 -1 0
201 124 -1 0
81 309 -1 0
15 148 -1 0
63 293 -1 0
260 369 -1 0
88 320 -1 0
153 367 -1 0
134 143 -1 0
141 256 -1 0
115 397 -1 0
146 163 -1 0
24 167 -1 0
217 154 -1 0
22 269 -1 0
255 135 -1 0
113 235 -1 0
318 239 -1 0
297 11 -1 0
193 344 -1 0
365 318 -1 0
24 39 -1 0
103 388 -1 0
27 73 -1 0
5 82 -1 0
172 121 -1 0
196 264 -1 0
171 48 -1 0
313 182 -1 0
32 238 -1 0
211 317 -1 0
138 150 -1 0
198 321 -1 0
399 143 -1 0
275 378 -1 0
53 384 -1 0
240 109 -1 0
128 195 -1 0
22 215 -1 0
45 198 -1 0
126 123 -1 0
31 387 -1 0
9 320 -1 0
171 64 -1 0
310 366 -1 0
345 321 -1 0
123 363 -1 0
49 235 -1 0
268 32 -1 0
302 375 -1 0
337 181 -1 0
212 122 -1 0
230 23 -1 0
313 151 -1 0
169 79 -1 0
284 16 -1 0
161 168 -1 0
377 393 -1 0
73 54 -1 0
312 212 -1 0
277 278 -1 0
18 327 -1 0
47 39 -1 0
103 302 -1 0
31 381 -1 0
150 339 -1 0
137 75 -1 0
56 46 -1 0
36 154 -1 0
124 251 -1 0
70 177 -1 0
251 43 -1 0
96 19 -1 0
252 40 -1 0
343 301 -1 0
307 37 -1 0
212 281 -1 0
256 368 -1 0
90 12 -1 0
8 353 -1 0
6 320 -1 0
282 77 -1 0
162 158 -1 0
358 247 -1 0
213 368 -1 0
75 100 -1 0
196 129 -1 0
83 135 -1 0
88 212 -1 0
364 20 -1 0
172 92 -1 0
198 136 -1 0
34 130 -1 0
90 121 -1 0
86 68 -1 0
172 342 -1 0
180 263 -1 0
385 50 -1 0
174 29 -1 0
258 66 -1 0
120 210 -1 0
382 159 -1 0
239 39 -1 0
128 78 -1 0
374 156 -1 0
208 37 -1 0
234 354 -1 0
4 81 -1 0
84 10 -1 0
24 274 -1 0
384 113 -1 0
389 73 -1 0
133 179 -1 0
236 238 -1 0
390 184 -1 0
170 81 -1 0
273 128 -1 0
204 22 -1 0
75 185 -1 0
384 370 -1 0
395 334 -1 0
13 186 -1 0
17 331 -1 0
325 182 -1 0
388 35 -1 0
336 353 -1 0
303 334 -1 0
31 65 -1 0
169 311 -1 0
207 261 -1 0
271 309 -1 0
184 355 -1 0
120 243 -1 0
135 80 -1 0
229 3 -1 0
161 0 -1 0
51 137 -1 0
3 25 -1 0
187 336 -1 0
10 273 -1 0
367 258 -1 0
171 230 -1 0
153 172 -1 0
51 119 -1 0
200 61 -1 0
322 210 -1 0
26 50 -1 0
183 102 -1 0
216 302 -1 0
345 145 -1 0
284 59 -1 0
109 229 -1 0
368 131 -1 0
324 329 -1 0
118 39 -1 0
323 303 -1 0
349 97 -1 0
188 158 -1 0
65 109 -1 0
194 98 -1 0
122 251 -1 0
292 191 -1 0
330 140 -1 0
255 244 -1 0
132 369 -1 0
288 18 -1 0
41 215 -1 0
24 10 -1 0
312 179 -1 0
360 285 -1 0
182 140 -1 0
232 330 -1 0
140 145 -1 0
359 224 -1 0
122 299 -1 0
142 231 -1 0
178 2 -1 0
29 295 -1 0
147 95 -1 0
176 109 -1 0
113 375 -1 0
122 265 -1 0
277 184 -1 0
236 83 -1 0
230 250 -1 0
321 72 -1 0
294 174 -1 0
155 347 -1 0
303 378 -1 0
116 386 -1 0
291 377 -1 0
96 348 -1 0
210 69 -1 0
305 148 -1 0
180 364 -1 0
314 171 -1 0
395 67 -1 0
148 264 -1 0
364 390 -1 0
380 51 -1 0
66 340 -1 0
368 391 -1 0
261 281 -1 0
355 150 -1 0
58 23 -1 0
236 328 -1 0
254 16 -1 0
157 66 -1 0
179 61 -1 0
301 66 -1 0
280 127 -1 0
223 32 -1 0
242 304 -1 0
10 45 -1 0
56 381 -1 0
197 301 -1 0
224 262 -1 0
363 78 -1 0
301 253 -1 0
0 83 -1 0
344 155 -1 0
127 139 -1 0
30 117 -1 0
19 180 -1 0
178 287 -1 0
19 301 -1 0
98 219 -1 0
139 201 -1 0
118 76 -1 0
334 301 -1 0
378 123 -1 0
199 97 -1 0
174 239 -1 0
136 296 -1 0
254 222 -1 0
158 149 -1 0
138 160 -1 0
51 35 -1 0
182 16 -1 0
72 327 -1 0
365 174 -1 0
128 219 -1 0
398 225 -1 0
270 328 -1 0
263 101 -1 0
379 342 -1 0
271 24 -1 0
249 55 -1 0
391 9 -1 0
252 63 -1 0
244 129 -1 0
277 328 -1 0
303 299 -1 0
391 263 -1 0
22 128 -1 0
78 13 -1 0
173 37 -1 0
133 310 -1 0
62 339 -1 0
351 165 -1 0
354 32 -1 0
78 0 -1 0
347 85 -1 0
1 20 -1 0
315 204 -1 0
230 25 -1 0
49 399 -1 0
388 216 -1 0
8 398 -1 0
62 58 -1 0
180 123 -1 0
160 36 -1 0
326 363 -1 0
371 349 -1 0
320 232 -1 0
206 54 -1 0
120 101 -1 0
91 355 -1 0
33 84 -1 0
281 194 -1 0
165 63 -1 0
207 320 -1 0
234 287 -1 0
243 300 -1 0
44 89 -1 0
326 121 -1 0
207 149 -1 0
341 157 -1 0
286 371 -1 0
21 328 -1 0
83 360 -1 0
72 332 -1 0
1 275 -1 0
107 315 -1 0
262 122 -1 0
347 133 -1 0
15 306 -1 0
252 271 -1 0
282 139 -1 0
192 19 -1 0
223 79 -1 0
382 160 -1 0
151 67 -1 0
99 178 -1 0
208 112 -1 0
244 120 -1 0
168 121 -1 0
393 386 -1 0
319 44 -1 0
283 292 -1 0
347 275 -1 0
28 36 -1 0
61 40 -1 0
56 208 -1 0
15 12 -1 0
250 395 -1 0
2 9 -1 0
333 392 -1 0
189 0 -1 0
99 264 -1 0
294 318 -1 0
374 276 -1 0
326 111 -1 0
351 199 -1 0
132 92 -1 0
296 225 -1 0
365 202 -1 0
193 160 -1 0
4 59 -1 0
332 66 -1 0
302 396 -1 0
168 332 -1 0
128 286 -1 0
153 42 -1 0
367 173 -1 0
141 268 -1 0
295 84 -1 0
104 352 -1 0
129 186 -1 0
225 102 -1 0
212 94 -1 0
241 316 -1 0
398 239 -1 0
119 52 -1 0
235 372 -1 0
157 26 -1 0
281 256 -1 0
262 388 -1 0
309 109 -1 0
199 370 -1 0
237 349 -1 0
314 251 -1 0
5 152 -1 0
98 160 -1 0
2 10 -1 0
141 58 -1 0
177 375 -1 0
398 72 -1 0
232 108 -1 0
171 395 -1 0
373 172 -1 0
338 147 -1 0
287 43 -1 0
342 43 -1 0
85 246 -1 0
173 310 -1 0
87 282 -1 0
173 52 -1 0
358 88 -1 0
7 335 -1 0
363 50 -1 0
91 319 -1 0
375 174 -1 0
330 398 -1 0
339 14 -1 0
338 2 -1 0
295 138 -1 0
228 63 -1 0
148 233 -1 0
60 343 -1 0
80 110 -1 0
112 326 -1 0
60 266 -1 0
386 82 -1 0
230 108 -1 0
168 155 -1 0
174 137 -1 0
25 239 -1 0
339 178 -1 0
294 97 -1 0
308 115 -1 0
273 109 -1 0
82 257 -1 0
154 261 -1 0
301 246 -1 0
29 91 -1 0
99 282 -1 0
397 175 -1 0
138 254 -1 0
395 188 -1 0
360 39 -1 0
20 306 -1 0
161 88 -1 0
336 306 -1 0
333 394 -1 0
154 299 -1 0
370 7 -1 0
324 387 -1 0
337 371 -1 0
270 336 -1 0
331 119 -1 0
88 367 -1 0
327 378 -1 0
391 362 -1 0
295 152 -1 0
13 397 -1 0
292 323 -1 0
274 126 -1 0
75 325 -1 0
257 256 -1 0
30 169 -1 0
13 194 -1 0
49 284 -1 0
123 222 -1 0
298 341 -1 0
72 122 -1 0
169 124 -1 0
302 340 -1 0
91 338 -1 0
334 371 -1 0
366 66 -1 0
302 169 -1 0
194 137 -1 0
374 399 -1 0
360 381 -1 0
313 348 -1 0
274 282 -1 0
284 151 -1 0
366 219 -1 0
323 8 -1 0
121 222 -1 0
345 276 -1 0
394 167 -1 0
228 151 -1 0
4 210 -1 0
46 387 -1 0
89 289 -1 0
218 121 -1 0
128 24 -1 0
56 254 -1 0
280 116 -1 0
300 96 -1 0
270 299 -1 0
120 248 -1 0
39 397 -1 0
136 378 -1 0
248 308 -1 0
378 282 -1 0
32 223 -1 0
90 221 -1 0
102 381 -1 0
325 76 -1 0
74 298 -1 0
81 362 -1 0
298 363 -1 0
340 272 -1 0
199 396 -1 0
215 107 -1 0
163 106 -1 0
236 52 -1 0
173 307 -1 0
146 104 -1 0
147 347 -1 0
27 49 -1 0
121 65 -1 0
101 270 -1 0
130 363 -1 0
228 93 -1 0
357 301 -1 0
155 343 -1 0
158 373 -1 0
42 312 -1 0
243 61 -1 0
14 75 -1 0
119 322 -1 0
349 123 -1 0
216 353 -1 0
199 7 -1 0
285 115 -1 0
161 268 -1 0
7 295 -1 0
241 265 -1 0
323 49 -1 0
59 270 -1 0
99 123 -1 0
318 34 -1 0
302 330 -1 0
291 47 -1 0
33 98 -1 0
370 167 -1 0
100 180 -1 0
338 154 -1 0
71 281 -1 0
355 129 -1 0
314 152 -1 0
168 262 -1 0
357 71 -1 0
32 159 -1 0
146 125 -1 0
31 361 -1 0
14 292 -1 0
275 204 -1 0
246 240 -1 0
180 396 -1 0
291 56 -1 0
36 230 -1 0
96 356 -1 0
384 152 -1 0
231 149 -1 0
55 297 -1 0
281 295 -1 0
399 138 -1 0
14 288 -1 0
183 376 -1 0
19 137 -1 0
309 114 -1 0
149 65 -1 0
144 267 -1 0
351 301 -1 0
66 216 -1 0
98 174 -1 0
110 393 -1 0
158 105 -1 0
151 301 -1 0
64 300 -1 0
239 355 -1 0
367 109 -1 0
306 172 -1 0
335 391 -1 0
110 15 -1 0
166 238 -1 0
389 337 -1 0
67 391 -1 0
102 274 -1 0
167 34 -1 0
103 67 -1 0
267 227 -1 0
23 130 -1 0
94 213 -1 0
191 377 -1 0
365 249 -1 0
396 184 -1 0
259 27 -1 0
207 244 -1 0
294 266 -1 0
156 267 -1 0
382 114 -1 0
315 178 -1 0
8 290 -1 0
213 292 -1 0
40 157 -1 0
52 121 -1 0
295 262 -1 0
322 366 -1 0
54 58 -1 0
53 149 -1 0
19 198 -1 0
363 256 -1 0
349 315 -1 0
326 57 -1 0
80 165 -1 0
389 48 -1 0
308 319 -1 0
63 177 -1 0
354 150 -1 0
222 23 -1 0
95 350 -1 0
248 106 -1 0
209 106 -1 0
395 393 -1 0
106 226 -1 0
350 0 -1 0
47 303 -1 0
195 259 -1 0
7 109 -1 0
18 167 -1 0
38 216 -1 0
237 367 -1 0
383 79 -1 0
183 80 -1 0
394 330 -1 0
78 318 -1 0
343 258 -1 0
382 301 -1 0
214 20 -1 0
127 253 -1 0
219 266 -1 0
208 318 -1 0
270 21 -1 0
394 129 -1 0
267 370 -1 0
8 19 -1 0
48 229 -1 0
241 129 -1 0
316 275 -1 0
180 366 -1 0
222 331 -1 0
15 58 -1 0
213 335 -1 0
372 182 -1 0
322 140 -1 0
194 298 -1 0
30 327 -1 0
243 327 -1 0
49 54 -1 0
107 392 -1 0
292 335 -1 0
35 71 -1 0
273 267 -1 0
280 216 -1 0
396 214 -1 0
17 152 -1 0
232 385 -1 0
373 180 -1 0
97 27 -1 0
331 247 -1 0
203 364 -1 0
34 122 -1 0
252 0 -1 0
22 365 -1 0
256 59 -1 0
66 45 -1 0
136 144 -1 0
164 11 -1 0
367 348 -1 0
55 96 -1 0
169 62 -1 0
349 78 -1 0
156 381 -1 0
62 227 -1 0
194 141 -1 0
46 62 -1 0
284 55 -1 0
358 378 -1 0
297 333 -1 0
52 190 -1 0
381 33 -1 0
216 378 -1 0
122 69 -1 0
288 47 -1 0
241 136 -1 0
13 50 -1 0
94 137 -1 0
257 165 -1 0
163 330 -1 0
391 218 -1 0
142 149 -1 0
281 215 -1 0
357 173 -1 0
369 194 -1 0
72 107 -1 0
129 209 -1 0
289 124 -1 0
63 312 -1 0
67 1 -1 0
71 354 -1 0
89 28 -1 0
377 373 -1 0
352 13 -1 0
97 61 -1 0
190 112 -1 0
390 92 -1 0
204 126 -1 0
139 94 -1 0
148 290 -1 0
58 216 -1 0
55 218 -1 0
352 128 -1 0
274 300 -1 0
46 349 -1 0
26 235 -1 0
116 340 -1 0
373 50 -1 0
282 286 -1 0
322 350 -1 0
63 93 -1 0
143 70 -1 0
8 173 -1 0
140 23 -1 0
37 157 -1 0
38 264 -1 0
72 68 -1 0
228 251 -1 0
189 338 -1 0
220 67 -1 0
196 100 -1 0
84 146 -1 0
55 38 -1 0
398 292 -1 0
137 357 -1 0
190 88 -1 0
333 45 -1 0
69 155 -1 0
242 374 -1 0
55 246 -1 0
226 78 -1 0
158 16 -1 0
136 310 -1 0
183 11 -1 0
263 305 -1 0
66 42 -1 0
322 153 -1 0
92 334 -1 0
17 141 -1 0
24 339 -1 0
187 112 -1 0
398 297 -1 0
87 296 -1 0
350 212 -1 0
356 238 -1 0
189 142 -1 0
241 340 -1 0
210 40 -1 0
363 60 -1 0
115 175 -1 0
89 96 -1 0
33 31 -1 0
323 62 -1 0
87 211 -1 0
358 221 -1 0
381 152 -1 0
107 251 -1 0
89 299 -1 0
119 338 -1 0
66 327 -1 0
339 36 -1 0
252 161 -1 0
286 226 -1 0
196 84 -1 0
276 115 -1 0
237 374 -1 0
143 52 -1 0
336 155 -1 0
116 27 -1 0
236 240 -1 0
24 379 -1 0
335 134 -1 0
89 390 -1 0
93 250 -1 0
26 391 -1 0
394 39 -1 0
223 359 -1 0
220 310 -1 0
35 350 -1 0
249 114 -1 0
226 307 -1 0
330 118 -1 0
8 112 -1 0
184 51 -1 0
373 95 -1 0
375 88 -1 0
26 42 -1 0
292 352 -1 0
330 197 -1 0
351 272 -1 0
365 264 -1 0
5 93 -1 0
207 381 -1 0
57 34 -1 0
29 190 -1 0
224 398 -1 0
67 17 -1 0
254 48 -1 0
241 98 -1 0
303 175 -1 0
397 182 -1 0
272 21 -1 0
372 211 -1 0
313 188 -1 0
242 70 -1 0
300 387 -1 0
324 76 -1 0
69 188 -1 0
282 105 -1 0
272 130 -1 0
321 351 -1 0
393 238 -1 0
133 303 -1 0
122 185 -1 0
240 37 -1 0
134 75 -1 0
237 92 -1 0
146 293 -1 0
358 379 -1 0
1 9 -1 0
16 129 -1 0
310 17 -1 0
57 277 -1 0
0 117 -1 0
364 61 -1 0
120 126 -1 0
335 49 -1 0
88 309 -1 0
325 149 -1 0
348 137 -1 0
343 398 -1 0
201 128 -1 0
316 74 -1 0
291 25 -1 0
295 182 -1 0
285 202 -1 0
207 372 -1 0
327 235 -1 0
279 245 -1 0
349 3 -1 0
216 155 -1 0
96 146 -1 0
321 237 -1 0
63 234 -1 0
142 248 -1 0
134 132 -1 0
131 121 -1 0
69 255 -1 0
13 150 -1 0
387 255 -1 0
150 354 -1 0
396 370 -1 0
163 290 -1 0
393 322 -1 0
156 143 -1 0
231 392 -1 0
94 389 -1 0
390 79 -1 0
319 8 -1 0
98 176 -1 0
262 299 -1 0
77 164 -1 0
286 77 -1 0
93 1 -1 0
388 37 -1 0
370 201 -1 0
156 320 -1 0
154 344 -1 0
20 346 -1 0
360 282 -1 0
262 360 -1 0
6 313 -1 0
311 39 -1 0
154 170 -1 0
258 233 -1 0
30 378 -1 0
261 314 -1 0
8 218 -1 0
380 294 -1 0
62 265 -1 0
391 298 -1 0
302 33 -1 0
133 209 -1 0
21 157 -1 0
58 144 -1 0
218 262 -1 0
381 350 -1 0
398 261 -1 0
346 295 -1 0
232 351 -1 0
370 183 -1 0
121 130 -1 0
271 80 -1 0
281 92 -1 0
393 363 -1 0
387 390 -1 0
242 343 -1 0
311 366 -1 0
355 75 -1 0
117 276 -1 0
345 67 -1 0
372 100 -1 0
250 382 -1 0
313 136 -1 0
324 56 -1 0
105 183 -1 0
214 276 -1 0
343 60 -1 0
94 150 -1 0
387 266 -1 0
120 355 -1 0
254 310 -1 0
312 35 -1 0
102 374 -1 0
67 155 -1 0
392 162 -1 0
55 211 -1 0
133 136 -1 0
282 319 -1 0
150 13 -1 0
297 4 -1 0
189 375 -1 0
72 208 -1 0
192 368 -1 0
192 159 -1 0
390 56 -1 0
0 391 -1 0
358 289 -1 0
168 305 -1 0
328 101 -1 0
234 232 -1 0
84 307 -1 0
3 293 -1 0
150 217 -1 0
278 274 -1 0
345 302 -1 0
281 150 -1 0
339 213 -1 0
81 227 -1 0
188 70 -1 0
110 249 -1 0
267 252 -1 0
199 96 -1 0
46 336 -1 0
151 349 -1 0
120 339 -1 0
394 87 -1 0
178 59 -1 0
223 243 -1 0
299 19 -1 0
363 6 -1 0
78 72 -1 0
29 335 -1 0
206 388 -1 0
161 269 -1 0
274 130 -1 0
56 112 -1 0
92 50 -1 0
55 243 -1 0
10 172 -1 0
88 19 -1 0
191 291 -1 0
376 103 -1 0
152 69 -1 0
202 253 -1 0
373 62 -1 0
88 219 -1 0
367 157 -1 0
360 351 -1 0
265 34 -1 0
137 358 -1 0
333 234 -1 0
115 48 -1 0
280 147 -1 0
153 239 -1 0
314 236 -1 0
321 394 -1 0
75 227 -1 0
123 6 -1 0
234 368 -1 0
209 1 -1 0
333 100 -1 0
128 394 -1 0
70 46 -1 0
137 204 -1 0
82 319 -1 0
324 65 -1 0
367 22 -1 0
270 280 -1 0
390 271 -1 0
276 54 -1 0
155 312 -1 0
383 47 -1 0
366 89 -1 0
364 242 -1 0
119 56 -1 0
252 355 -1 0
102 47 -1 0
278 120 -1 0
102 331 -1 0
2 298 -1 0
296 114 -1 0
163 286 -1 0
241 338 -1 0
366 292 -1 0
315 267 -1 0
392 62 -1 0
54 284 -1 0
97 7 -1 0
357 145 -1 0
346 131 -1 0
2 297 -1 0
142 11 -1 0
383 344 -1 0
291 29 -1 0
108 330 -1 0
357 120 -1 0
354 258 -1 0
233 157 -1 0
357 208 -1 0
139 82 -1 0
332 112 -1 0
232 245 -1 0
399 42 -1 0
52 321 -1 0
398 224 -1 0
77 121 -1 0
207 56 -1 0
178 326 -1 0
148 296 -1 0
246 137 -1 0
96 30 -1 0
292 391 -1 0
41 363 -1 0
249 246 -1 0
200 385 -1 0
374 175 -1 0
340 228 -1 0
271 366 -1 0
234 94 -1 0
315 96 -1 0
330 110 -1 0
235 342 -1 0
307 395 -1 0
66 311 -1 0
113 358 -1 0
381 61 -1 0
315 177 -1 0
247 252 -1 0
395 217 -1 0
319 341 -1 0
339 106 -1 0
322 1 -1 0
109 197 -1 0
123 340 -1 0
260 278 -1 0
247 241 -1 0
334 87 -1 0
253 233 -1 0
332 33 -1 0
398 91 -1 0
80 187 -1 0
12 253 -1 0
327 285 -1 0
47 42 -1 0
185 58 -1 0
364 11 -1 0
327 327 -1 0
280 71 -1 0
46 372 -1 0
210 3 -1 0
79 34 -1 0
306 366 -1 0
331 7 -1 0
248 52 -1 0
186 121 -1 0
15 18 -1 0
300 246 -1 0
114 57 -1 0
344 72 -1 0
346 287 -1 0
360 345 -1 0
95 179 -1 0
364 197 -1 0
197 18 -1 0
65 191 -1 0
80 371 -1 0
1 94 -1 0
376 125 -1 0
85 300 -1 0
366 86 -1 0
375 126 -1 0
44 277 -1 0
264 345 -1 0
326 189 -1 0
19 365 -1 0
135 92 -1 0
179 244 -1 0
323 122 -1 0
85 87 -1 0
58 99 -1 0
101 216 -1 0
110 337 -1 0
359 182 -1 0
77 314 -1 0
157 226 -1 0
286 164 -1 0
77 156 -1 0
341 126 -1 0
55 11 -1 0
10 195 -1 0
268 104 -1 0
51 205 -1 0
124 42 -1 0
187 0 -1 0
366 61 -1 0
207 345 -1 0
389 157 -1 0
273 42 -1 0
179 110 -1 0
253 0 -1 0
278 57 -1 0
270 158 -1 0
324 87 -1 0
45 150 -1 0
293 195 -1 0
21 115 -1 0
42 389 -1 0
340 78 -1 0
107 173 -1 0
345 282 -1 0
356 358 -1 0
22 23 -1 0
33 313 -1 0
183 146 -1 0
6 259 -1 0
203 42 -1 0
182 341 -1 0
164 19 -1 0
39 18 -1 0
25 119 -1 0
365 317 -1 0
125 209 -1 0
202 100 -1 0
123 176 -1 0
396 391 -1 0
385 24 -1 0
350 234 -1 0
294 93 -1 0
209 19 -1 0
259 15 -1 0
345 111 -1 0
95 39 -1 0
217 298 -1 0
222 382 -1 0
108 374 -1 0
261 13 -1 0
83 53 -1 0
159 165 -1 0
399 372 -1 0
312 207 -1 0
364 313 -1 0
355 380 -1 0
204 121 -1 0
270 265 -1 0
367 162 -1 0
327 38 -1 0
282 121 -1 0
43 231 -1 0
89 65 -1 0
220 70 -1 0
295 184 -1 0
398 316 -1 0
292 101 -1 0
321 360 -1 0
322 272 -1 0
124 327 -1 0
163 97 -1 0
383 273 -1 0
141 241 -1 0
370 395 -1 0
348 378 -1 0
374 187 -1 0
390 344 -1 0
6 168 -1 0
338 258 -1 0
235 315 -1 0
335 239 -1 0
279 318 -1 0
195 95 -1 0
351 230 -1 0
40 23 -1 0
372 107 -1 0
233 0 -1 0
34 350 -1 0
92 132 -1 0
92 59 -1 0
238 67 -1 0
355 122 -1 0
81 114 -1 0
391 91 -1 0
238 342 -1 0
34 114 -1 0
212 9 -1 0
375 265 -1 0
62 253 -1 0
20 242 -1 0
68 82 -1 0
326 299 -1 0
366 391 -1 0
129 216 -1 0
247 116 -1 0
147 363 -1 0
175 356 -1 0
395 123 -1 0
210 230 -1 0
238 89 -1 0
92 147 -1 0
313 358 -1 0
54 132 -1 0
177 108 -1 0
247 390 -1 0
382 221 -1 0
303 202 -1 0
208 303 -1 0
280 383 -1 0
205 382 -1 0
57 355 -1 0
89 160 -1 0
321 173 -1 0
337 130 -1 0
243 352 -1 0
312 258 -1 0
11 384 -1 0
284 175 -1 0
14 115 -1 0
293 6 -1 0
87 228 -1 0
394 76 -1 0
295 133 -1 0
240 25 -1 0
166 31 -1 0
108 139 -1 0
107 39 -1 0
87 51 -1 0
60 131 -1 0
93 199 -1 0
266 83 -1 0
331 365 -1 0
324 198 -1 0
227 149 -1 0
392 22 -1 0
328 243 -1 0
397 296 -1 0
42 284 -1 0
45 343 -1 0
84 397 -1 0
67 71 -1 0
30 236 -1 0
198 45 -1 0
63 52 -1 0
337 218 -1 0
206 155 -1 0
194 312 -1 0
392 112 -1 0
97 260 -1 0
272 397 -1 0
250 218 -1 0
300 324 -1 0
26 162 -1 0
208 290 -1 0
361 173 -1 0
143 130 -1 0
110 274 -1 0
133 32 -1 0
369 275 -1 0
208 71 -1 0
91 347 -1 0
375 354 -1 0
25 226 -1 0
312 104 -1 0
270 43 -1 0
136 151 -1 0
129 173 -1 0
1 242 -1 0
199 287 -1 0
392 113 -1 0
19 361 -1 0
118 342 -1 0
74 314 -1 0
280 132 -1 0
362 213 -1 0
36 342 -1 0
96 158 -1 0
247 90 -1 0
39 97 -1 0
7 273 -1 0
304 249 -1 0
177 358 -1 0
311 283 -1 0
17 153 -1 0
238 306 -1 0
115 11 -1 0
36 217 -1 0
78 275 -1 0
112 100 -1 0
387 208 -1 0
340 379 -1 0
286 1 -1 0
345 170 -1 0
66 344 -1 0
40 89 -1 0
34 254 -1 0
343 38 -1 0
176 89 -1 0
51 363 -1 0
269 18 -1 0
244 145 -1 0
139 322 -1 0
17 150 -1 0
369 298 -1 0
35 299 -1 0
395 346 -1 0
39 3 -1 0
2 312 -1 0
201 267 -1 0
380 288 -1 0
322 307 -1 0
192 274 -1 0
86 372 -1 0
271 41 -1 0
290 140 -1 0
229 18 -1 0
184 380 -1 0
59 142 -1 0
399 20 -1 0
40 14 -1 0
368 90 -1 0
268 330 -1 0
69 171 -1 0
249 369 -1 0
197 101 -1 0
340 322 -1 0
379 221 -1 0
286 228 -1 0
260 84 -1 0
141 32 -1 0
319 264 -1 0
267 319 -1 0
95 28 -1 0
397 156 -1 0
110 92 -1 0
380 389 -1 0
28 124 -1 0
13 182 -1 0
365 344 -1 0
347 392 -1 0
282 350 -1 0
283 195 -1 0
150 384 -1 0
183 313 -1 0
295 205 -1 0
248 15 -1 0
237 113 -1 0
101 47 -1 0
319 1 -1 0
72 132 -1 0
374 259 -1 0
14 303 -1 0
43 387 -1 0
339 296 -1 0
125 330 -1 0
383 109 -1 0
302 58 -1 0
218 392 -1 0
367 40 -1 0
367 386 -1 0
12 159 -1 0
190 266 -1 0
305 383 -1 0
306 227 -1 0
316 264 -1 0
36 169 -1 0
265 325 -1 0
145 296 -1 0
30 205 -1 0
213 43 -1 0
120 28 -1 0
257 347 -1 0
347 179 -1 0
118 315 -1 0
308 254 -1 0
175 384 -1 0
255 108 -1 0
364 291 -1 0
102 209 -1 0
239 361 -1 0
111 265 -1 0
184 307 -1 0
271 392 -1 0
391 188 -1 0
134 352 -1 0
255 253 -1 0
96 323 -1 0
225 391 -1 0
71 289 -1 0
305 258 -1 0
370 214 -1 0
78 285 -1 0
391 64 -1 0
36 106 -1 0
224 158 -1 0
316 2 -1 0
45 233 -1 0
123 245 -1 0
137 54 -1 0
143 117 -1 0
151 160 -1 0
73 173 -1 0
218 280 -1 0
345 370 -1 0
374 248 -1 0
189 9 -1 0
361 98 -1 0
48 73 -1 0
309 120 -1 0
127 129 -1 0
104 3 -1 0
297 67 -1 0
165 149 -1 0
271 257 -1 0
389 256 -1 0
10 367 -1 0
357 397 -1 0
43 152 -1 0
149 8 -1 0
26 40 -1 0
125 210 -1 0
252 398 -1 0
228 340 -1 0
319 200 -1 0
163 239 -1 0
397 129 -1 0
258 146 -1 0
183 341 -1 0
346 45 -1 0
8 241 -1 0
162 116 -1 0
36 364 -1 0
363 164 -1 0
392 203 -1 0
70 141 -1 0
55 342 -1 0
391 279 -1 0
125 310 -1 0
321 217 -1 0
357 191 -1 0
154 126 -1 0
110 339 -1 0
181 372 -1 0
77 129 -1 0
117 353 -1 0
308 221 -1 0
321 300 -1 0
377 139 -1 0
264 293 -1 0
72 22 -1 0
99 251 -1 0
62 308 -1 0
79 320 -1 0
309 272 -1 0
118 155 -1 0
295 264 -1 0
66 229 -1 0
131 260 -1 0
397 342 -1 0
389 338 -1 0
330 337 -1 0
9 93 -1 0
258 102 -1 0
45 32 -1 0
123 5 -1 0
335 197 -1 0
17 293 -1 0
327 240 -1 0
12 397 -1 0
22 196 -1 0
85 74 -1 0
201 111 -1 0
207 73 -1 0
360 88 -1 0
102 258 -1 0
18 17 -1 0
38 376 -1 0
104 363 -1 0
77 93 -1 0
31 69 -1 0
386 116 -1 0
211 57 -1 0
315 367 -1 0
304 184 -1 0
99 190 -1 0
95 166 -1 0
296 15 -1 0
133 305 -1 0
371 335 -1 0
226 30 -1 0
187 125 -1 0
359 149 -1 0
319 338 -1 0
120 173 -1 0
16 203 -1 0
27 54 -1 0
196 265 -1 0
33 395 -1 0
13 323 -1 0
133 337 -1 0
222 76 -1 0
60 229 -1 0
303 382 -1 0
258 394 -1 0
155 368 -1 0
115 336 -1 0
211 159 -1 0
142 63 -1 0
254 288 -1 0
213 62 -1 0
80 183 -1 0
321 214 -1 0
334 305 -1 0
335 79 -1 0
276 274 -1 0
38 4 -1 0
165 127 -1 0
273 261 -1 0
175 370 -1 0
47 148 -1 0
214 304 -1 0
132 286 -1 0
7 55 -1 0
223 279 -1 0
93 311 -1 0
305 118 -1 0
79 162 -1 0
326 311 -1 0
44 174 -1 0
51 397 -1 0
104 29 -1 0
395 382 -1 0
140 202 -1 0
253 399 -1 0
11 206 -1 0
283 45 -1 0
97 272 -1 0
167 246 -1 0
179 91 -1 0
269 58 -1 0
321 287 -1 0
75 142 -1 0
238 158 -1 0
40 344 -1 0
264 286 -1 0
354 332 -1 0
311 167 -1 0
243 5 -1 0
309 361 -1 0
249 300 -1 0
167 25 -1 0
361 119 -1 0
30 296 -1 0
33 66 -1 0
339 194 -1 0
254 127 -1 0
348 232 -1 0
77 107 -1 0
264 29 -1 0
90 21 -1 0
358 330 -1 0
231 338 -1 0
286 348 -1 0
211 27 -1 0
149 21 -1 0
103 44 -1 0
366 15 -1 0
116 198 -1 0
268 146 -1 0
333 336 -1 0
366 211 -1 0
52 120 -1 0
380 93 -1 0
204 322 -1 0
272 102 -1 0
118 212 -1 0
47 297 -1 0
287 203 -1 0
304 341 -1 0
329 368 -1 0
2 49 -1 0
235 355 -1 0
96 230 -1 0
159 298 -1 0
301 325 -1 0
140 208 -1 0
158 384 -1 0
319 137 -1 0
255 215 -1 0
46 256 -1 0
52 217 -1 0
116 165 -1 0
104 75 -1 0
127 226 -1 0
377 130 -1 0
321 317 -1 0
42 94 -1 0
330 120 -1 0
220 252 -1 0
90 266 -1 0
113 241 -1 0
206 264 -1 0
150 225 -1 0
69 285 -1 0
107 242 -1 0
48 233 -1 0
30 134 -1 0
271 235 -1 0
157 36 -1 0
82 86 -1 0
210 56 -1 0
140 187 -1 0
65 189 -1 0
355 159 -1 0
54 114 -1 0
312 13 -1 0
272 368 -1 0
63 121 -1 0
328 246 -1 0
301 241 -1 0
260 379 -1 0
67 83 -1 0
396 337 -1 0
89 156 -1 0
256 58 -1 0
153 157 -1 0
78 388 -1 0
187 259 -1 0
68 153 -1 0
174 250 -1 0
65 317 -1 0
339 163 -1 0
343 251 -1 0
182 116 -1 0
280 35 -1 0
111 106 -1 0
78 379 -1 0
100 51 -1 0
387 388 -1 0
226 45 -1 0
173 49 -1 0
282 187 -1 0
65 366 -1 0
171 154 -1 0
397 280 -1 0
74 206 -1 0
331 180 -1 0
294 56 -1 0
145 60 -1 0
181 376 -1 0
340 170 -1 0
35 265 -1 0
169 98 -1 0
164 284 -1 0
40 221 -1 0
349 237 -1 0
368 159 -1 0
75 115 -1 0
363 222 -1 0
220 378 -1 0
364 94 -1 0
191 55 -1 0
335 172 -1 0
296 235 -1 0
212 350 -1 0
83 260 -1 0
112 97 -1 0
265 316 -1 0
306 223 -1 0
35 179 -1 0
90 243 -1 0
231 391 -1 0
354 143 -1 0
65 70 -1 0
156 311 -1 0
25 35 -1 0
357 141 -1 0
74 66 -1 0
136 157 -1 0
81 288 -1 0
97 179 -1 0
378 354 -1 0
311 83 -1 0
76 16 -1 0
269 1 -1 0
222 252 -1 0
335 26 -1 0
334 20 -1 0
357 206 -1 0
296 250 -1 0
183 303 -1 0
278 391 -1 0
331 213 -1 0
141 288 -1 0
90 38 -1 0
209 103 -1 0
8 6 -1 0
323 73 -1 0
109 20 -1 0
326 297 -1 0
364 327 -1 0
139 59 -1 0
0 174 -1 0
148 342 -1 0
357 32 -1 0
330 257 -1 0
55 226 -1 0
348 301 -1 0
98 222 -1 0
91 204 -1 0
237 283 -1 0
307 47 -1 0
195 43 -1 0
63 77 -1 0
379 177 -1 0
141 15 -1 0
361 172 -1 0
149 337 -1 0
169 330 -1 0
357 283 -1 0
198 340 -1 0
76 312 -1 0
391 45 -1 0
293 371 -1 0
74 387 -1 0
93 323 -1 0
327 272 -1 0
354 21 -1 0
260 93 -1 0
307 341 -1 0
25 110 -1 0
92 91 -1 0
115 385 -1 0
179 323 -1 0
296 391 -1 0
264 248 -1 0
211 330 -1 0
302 19 -1 0
315 59 -1 0
30 2 -1 0
37 2 -1 0
332 13 -1 0
302 364 -1 0
371 267 -1 0
199 110 -1 0
88 365 -1 0
229 5 -1 0
323 75 -1 0
42 326 -1 0
11 314 -1 0
280 343 -1 0
281 54 -1 0
128 176 -1 0
45 92 -1 0
24 94 -1 0
36 11 -1 0
77 347 -1 0
18 360 -1 0
123 277 -1 0
237 34 -1 0
140 255 -1 0
243 265 -1 0
89 52 -1 0
225 271 -1 0
67 9 -1 0
43 399 -1 0
237 271 -1 0
283 40 -1 0
213 16 -1 0
27 337 -1 0
214 314 -1 0
242 108 -1 0
309 278 -1 0
103 353 -1 0
358 16 -1 0
136 398 -1 0
219 149 -1 0
122 42 -1 0
319 224 -1 0
326 315 -1 0
137 299 -1 0
115 368 -1 0
92 210 -1 0
203 115 -1 0
250 4 -1 0
344 170 -1 0
264 120 -1 0
88 179 -1 0
153 387 -1 0
399 112 -1 0
248 165 -1 0
286 332 -1 0
152 293 -1 0
15 177 -1 0
242 36 -1 0
282 4 -1 0
269 224 -1 0
171 279 -1 0
155 12 -1 0
399 241 -1 0
14 190 -1 0
259 46 -1 0
384 46 -1 0
273 260 -1 0
337 352 -1 0
144 342 -1 0
271 103 -1 0
133 45 -1 0
97 162 -1 0
354 380 -1 0
306 340 -1 0
227 291 -1 0
348 1 -1 0
181 394 -1 0
152 266 -1 0
5 144 -1 0
217 53 -1 0
327 190 -1 0
148 251 -1 0
206 315 -1 0
22 138 -1 0
61 375 -1 0
40 380 -1 0
143 228 -1 0
139 67 -1 0
63 296 -1 0
380 48 -1 0
275 146 -1 0
60 299 -1 0
306 168 -1 0
97 229 -1 0
68 375 -1 0
4 33 -1 0
222 56 -1 0
324 384 -1 0
127 60 -1 0
316 119 -1 0
134 120 -1 0
352 218 -1 0
151 139 -1 0
106 321 -1 0
214 103 -1 0
303 259 -1 0
304 308 -1 0
261 329 -1 0
301 360 -1 0
186 299 -1 0
276 127 -1 0
210 296 -1 0
331 273 -1 0
284 79 -1 0
115 313 -1 0
267 369 -1 0
87 160 -1 0
350 295 -1 0
289 268 -1 0
305 195 -1 0
228 33 -1 0
392 292 -1 0
328 44 -1 0
303 317 -1 0
331 45 -1 0
152 340 -1 0
149 373 -1 0
102 53 -1 0
174 246 -1 0
89 90 -1 0
360 197 -1 0
278 211 -1 0
345 322 -1 0
53 369 -1 0
139 309 -1 0
200 295 -1 0
37 214 -1 0
380 276 -1 0
137 183 -1 0
385 188 -1 0
22 236 -1 0
2 3 -1 0
77 233 -1 0
205 49 -1 0
228 65 -1 0
82 64 -1 0
322 252 -1 0
24 213 -1 0
154 36 -1 0
78 19 -1 0
329 242 -1 0
110 293 -1 0
1 97 -1 0
198 34 -1 0
40 379 -1 0
197 373 -1 0
132 321 -1 0
197 398 -1 0
221 316 -1 0
131 172 -1 0
88 244 -1 0
285 155 -1 0
220 323 -1 0
341 64 -1 0
18 384 -1 0
181 384 -1 0
243 52 -1 0
360 293 -1 0
109 375 -1 0
146 214 -1 0
140 32 -1 0
120 239 -1 0
316 294 -1 0
13 255 -1 0
164 36 -1 0
211 260 -1 0
67 252 -1 0
255 381 -1 0
232 50 -1 0
315 368 -1 0
199 346 -1 0
9 204 -1 0
388 282 -1 0
278 245 -1 0
201 77 -1 0
183 13 -1 0
132 298 -1 0
267 67 -1 0
136 110 -1 0
299 27 -1 0
115 259 -1 0
144 310 -1 0
81 219 -1 0
250 228 -1 0
383 324 -1 0
196 77 -1 0
332 266 -1 0
105 196 -1 0
352 341 -1 0
299 384 -1 0
269 220 -1 0
288 180 -1 0
299 125 -1 0
367 311 -1 0
345 191 -1 0
21 344 -1 0
343 367 -1 0
336 273 -1 0
125 380 -1 0
212 320 -1 0
278 113 -1 0
68 90 -1 0
222 279 -1 0
21 70 -1 0
131 145 -1 0
386 166 -1 0
171 125 -1 0
69 299 -1 0
130 140 -1 0
12 205 -1 0
303 140 -1 0
218 129 -1 0
30 89 -1 0
133 248 -1 0
269 159 -1 0
97 63 -1 0
47 190 -1 0
348 166 -1 0
213 53 -1 0
166 23 -1 0
25 102 -1 0
272 95 -1 0
360 261 -1 0
301 279 -1 0
201 147 -1 0
113 317 -1 0
375 181 -1 0
108 336 -1 0
167 345 -1 0
132 387 -1 0
388 209 -1 0
303 123 -1 0
388 220 -1 0
142 333 -1 0
216 51 -1 0
11 300 -1 0
134 315 -1 0
2 253 -1 0
18 263 -1 0
209 193 -1 1
180 202 -1 1
218 182 -1 1
234 192 -1 1
181 181 -1 1
194 197 -1 1
188 195 -1 1
224 195 -1 1
238 180 -1 1
226 179 -1 1
230 201 -1 1
181 187 -1 1
243 192 -1 1
196 184 -1 1
250 191 -1 1
197 198 -1 1
187 197 -1 1
169 194 -1 1
198 201 -1 1
210 184 -1 1
188 193 -1 1
173 194 -1 1
173 203 -1 1
237 179 -1 1
231 207 -1 1
169 188 -1 1
187 202 -1 1
204 210 -1 1
248 195 -1 1
247 193 -1 1
193 182 -1 1
217 195 -1 1
213 178 -1 1
202 188 -1 1
167 186 -1 1
204 214 -1 1
224 187 -1 1
180 203 -1 1
209 206 -1 1
188 187 -1 1
242 200 -1 1
211 200 -1 1
171 187 -1 1
164 187 -1 1
230 178 -1 1
212 193 -1 1
195 184 -1 1
190 198 -1 1
203 189 -1 1
214 183 -1 1
197 185 -1 1
229 197 -1 1
206 214 -1 1
196 188 -1 1
236 202 -1 1
199 209 -1 1
188 186 -1 1
173 205 -1 1
211 207 -1 1
168 199 -1 1
213 212 -1 1
231 184 -1 1
224 198 -1 1
237 182 -1 1
193 200 -1 1
220 202 -1 1
240 183 -1 1
181 185 -1 1
192 195 -1 1
206 184 -1 1
192 181 -1 1
206 209 -1 1
188 214 -1 1
202 180 -1 1
202 187 -1 1
177 183 -1 1
188 182 -1 1
189 210 -1 1
167 198 -1 1
207 194 -1 1
237 187 -1 1
213 202 -1 1
191 183 -1 1
163 188 -1 1
219 184 -1 1
209 183 -1 1
201 184 -1 1
164 194 -1 1
170 206 -1 1
236 180 -1 1
176 191 -1 1
241 183 -1 1
193 195 -1 1
205 201 -1 1
231 203 -1 1
239 193 -1 1
236 193 -1 1
202 202 -1 1
175 202 -1 1
177 204 -1 1
217 202 -1 1
238 192 -1 1
206 192 -1 1
237 199 -1 1
233 200 -1 1
186 180 -1 1
226 181 -1 1
226 191 -1 1
175 206 -1 1
192 189 -1 1
230 189 -1 1
198 199 -1 1
214 180 -1 1
222 177 -1 1
179 194 -1 1
202 183 -1 1
179 191 -1 1
220 191 -1 1
169 189 -1 1
164 200 -1 1
241 198 -1 1
219 179 -1 1
226 199 -1 1
191 202 -1 1
215 197 -1 1
168 200 -1 1
223 198 -1 1
227 178 -1 1
222 192 -1 1
206 187 -1 1
237 203 -1 1
185 206 -1 1
203 211 -1 1
160 194 -1 1
225 210 -1 1
230 180 -1 1
188 183 -1 1
214 176 -1 1
233 191 -1 1
234 184 -1 1
219 177 -1 1
242 181 -1 1
225 191 -1 1
201 189 -1 1
243 183 -1 1
176 188 -1 1
204 192 -1 1
217 211 -1 1
196 178 -1 1
220 210 -1 1
187 186 -1 1
226 202 -1 1
207 178 -1 1
202 198 -1 1
221 200 -1 1
201 198 -1 1
191 194 -1 1
211 191 -1 1
192 205 -1 1
231 198 -1 1
199 211 -1 1
217 200 -1 1
228 195 -1 1
226 196 -1 1
178 193 -1 1
198 192 -1 1
184 201 -1 1
195 189 -1 1
169 200 -1 1
226 192 -1 1
216 213 -1 1
182 191 -1 1
159 192 -1 1
184 188 -1 1
240 196 -1 1
212 177 -1 1
237 202 -1 1
237 196 -1 1
203 181 -1 1
218 200 -1 1
227 202 -1 1
188 192 -1 1
159 197 -1 1
180 193 -1 1
221 195 -1 1
197 191 -1 1
194 201 -1 1
201 181 -1 1
180 189 -1 1
233 194 -1 1
213 214 -1 1
244 192 -1 1
186 201 -1 1
219 206 -1 1
189 212 -1 1
159 199 -1 1
168 198 -1 1
165 192 -1 1
196 211 -1 1
190 210 -1 1
218 189 -1 1
225 194 -1 1
164 197 -1 1
177 181 -1 1
168 194 -1 1
164 204 -1 1
233 204 -1 1
220 188 -1 1
165 203 -1 1
206 182 -1 1
240 180 -1 1
178 188 -1 1
226 183 -1 1
192 199 -1 1
205 190 -1 1
222 180 -1 1
207 189 -1 1
208 202 -1 1
167 200 -1 1
241 200 -1 1
205 200 -1 1
192 204 -1 1
225 188 -1 1
179 197 -1 1
214 189 -1 1
176 190 -1 1
179 210 -1 1
192 190 -1 1
204 187 -1 1
216 185 -1 1
189 207 -1 1
218 203 -1 1
205 182 -1 1
215 214 -1 1
226 198 -1 1
222 202 -1 1
162 201 -1 1
184 184 -1 1
203 203 -1 1
163 194 -1 1
227 208 -1 1
173 184 -1 1
221 180 -1 1
166 204 -1 1
194 213 -1 1
213 188 -1 1
207 198 -1 1
242 198 -1 1
230 207 -1 1
209 195 -1 1
168 196 -1 1
185 208 -1 1
200 199 -1 1
185 194 -1 1
205 188 -1 1
183 206 -1 1
179 181 -1 1
190 195 -1 1
233 192 -1 1
234 203 -1 1
226 203 -1 1
199 192 -1 1
238 189 -1 1
205 199 -1 1
219 201 -1 1
189 198 -1 1
247 192 -1 1
216 203 -1 1
234 182 -1 1
164 186 -1 1
183 205 -1 1
249 186 -1 1
240 193 -1 1
242 190 -1 1
194 208 -1 1
195 197 -1 1
185 189 -1 1
225 181 -1 1
238 191 -1 1
220 203 -1 1
196 187 -1 1
187 213 -1 1
176 187 -1 1
218 210 -1 1
211 190 -1 1
214 192 -1 1
205 207 -1 1
167 205 -1 1
188 212 -1 1
161 190 -1 1
206 185 -1 1
171 204 -1 1
186 191 -1 1
208 201 -1 1
230 200 -1 1
192 211 -1 1
217 213 -1 1
199 197 -1 1
239 191 -1 1
227 199 -1 1
