4800 400 400
266 365 -1 0
10 125 -1 0
40 246 -1 0
71 64 -1 0
208 182 -1 0
242 377 -1 0
121 17 -1 0
29 154 -1 0
374 346 -1 0
169 213 -1 0
61 51 -1 0
349 92 -1 0
330 325 -1 0
150 135 -1 0
190 210 -1 0
328 179 -1 0
0 0 -1 0
61 395 -1 0
89 123 -1 0
330 206 -1 0
67 317 -1 0
240 4 -1 0
100 130 -1 0
41 155 -1 0
74 53 -1 0
279 307 -1 0
322 64 -1 0
399 234 -1 0
54 355 -1 0
107 373 -1 0
38 13 -1 0
47 6 -1 0
42 213 -1 0
377 273 -1 0
171 208 -1 0
364 254 -1 0
184 246 -1 0
334 247 -1 0
173 217 -1 0
390 251 -1 0
365 94 -1 0
163 325 -1 0
129 369 -1 0
264 352 -1 0
156 18 -1 0
291 356 -1 0
7 375 -1 0
22 56 -1 0
335 178 -1 0
281 392 -1 0
74 111 -1 0
36 250 -1 0
24 304 -1 0
135 150 -1 0
261 317 -1 0
306 226 -1 0
84 165 -1 0
237 60 -1 0
227 141 -1 0
348 79 -1 0
393 386 -1 0
126 221 -1 0
92 357 -1 0
67 84 -1 0
314 7 -1 0
58 54 -1 0
106 146 -1 0
106 328 -1 0
236 123 -1 0
165 86 -1 0
126 278 -1 0
369 35 -1 0
362 395 -1 0
140 44 -1 0
181 341 -1 0
196 173 -1 0
35 271 -1 0
159 189 -1 0
235 344 -1 0
42 392 -1 0
195 307 -1 0
131 215 -1 0
341 20 -1 0
235 365 -1 0
129 262 -1 0
326 366 -1 0
7 240 -1 0
320 19 -1 0
183 331 -1 0
169 104 -1 0
248 283 -1 0
213 325 -1 0
130 202 -1 0
240 370 -1 0
218 304 -1 0
109 271 -1 0
235 250 -1 0
232 12 -1 0
192 73 -1 0
317 202 -1 0
246 269 -1 0
381 321 -1 0
375 294 -1 0
254 78 -1 0
86 256 -1 0
68 399 -1 0
340 385 -1 0
218 211 -1 0
231 258 -1 0
239 393 -1 0
299 391 -1 0
217 360 -1 0
222 376 -1 0
368 18 -1 0
197 71 -1 0
352 166 -1 0
205 69 -1 0
341 373 -1 0
150 352 -1 0
278 243 -1 0
253 360 -1 0
64 41 -1 0
254 230 -1 0
311 315 -1 0
119 315 -1 0
226 304 -1 0
117 328 -1 0
94 158 -1 0
146 335 -1 0
251 320 -1 0
309 13 -1 0
380 134 -1 0
357 83 -1 0
112 39 -1 0
219 368 -1 0
93 87 -1 0
312 383 -1 0
110 205 -1 0
152 157 -1 0
140 368 -1 0
370 358 -1 0
89 153 -1 0
265 59 -1 0
282 71 -1 0
145 393 -1 0
50 53 -1 0
167 308 -1 0
286 18 -1 0
219 130 -1 0
146 396 -1 0
20 99 -1 0
286 210 -1 0
162 151 -1 0
138 286 -1 0
125 13 -1 0
261 338 -1 0
279 328 -1 0
166 183 -1 0
308 287 -1 0
32 135 -1 0
90 113 -1 0
133 237 -1 0
238 374 -1 0
46 238 -1 0
203 156 -1 0
21 325 -1 0
317 390 -1 0
138 290 -1 0
228 5 -1 0
154 82 -1 0
277 67 -1 0
275 237 -1 0
184 165 -1 0
236 33 -1 0
37 131 -1 0
375 269 -1 0
313 223 -1 0
0 342 -1 0
177 380 -1 0
237 213 -1 0
131 331 -1 0
255 102 -1 0
346 38 -1 0
240 37 -1 0
243 306 -1 0
353 242 -1 0
136 9 -1 0
144 217 -1 0
166 369 -1 0
314 249 -1 0
143 314 -1 0
113 311 -1 0
127 108 -1 0
12 256 -1 0
129 70 -1 0
107 285 -1 0
223 248 -1 0
361 261 -1 0
198 138 -1 0
39 235 -1 0
358 298 -1 0
111 234 -1 0
279 333 -1 0
331 167 -1 0
309 196 -1 0
95 18 -1 0
236 21 -1 0
18 230 -1 0
44 329 -1 0
211 196 -1 0
217 134 -1 0
44 218 -1 0
190 274 -1 0
90 75 -1 0
151 2 -1 0
244 59 -1 0
356 202 -1 0
171 388 -1 0
336 156 -1 0
262 298 -1 0
89 267 -1 0
39 180 -1 0
0 171 -1 0
221 264 -1 0
328 70 -1 0
0 236 -1 0
2 22 -1 0
130 373 -1 0
322 70 -1 0
320 276 -1 0
90 360 -1 0
212 126 -1 0
269 394 -1 0
205 235 -1 0
183 344 -1 0
258 284 -1 0
61 349 -1 0
193 325 -1 0
391 21 -1 0
60 299 -1 0
389 97 -1 0
168 252 -1 0
39 332 -1 0
323 274 -1 0
265 20 -1 0
203 25 -1 0
167 39 -1 0
160 287 -1 0
353 362 -1 0
121 352 -1 0
382 56 -1 0
14 36 -1 0
40 329 -1 0
56 302 -1 0
348 296 -1 0
240 73 -1 0
208 399 -1 0
16 46 -1 0
115 301 -1 0
220 395 -1 0
365 333 -1 0
19 25 -1 0
371 50 -1 0
317 213 -1 0
302 380 -1 0
1 88 -1 0
187 161 -1 0
355 39 -1 0
136 140 -1 0
294 198 -1 0
26 359 -1 0
179 217 -1 0
87 73 -1 0
268 398 -1 0
124 203 -1 0
396 379 -1 0
187 355 -1 0
67 271 -1 0
75 218 -1 0
58 364 -1 0
100 216 -1 0
175 130 -1 0
42 342 -1 0
47 114 -1 0
38 295 -1 0
129 224 -1 0
196 213 -1 0
19 92 -1 0
272 75 -1 0
100 317 -1 0
215 161 -1 0
208 349 -1 0
240 191 -1 0
265 297 -1 0
344 274 -1 0
97 312 -1 0
135 82 -1 0
170 239 -1 0
61 245 -1 0
44 224 -1 0
67 162 -1 0
34 46 -1 0
14 205 -1 0
187 70 -1 0
224 164 -1 0
52 96 -1 0
314 378 -1 0
105 386 -1 0
120 73 -1 0
390 238 -1 0
148 118 -1 0
26 4 -1 0
133 226 -1 0
50 146 -1 0
256 331 -1 0
328 298 -1 0
217 137 -1 0
340 237 -1 0
206 333 -1 0
290 26 -1 0
266 39 -1 0
342 295 -1 0
189 133 -1 0
276 16 -1 0
92 101 -1 0
319 384 -1 0
373 65 -1 0
56 301 -1 0
81 113 -1 0
229 17 -1 0
89 42 -1 0
82 3 -1 0
359 229 -1 0
6 56 -1 0
26 180 -1 0
141 88 -1 0
156 36 -1 0
372 332 -1 0
147 377 -1 0
289 275 -1 0
303 185 -1 0
306 49 -1 0
109 231 -1 0
242 241 -1 0
341 78 -1 0
15 342 -1 0
218 317 -1 0
310 55 -1 0
55 15 -1 0
77 149 -1 0
144 339 -1 0
187 93 -1 0
200 302 -1 0
64 118 -1 0
252 276 -1 0
54 129 -1 0
335 176 -1 0
233 189 -1 0
80 99 -1 0
246 211 -1 0
89 141 -1 0
24 150 -1 0
325 22 -1 0
140 173 -1 0
190 325 -1 0
203 98 -1 0
228 301 -1 0
222 272 -1 0
159 359 -1 0
47 265 -1 0
293 41 -1 0
156 347 -1 0
222 36 -1 0
136 195 -1 0
380 110 -1 0
101 19 -1 0
92 369 -1 0
282 326 -1 0
204 230 -1 0
343 55 -1 0
295 166 -1 0
258 385 -1 0
206 348 -1 0
365 203 -1 0
170 10 -1 0
216 199 -1 0
209 395 -1 0
254 313 -1 0
119 108 -1 0
92 176 -1 0
148 303 -1 0
256 221 -1 0
256 192 -1 0
133 87 -1 0
45 393 -1 0
109 335 -1 0
252 398 -1 0
378 20 -1 0
74 348 -1 0
336 8 -1 0
385 115 -1 0
37 33 -1 0
16 28 -1 0
222 328 -1 0
371 280 -1 0
344 394 -1 0
91 386 -1 0
283 24 -1 0
230 0 -1 0
387 286 -1 0
386 2 -1 0
255 109 -1 0
228 370 -1 0
205 288 -1 0
7 210 -1 0
319 389 -1 0
84 277 -1 0
154 63 -1 0
54 128 -1 0
292 25 -1 0
326 260 -1 0
371 228 -1 0
163 224 -1 0
205 151 -1 0
182 327 -1 0
309 340 -1 0
140 78 -1 0
140 274 -1 0
271 35 -1 0
29 177 -1 0
227 291 -1 0
232 51 -1 0
21 119 -1 0
141 325 -1 0
366 121 -1 0
115 155 -1 0
302 57 -1 0
270 233 -1 0
147 327 -1 0
397 202 -1 0
60 174 -1 0
60 231 -1 0
223 49 -1 0
298 73 -1 0
211 45 -1 0
313 77 -1 0
189 131 -1 0
267 384 -1 0
92 165 -1 0
138 98 -1 0
54 112 -1 0
353 29 -1 0
109 295 -1 0
257 167 -1 0
356 9 -1 0
373 24 -1 0
151 372 -1 0
53 12 -1 0
130 331 -1 0
334 359 -1 0
299 246 -1 0
153 202 -1 0
232 324 -1 0
31 302 -1 0
268 37 -1 0
391 64 -1 0
169 395 -1 0
184 109 -1 0
21 55 -1 0
184 142 -1 0
156 301 -1 0
110 67 -1 0
49 1 -1 0
127 159 -1 0
396 162 -1 0
126 29 -1 0
149 325 -1 0
34 388 -1 0
255 247 -1 0
7 352 -1 0
136 253 -1 0
136 240 -1 0
32 112 -1 0
63 178 -1 0
81 226 -1 0
352 211 -1 0
192 310 -1 0
46 128 -1 0
160 34 -1 0
8 180 -1 0
177 342 -1 0
243 198 -1 0
164 89 -1 0
98 193 -1 0
214 78 -1 0
128 299 -1 0
66 122 -1 0
382 370 -1 0
232 385 -1 0
108 289 -1 0
180 373 -1 0
323 1 -1 0
164 352 -1 0
31 16 -1 0
119 247 -1 0
362 288 -1 0
47 27 -1 0
287 14 -1 0
44 276 -1 0
66 115 -1 0
194 243 -1 0
291 394 -1 0
375 79 -1 0
396 244 -1 0
55 236 -1 0
145 281 -1 0
172 61 -1 0
257 379 -1 0
111 72 -1 0
373 111 -1 0
376 103 -1 0
163 74 -1 0
4 31 -1 0
97 302 -1 0
220 282 -1 0
145 348 -1 0
367 201 -1 0
341 34 -1 0
94 275 -1 0
45 76 -1 0
112 120 -1 0
300 279 -1 0
15 280 -1 0
223 135 -1 0
288 351 -1 0
24 70 -1 0
258 7 -1 0
58 174 -1 0
211 199 -1 0
55 259 -1 0
73 297 -1 0
34 338 -1 0
5 58 -1 0
222 80 -1 0
284 281 -1 0
320 224 -1 0
356 36 -1 0
227 13 -1 0
284 16 -1 0
139 341 -1 0
31 213 -1 0
177 331 -1 0
287 237 -1 0
284 298 -1 0
347 183 -1 0
307 245 -1 0
318 362 -1 0
368 251 -1 0
183 240 -1 0
193 341 -1 0
136 328 -1 0
50 287 -1 0
66 30 -1 0
301 206 -1 0
42 11 -1 0
238 297 -1 0
2 280 -1 0
60 47 -1 0
93 11 -1 0
1 227 -1 0
373 182 -1 0
226 34 -1 0
9 7 -1 0
159 188 -1 0
340 315 -1 0
95 385 -1 0
121 218 -1 0
319 277 -1 0
244 386 -1 0
199 177 -1 0
206 282 -1 0
350 21 -1 0
150 142 -1 0
134 313 -1 0
147 357 -1 0
242 356 -1 0
318 45 -1 0
45 212 -1 0
127 115 -1 0
252 377 -1 0
265 99 -1 0
215 236 -1 0
256 110 -1 0
198 156 -1 0
108 6 -1 0
92 305 -1 0
129 389 -1 0
228 216 -1 0
308 275 -1 0
72 139 -1 0
65 91 -1 0
82 161 -1 0
397 130 -1 0
100 251 -1 0
108 119 -1 0
54 98 -1 0
69 277 -1 0
290 391 -1 0
42 70 -1 0
61 160 -1 0
115 265 -1 0
44 95 -1 0
50 220 -1 0
172 151 -1 0
143 192 -1 0
237 22 -1 0
25 329 -1 0
66 114 -1 0
324 191 -1 0
326 217 -1 0
251 341 -1 0
95 151 -1 0
185 367 -1 0
395 125 -1 0
245 334 -1 0
344 50 -1 0
226 199 -1 0
82 344 -1 0
171 167 -1 0
238 296 -1 0
341 348 -1 0
255 371 -1 0
183 315 -1 0
16 35 -1 0
302 183 -1 0
370 261 -1 0
377 236 -1 0
376 135 -1 0
88 38 -1 0
115 261 -1 0
168 43 -1 0
177 14 -1 0
373 237 -1 0
12 25 -1 0
359 245 -1 0
203 280 -1 0
264 195 -1 0
247 94 -1 0
321 337 -1 0
197 352 -1 0
13 223 -1 0
335 70 -1 0
193 119 -1 0
301 172 -1 0
204 292 -1 0
113 186 -1 0
61 272 -1 0
139 144 -1 0
51 129 -1 0
63 123 -1 0
216 138 -1 0
332 370 -1 0
290 261 -1 0
71 364 -1 0
204 235 -1 0
201 42 -1 0
196 352 -1 0
286 32 -1 0
382 360 -1 0
192 361 -1 0
3 305 -1 0
183 197 -1 0
83 96 -1 0
365 342 -1 0
31 123 -1 0
155 187 -1 0
182 302 -1 0
143 390 -1 0
251 286 -1 0
332 38 -1 0
162 283 -1 0
107 58 -1 0
91 193 -1 0
265 182 -1 0
274 200 -1 0
139 285 -1 0
7 133 -1 0
289 236 -1 0
387 44 -1 0
192 127 -1 0
242 97 -1 0
136 69 -1 0
359 96 -1 0
93 351 -1 0
379 97 -1 0
7 367 -1 0
205 166 -1 0
100 44 -1 0
367 156 -1 0
325 264 -1 0
12 26 -1 0
310 96 -1 0
101 113 -1 0
253 208 -1 0
145 207 -1 0
72 25 -1 0
226 4 -1 0
348 321 -1 0
143 67 -1 0
226 240 -1 0
99 391 -1 0
377 21 -1 0
186 97 -1 0
203 286 -1 0
11 159 -1 0
359 227 -1 0
157 143 -1 0
381 42 -1 0
78 368 -1 0
118 364 -1 0
365 61 -1 0
370 98 -1 0
62 124 -1 0
192 235 -1 0
155 117 -1 0
310 322 -1 0
222 84 -1 0
156 63 -1 0
343 225 -1 0
387 213 -1 0
78 363 -1 0
399 52 -1 0
366 61 -1 0
86 330 -1 0
119 233 -1 0
201 378 -1 0
369 202 -1 0
121 310 -1 0
331 2 -1 0
130 379 -1 0
129 267 -1 0
31 96 -1 0
228 377 -1 0
372 324 -1 0
358 197 -1 0
329 171 -1 0
90 223 -1 0
265 228 -1 0
220 244 -1 0
372 142 -1 0
255 303 -1 0
248 56 -1 0
129 398 -1 0
52 205 -1 0
189 154 -1 0
132 96 -1 0
38 192 -1 0
181 173 -1 0
152 19 -1 0
30 205 -1 0
324 293 -1 0
38 130 -1 0
0 300 -1 0
211 176 -1 0
243 359 -1 0
10 351 -1 0
341 338 -1 0
395 101 -1 0
21 69 -1 0
275 345 -1 0
3 18 -1 0
85 176 -1 0
361 334 -1 0
220 394 -1 0
376 379 -1 0
248 99 -1 0
83 190 -1 0
336 184 -1 0
226 263 -1 0
335 15 -1 0
164 335 -1 0
59 172 -1 0
327 382 -1 0
171 104 -1 0
69 298 -1 0
207 36 -1 0
114 395 -1 0
126 337 -1 0
348 398 -1 0
154 242 -1 0
68 317 -1 0
190 394 -1 0
172 293 -1 0
396 304 -1 0
61 267 -1 0
301 12 -1 0
312 49 -1 0
191 262 -1 0
344 104 -1 0
320 34 -1 0
217 13 -1 0
387 304 -1 0
342 183 -1 0
248 388 -1 0
219 363 -1 0
80 35 -1 0
207 201 -1 0
146 364 -1 0
159 25 -1 0
55 120 -1 0
336 302 -1 0
214 318 -1 0
64 284 -1 0
317 303 -1 0
185 45 -1 0
284 179 -1 0
150 63 -1 0
320 351 -1 0
139 196 -1 0
274 332 -1 0
128 291 -1 0
6 303 -1 0
151 25 -1 0
179 306 -1 0
175 12 -1 0
95 123 -1 0
371 365 -1 0
40 216 -1 0
301 315 -1 0
320 205 -1 0
304 16 -1 0
245 398 -1 0
174 142 -1 0
202 399 -1 0
146 241 -1 0
7 300 -1 0
343 111 -1 0
173 75 -1 0
131 84 -1 0
162 9 -1 0
63 243 -1 0
196 33 -1 0
223 129 -1 0
82 130 -1 0
165 137 -1 0
46 136 -1 0
193 383 -1 0
40 160 -1 0
288 173 -1 0
363 156 -1 0
79 358 -1 0
6 72 -1 0
76 103 -1 0
50 106 -1 0
63 143 -1 0
98 12 -1 0
156 325 -1 0
220 103 -1 0
107 134 -1 0
273 89 -1 0
45 301 -1 0
162 40 -1 0
117 370 -1 0
306 14 -1 0
15 97 -1 0
176 99 -1 0
207 243 -1 0
367 363 -1 0
167 27 -1 0
109 5 -1 0
226 140 -1 0
201 246 -1 0
154 185 -1 0
166 66 -1 0
210 309 -1 0
278 216 -1 0
305 325 -1 0
176 211 -1 0
288 41 -1 0
319 60 -1 0
66 396 -1 0
156 137 -1 0
21 200 -1 0
109 388 -1 0
163 273 -1 0
14 284 -1 0
355 172 -1 0
333 282 -1 0
155 56 -1 0
29 244 -1 0
142 398 -1 0
169 367 -1 0
28 356 -1 0
362 318 -1 0
118 114 -1 0
327 48 -1 0
365 138 -1 0
229 296 -1 0
376 270 -1 0
16 89 -1 0
112 373 -1 0
110 46 -1 0
108 224 -1 0
121 202 -1 0
168 228 -1 0
221 14 -1 0
157 294 -1 0
50 138 -1 0
356 177 -1 0
287 353 -1 0
266 15 -1 0
337 79 -1 0
34 100 -1 0
79 231 -1 0
320 20 -1 0
2 336 -1 0
291 37 -1 0
11 148 -1 0
201 261 -1 0
333 191 -1 0
197 189 -1 0
112 285 -1 0
236 117 -1 0
140 141 -1 0
35 167 -1 0
358 144 -1 0
310 206 -1 0
29 99 -1 0
392 153 -1 0
277 394 -1 0
380 206 -1 0
285 67 -1 0
117 190 -1 0
236 271 -1 0
200 394 -1 0
304 74 -1 0
364 227 -1 0
128 163 -1 0
70 168 -1 0
241 11 -1 0
242 74 -1 0
233 116 -1 0
237 281 -1 0
259 69 -1 0
277 84 -1 0
139 382 -1 0
80 358 -1 0
339 215 -1 0
24 131 -1 0
163 162 -1 0
333 339 -1 0
59 337 -1 0
31 172 -1 0
98 106 -1 0
58 48 -1 0
22 185 -1 0
1 61 -1 0
270 338 -1 0
326 288 -1 0
34 206 -1 0
264 346 -1 0
42 97 -1 0
171 381 -1 0
151 380 -1 0
121 386 -1 0
119 205 -1 0
175 290 -1 0
24 365 -1 0
52 3 -1 0
353 175 -1 0
101 222 -1 0
352 33 -1 0
52 17 -1 0
369 205 -1 0
108 312 -1 0
49 100 -1 0
288 385 -1 0
321 370 -1 0
334 288 -1 0
128 19 -1 0
204 77 -1 0
363 48 -1 0
382 6 -1 0
13 195 -1 0
238 111 -1 0
5 383 -1 0
210 56 -1 0
350 196 -1 0
70 1 -1 0
98 128 -1 0
31 209 -1 0
178 332 -1 0
178 38 -1 0
275 186 -1 0
32 29 -1 0
25 6 -1 0
5 71 -1 0
251 386 -1 0
130 34 -1 0
372 134 -1 0
72 314 -1 0
330 54 -1 0
382 217 -1 0
399 221 -1 0
103 376 -1 0
349 183 -1 0
354 150 -1 0
328 15 -1 0
20 293 -1 0
70 384 -1 0
385 384 -1 0
324 364 -1 0
274 101 -1 0
364 253 -1 0
34 205 -1 0
362 311 -1 0
90 305 -1 0
88 396 -1 0
154 355 -1 0
22 303 -1 0
179 92 -1 0
138 242 -1 0
319 383 -1 0
128 8 -1 0
217 128 -1 0
316 369 -1 0
111 329 -1 0
64 310 -1 0
122 36 -1 0
190 37 -1 0
170 293 -1 0
24 175 -1 0
350 336 -1 0
139 139 -1 0
156 396 -1 0
55 210 -1 0
334 391 -1 0
63 8 -1 0
65 54 -1 0
175 239 -1 0
287 76 -1 0
347 215 -1 0
53 334 -1 0
215 156 -1 0
76 2 -1 0
187 320 -1 0
181 303 -1 0
176 164 -1 0
91 128 -1 0
104 188 -1 0
198 134 -1 0
380 92 -1 0
263 186 -1 0
59 5 -1 0
43 172 -1 0
246 40 -1 0
233 301 -1 0
30 261 -1 0
386 130 -1 0
191 154 -1 0
80 119 -1 0
108 247 -1 0
325 273 -1 0
390 11 -1 0
302 176 -1 0
151 106 -1 0
190 101 -1 0
280 212 -1 0
47 220 -1 0
111 397 -1 0
223 275 -1 0
201 182 -1 0
196 78 -1 0
101 52 -1 0
243 187 -1 0
227 109 -1 0
144 220 -1 0
283 17 -1 0
242 49 -1 0
257 274 -1 0
374 69 -1 0
31 57 -1 0
144 102 -1 0
379 52 -1 0
385 107 -1 0
213 200 -1 0
152 275 -1 0
205 348 -1 0
372 143 -1 0
131 43 -1 0
365 70 -1 0
371 260 -1 0
77 94 -1 0
361 373 -1 0
29 317 -1 0
206 184 -1 0
76 13 -1 0
279 332 -1 0
35 125 -1 0
27 212 -1 0
12 291 -1 0
326 333 -1 0
220 9 -1 0
103 134 -1 0
343 208 -1 0
16 109 -1 0
175 52 -1 0
182 299 -1 0
289 299 -1 0
137 195 -1 0
341 172 -1 0
255 26 -1 0
103 121 -1 0
365 136 -1 0
124 338 -1 0
287 269 -1 0
196 268 -1 0
22 33 -1 0
88 186 -1 0
124 56 -1 0
164 220 -1 0
324 386 -1 0
176 258 -1 0
294 276 -1 0
213 35 -1 0
344 96 -1 0
162 46 -1 0
59 364 -1 0
69 196 -1 0
389 248 -1 0
78 238 -1 0
165 90 -1 0
118 311 -1 0
54 336 -1 0
287 74 -1 0
9 157 -1 0
80 263 -1 0
30 339 -1 0
289 371 -1 0
198 80 -1 0
246 36 -1 0
72 292 -1 0
196 212 -1 0
52 370 -1 0
177 239 -1 0
207 399 -1 0
389 289 -1 0
48 82 -1 0
129 156 -1 0
151 65 -1 0
162 380 -1 0
99 152 -1 0
290 8 -1 0
328 291 -1 0
313 48 -1 0
86 380 -1 0
266 364 -1 0
137 122 -1 0
149 221 -1 0
126 208 -1 0
379 287 -1 0
137 194 -1 0
224 213 -1 0
69 335 -1 0
241 68 -1 0
237 290 -1 0
213 280 -1 0
23 28 -1 0
308 282 -1 0
134 294 -1 0
199 265 -1 0
178 57 -1 0
126 205 -1 0
211 231 -1 0
135 256 -1 0
282 173 -1 0
221 197 -1 0
232 247 -1 0
234 368 -1 0
97 247 -1 0
241 22 -1 0
205 335 -1 0
381 24 -1 0
94 29 -1 0
363 312 -1 0
198 223 -1 0
244 71 -1 0
305 380 -1 0
9 87 -1 0
209 356 -1 0
158 73 -1 0
232 380 -1 0
82 285 -1 0
31 303 -1 0
97 344 -1 0
203 4 -1 0
61 208 -1 0
304 373 -1 0
220 211 -1 0
270 363 -1 0
45 118 -1 0
272 6 -1 0
354 216 -1 0
164 365 -1 0
128 245 -1 0
132 75 -1 0
298 180 -1 0
386 363 -1 0
369 229 -1 0
32 326 -1 0
106 52 -1 0
40 66 -1 0
52 31 -1 0
201 172 -1 0
104 397 -1 0
332 187 -1 0
334 232 -1 0
264 83 -1 0
79 341 -1 0
368 15 -1 0
280 66 -1 0
396 91 -1 0
252 277 -1 0
164 243 -1 0
375 249 -1 0
149 195 -1 0
78 341 -1 0
186 38 -1 0
61 17 -1 0
378 283 -1 0
369 82 -1 0
370 320 -1 0
392 212 -1 0
102 308 -1 0
389 253 -1 0
19 246 -1 0
313 92 -1 0
250 258 -1 0
39 221 -1 0
391 181 -1 0
118 129 -1 0
359 6 -1 0
76 147 -1 0
343 283 -1 0
8 198 -1 0
189 143 -1 0
90 39 -1 0
80 17 -1 0
98 292 -1 0
394 83 -1 0
292 294 -1 0
171 147 -1 0
164 306 -1 0
94 196 -1 0
122 362 -1 0
159 116 -1 0
17 227 -1 0
215 202 -1 0
282 343 -1 0
145 374 -1 0
324 376 -1 0
391 241 -1 0
214 73 -1 0
365 288 -1 0
304 52 -1 0
260 264 -1 0
102 395 -1 0
361 75 -1 0
204 353 -1 0
63 56 -1 0
314 272 -1 0
121 223 -1 0
191 135 -1 0
386 355 -1 0
385 239 -1 0
341 66 -1 0
324 222 -1 0
49 4 -1 0
91 47 -1 0
366 351 -1 0
95 252 -1 0
47 318 -1 0
311 186 -1 0
350 26 -1 0
135 159 -1 0
161 183 -1 0
103 270 -1 0
37 184 -1 0
272 85 -1 0
277 244 -1 0
357 211 -1 0
69 58 -1 0
165 38 -1 0
151 335 -1 0
129 8 -1 0
52 8 -1 0
21 319 -1 0
162 235 -1 0
87 363 -1 0
226 20 -1 0
312 3 -1 0
125 24 -1 0
366 274 -1 0
181 104 -1 0
199 351 -1 0
71 263 -1 0
356 95 -1 0
107 66 -1 0
374 41 -1 0
222 124 -1 0
30 383 -1 0
368 7 -1 0
85 66 -1 0
16 225 -1 0
119 386 -1 0
373 301 -1 0
98 39 -1 0
127 85 -1 0
36 21 -1 0
290 184 -1 0
233 386 -1 0
34 336 -1 0
390 216 -1 0
263 70 -1 0
267 178 -1 0
119 396 -1 0
64 215 -1 0
87 132 -1 0
168 176 -1 0
354 133 -1 0
34 320 -1 0
63 298 -1 0
289 271 -1 0
210 170 -1 0
45 172 -1 0
14 256 -1 0
82 233 -1 0
368 206 -1 0
122 65 -1 0
249 227 -1 0
70 30 -1 0
229 222 -1 0
53 256 -1 0
42 127 -1 0
54 14 -1 0
231 393 -1 0
138 377 -1 0
256 316 -1 0
209 235 -1 0
384 356 -1 0
364 361 -1 0
211 386 -1 0
307 185 -1 0
299 386 -1 0
200 90 -1 0
136 182 -1 0
70 369 -1 0
29 118 -1 0
85 84 -1 0
217 329 -1 0
348 267 -1 0
232 215 -1 0
337 157 -1 0
140 76 -1 0
0 128 -1 0
18 367 -1 0
57 168 -1 0
289 339 -1 0
380 287 -1 0
389 256 -1 0
226 137 -1 0
372 214 -1 0
383 40 -1 0
217 388 -1 0
121 3 -1 0
305 389 -1 0
340 298 -1 0
316 235 -1 0
41 396 -1 0
57 99 -1 0
67 273 -1 0
2 94 -1 0
157 142 -1 0
42 110 -1 0
162 289 -1 0
354 83 -1 0
369 319 -1 0
312 391 -1 0
385 147 -1 0
373 335 -1 0
385 201 -1 0
300 396 -1 0
235 58 -1 0
3 205 -1 0
175 371 -1 0
379 356 -1 0
319 93 -1 0
166 86 -1 0
131 57 -1 0
82 302 -1 0
134 111 -1 0
28 172 -1 0
179 120 -1 0
390 257 -1 0
158 165 -1 0
14 130 -1 0
56 73 -1 0
157 252 -1 0
34 168 -1 0
281 62 -1 0
335 379 -1 0
81 370 -1 0
219 39 -1 0
321 57 -1 0
50 383 -1 0
71 231 -1 0
294 80 -1 0
18 12 -1 0
178 283 -1 0
174 292 -1 0
193 219 -1 0
338 305 -1 0
111 151 -1 0
187 179 -1 0
295 259 -1 0
85 0 -1 0
238 237 -1 0
266 35 -1 0
389 53 -1 0
111 81 -1 0
97 177 -1 0
311 67 -1 0
126 238 -1 0
184 186 -1 0
359 209 -1 0
70 378 -1 0
158 380 -1 0
46 193 -1 0
196 226 -1 0
222 202 -1 0
190 134 -1 0
3 363 -1 0
191 210 -1 0
38 198 -1 0
73 268 -1 0
349 210 -1 0
90 171 -1 0
370 26 -1 0
388 44 -1 0
3 294 -1 0
353 391 -1 0
90 243 -1 0
94 258 -1 0
298 215 -1 0
6 377 -1 0
376 201 -1 0
31 366 -1 0
160 365 -1 0
1 288 -1 0
352 249 -1 0
389 30 -1 0
285 204 -1 0
78 220 -1 0
293 194 -1 0
306 377 -1 0
249 302 -1 0
367 13 -1 0
75 222 -1 0
191 191 -1 0
246 328 -1 0
198 334 -1 0
342 88 -1 0
235 306 -1 0
29 296 -1 0
263 329 -1 0
318 393 -1 0
134 132 -1 0
138 83 -1 0
92 397 -1 0
200 32 -1 0
297 180 -1 0
378 170 -1 0
114 19 -1 0
46 185 -1 0
93 299 -1 0
305 27 -1 0
20 246 -1 0
196 273 -1 0
150 227 -1 0
222 270 -1 0
24 249 -1 0
241 277 -1 0
223 130 -1 0
254 50 -1 0
110 364 -1 0
148 251 -1 0
59 58 -1 0
168 246 -1 0
217 184 -1 0
298 250 -1 0
42 109 -1 0
166 225 -1 0
19 137 -1 0
201 111 -1 0
154 93 -1 0
350 230 -1 0
339 386 -1 0
53 114 -1 0
325 41 -1 0
283 358 -1 0
198 261 -1 0
359 275 -1 0
96 187 -1 0
85 81 -1 0
323 299 -1 0
154 120 -1 0
171 77 -1 0
179 304 -1 0
54 348 -1 0
59 29 -1 0
44 348 -1 0
287 338 -1 0
308 259 -1 0
339 274 -1 0
362 374 -1 0
81 132 -1 0
397 275 -1 0
142 333 -1 0
318 392 -1 0
121 393 -1 0
322 300 -1 0
226 57 -1 0
332 175 -1 0
119 98 -1 0
251 310 -1 0
124 316 -1 0
151 175 -1 0
254 63 -1 0
232 25 -1 0
393 192 -1 0
377 62 -1 0
218 140 -1 0
331 281 -1 0
156 185 -1 0
31 173 -1 0
359 284 -1 0
266 369 -1 0
168 213 -1 0
249 182 -1 0
20 257 -1 0
144 120 -1 0
178 348 -1 0
51 171 -1 0
89 254 -1 0
387 13 -1 0
17 308 -1 0
354 31 -1 0
91 235 -1 0
90 293 -1 0
346 327 -1 0
244 215 -1 0
282 49 -1 0
116 11 -1 0
309 27 -1 0
355 32 -1 0
339 388 -1 0
392 22 -1 0
296 26 -1 0
209 158 -1 0
18 45 -1 0
113 70 -1 0
302 33 -1 0
378 49 -1 0
170 79 -1 0
80 112 -1 0
174 63 -1 0
56 328 -1 0
111 133 -1 0
373 397 -1 0
162 363 -1 0
373 271 -1 0
112 356 -1 0
247 63 -1 0
135 382 -1 0
147 99 -1 0
359 52 -1 0
234 393 -1 0
263 234 -1 0
390 381 -1 0
195 142 -1 0
322 21 -1 0
47 322 -1 0
265 331 -1 0
297 350 -1 0
196 6 -1 0
239 75 -1 0
9 122 -1 0
346 257 -1 0
374 22 -1 0
102 186 -1 0
72 46 -1 0
95 196 -1 0
229 38 -1 0
106 399 -1 0
303 365 -1 0
291 296 -1 0
74 154 -1 0
21 256 -1 0
195 40 -1 0
96 398 -1 0
261 183 -1 0
86 377 -1 0
353 137 -1 0
79 10 -1 0
222 170 -1 0
226 86 -1 0
32 316 -1 0
113 92 -1 0
162 317 -1 0
395 309 -1 0
109 171 -1 0
382 216 -1 0
38 223 -1 0
4 81 -1 0
222 115 -1 0
373 349 -1 0
120 293 -1 0
218 297 -1 0
310 83 -1 0
310 342 -1 0
209 214 -1 0
32 97 -1 0
322 219 -1 0
369 298 -1 0
50 148 -1 0
36 19 -1 0
19 343 -1 0
126 398 -1 0
342 173 -1 0
71 166 -1 0
110 333 -1 0
236 11 -1 0
82 299 -1 0
96 342 -1 0
265 324 -1 0
21 142 -1 0
163 187 -1 0
286 20 -1 0
250 195 -1 0
240 203 -1 0
326 244 -1 0
36 229 -1 0
46 127 -1 0
311 284 -1 0
26 362 -1 0
246 82 -1 0
217 188 -1 0
70 9 -1 0
146 373 -1 0
380 328 -1 0
180 368 -1 0
296 264 -1 0
366 113 -1 0
73 245 -1 0
136 88 -1 0
1 136 -1 0
346 77 -1 0
270 306 -1 0
314 93 -1 0
140 117 -1 0
138 310 -1 0
87 349 -1 0
317 197 -1 0
168 385 -1 0
235 246 -1 0
1 160 -1 0
23 243 -1 0
119 313 -1 0
202 211 -1 0
19 109 -1 0
211 36 -1 0
96 346 -1 0
267 248 -1 0
162 172 -1 0
338 241 -1 0
83 35 -1 0
145 83 -1 0
380 387 -1 0
265 26 -1 0
206 195 -1 0
37 265 -1 0
74 257 -1 0
395 145 -1 0
39 144 -1 0
162 164 -1 0
21 387 -1 0
336 58 -1 0
64 362 -1 0
101 323 -1 0
234 288 -1 0
395 2 -1 0
89 378 -1 0
388 187 -1 0
57 316 -1 0
28 136 -1 0
308 70 -1 0
287 316 -1 0
396 213 -1 0
86 95 -1 0
54 272 -1 0
211 111 -1 0
48 294 -1 0
121 308 -1 0
290 92 -1 0
108 317 -1 0
174 360 -1 0
161 378 -1 0
16 313 -1 0
10 330 -1 0
303 165 -1 0
251 339 -1 0
147 236 -1 0
108 207 -1 0
129 207 -1 0
25 270 -1 0
170 206 -1 0
77 121 -1 0
194 89 -1 0
44 388 -1 0
97 44 -1 0
268 176 -1 0
370 110 -1 0
307 250 -1 0
391 298 -1 0
215 60 -1 0
278 325 -1 0
156 17 -1 0
105 297 -1 0
116 387 -1 0
269 215 -1 0
131 70 -1 0
320 346 -1 0
118 21 -1 0
119 183 -1 0
324 383 -1 0
49 291 -1 0
312 39 -1 0
12 370 -1 0
285 59 -1 0
332 310 -1 0
289 45 -1 0
69 48 -1 0
352 243 -1 0
0 303 -1 0
211 219 -1 0
15 250 -1 0
64 37 -1 0
244 119 -1 0
383 220 -1 0
145 343 -1 0
370 339 -1 0
391 18 -1 0
15 214 -1 0
197 85 -1 0
87 27 -1 0
90 336 -1 0
137 93 -1 0
85 337 -1 0
119 248 -1 0
61 362 -1 0
318 164 -1 0
86 79 -1 0
152 60 -1 0
261 311 -1 0
168 180 -1 0
282 257 -1 0
21 313 -1 0
327 60 -1 0
377 31 -1 0
75 13 -1 0
164 96 -1 0
180 167 -1 0
2 255 -1 0
248 335 -1 0
374 168 -1 0
156 84 -1 0
363 366 -1 0
237 168 -1 0
186 210 -1 0
46 372 -1 0
347 8 -1 0
288 50 -1 0
80 105 -1 0
2 96 -1 0
213 44 -1 0
182 104 -1 0
203 243 -1 0
362 100 -1 0
267 256 -1 0
58 319 -1 0
14 220 -1 0
219 358 -1 0
216 79 -1 0
261 316 -1 0
84 72 -1 0
228 111 -1 0
160 89 -1 0
344 191 -1 0
83 169 -1 0
254 69 -1 0
108 65 -1 0
136 75 -1 0
86 49 -1 0
208 193 -1 0
68 173 -1 0
294 36 -1 0
335 381 -1 0
38 301 -1 0
269 32 -1 0
319 291 -1 0
268 390 -1 0
189 92 -1 0
348 26 -1 0
205 364 -1 0
162 91 -1 0
64 169 -1 0
321 262 -1 0
141 172 -1 0
367 61 -1 0
373 386 -1 0
177 50 -1 0
5 277 -1 0
43 295 -1 0
370 258 -1 0
165 215 -1 0
168 341 -1 0
53 398 -1 0
360 395 -1 0
69 181 -1 0
276 171 -1 0
270 229 -1 0
181 73 -1 0
371 64 -1 0
380 70 -1 0
357 88 -1 0
158 154 -1 0
207 394 -1 0
134 298 -1 0
11 137 -1 0
374 165 -1 0
292 52 -1 0
183 33 -1 0
25 306 -1 0
387 321 -1 0
203 291 -1 0
246 212 -1 0
359 354 -1 0
63 78 -1 0
189 78 -1 0
208 14 -1 0
168 349 -1 0
164 396 -1 0
110 150 -1 0
104 232 -1 0
230 232 -1 0
247 1 -1 0
353 271 -1 0
28 80 -1 0
277 333 -1 0
186 331 -1 0
369 294 -1 0
8 158 -1 0
60 235 -1 0
277 307 -1 0
93 246 -1 0
71 309 -1 0
45 309 -1 0
138 95 -1 0
209 280 -1 0
70 180 -1 0
76 388 -1 0
86 179 -1 0
3 2 -1 0
108 100 -1 0
288 228 -1 0
51 380 -1 0
40 139 -1 0
192 105 -1 0
226 378 -1 0
168 88 -1 0
234 175 -1 0
299 323 -1 0
75 393 -1 0
139 272 -1 0
222 116 -1 0
256 52 -1 0
328 306 -1 0
360 360 -1 0
372 363 -1 0
130 100 -1 0
263 385 -1 0
334 322 -1 0
326 84 -1 0
381 65 -1 0
293 295 -1 0
56 72 -1 0
332 269 -1 0
293 273 -1 0
73 1 -1 0
68 331 -1 0
131 22 -1 0
27 169 -1 0
161 305 -1 0
189 374 -1 0
87 254 -1 0
312 21 -1 0
132 298 -1 0
149 73 -1 0
16 84 -1 0
332 63 -1 0
395 80 -1 0
63 115 -1 0
270 248 -1 0
9 227 -1 0
206 391 -1 0
137 140 -1 0
390 179 -1 0
225 370 -1 0
27 254 -1 0
225 245 -1 0
292 326 -1 0
370 101 -1 0
86 299 -1 0
238 168 -1 0
78 48 -1 0
118 124 -1 0
110 60 -1 0
80 352 -1 0
226 44 -1 0
327 345 -1 0
302 268 -1 0
263 391 -1 0
134 307 -1 0
159 336 -1 0
330 25 -1 0
314 315 -1 0
395 73 -1 0
266 84 -1 0
273 285 -1 0
341 40 -1 0
273 389 -1 0
78 332 -1 0
87 259 -1 0
97 225 -1 0
279 304 -1 0
106 231 -1 0
137 187 -1 0
321 170 -1 0
241 202 -1 0
200 203 -1 0
245 396 -1 0
27 197 -1 0
387 235 -1 0
377 5 -1 0
318 284 -1 0
206 30 -1 0
199 303 -1 0
382 190 -1 0
14 148 -1 0
100 315 -1 0
104 207 -1 0
124 359 -1 0
260 330 -1 0
94 352 -1 0
197 183 -1 0
139 248 -1 0
378 194 -1 0
101 393 -1 0
58 252 -1 0
298 343 -1 0
360 8 -1 0
177 259 -1 0
388 253 -1 0
356 204 -1 0
88 151 -1 0
156 367 -1 0
81 22 -1 0
257 304 -1 0
187 220 -1 0
303 88 -1 0
166 356 -1 0
161 153 -1 0
99 341 -1 0
186 118 -1 0
110 281 -1 0
269 182 -1 0
171 5 -1 0
92 49 -1 0
174 151 -1 0
38 104 -1 0
15 69 -1 0
63 124 -1 0
282 65 -1 0
158 300 -1 0
347 359 -1 0
260 90 -1 0
37 288 -1 0
311 164 -1 0
372 139 -1 0
188 193 -1 0
7 87 -1 0
134 66 -1 0
136 68 -1 0
47 149 -1 0
374 137 -1 0
236 90 -1 0
398 105 -1 0
117 326 -1 0
362 182 -1 0
97 186 -1 0
210 77 -1 0
95 324 -1 0
3 41 -1 0
3 299 -1 0
164 236 -1 0
354 311 -1 0
163 90 -1 0
248 198 -1 0
274 176 -1 0
123 26 -1 0
28 56 -1 0
344 282 -1 0
241 329 -1 0
252 224 -1 0
255 283 -1 0
353 47 -1 0
86 160 -1 0
121 121 -1 0
235 93 -1 0
143 104 -1 0
145 163 -1 0
186 55 -1 0
176 319 -1 0
247 197 -1 0
376 313 -1 0
158 147 -1 0
115 300 -1 0
364 65 -1 0
104 332 -1 0
28 284 -1 0
306 63 -1 0
313 303 -1 0
164 291 -1 0
318 349 -1 0
53 71 -1 0
327 216 -1 0
218 131 -1 0
366 112 -1 0
45 166 -1 0
150 74 -1 0
242 108 -1 0
42 58 -1 0
226 319 -1 0
148 377 -1 0
11 397 -1 0
265 41 -1 0
225 229 -1 0
23 104 -1 0
96 293 -1 0
118 354 -1 0
208 84 -1 0
330 298 -1 0
268 42 -1 0
202 253 -1 0
17 156 -1 0
291 74 -1 0
142 162 -1 0
142 49 -1 0
101 143 -1 0
25 298 -1 0
263 242 -1 0
38 81 -1 0
398 217 -1 0
252 190 -1 0
390 201 -1 0
331 294 -1 0
69 17 -1 0
386 207 -1 0
206 153 -1 0
107 323 -1 0
155 254 -1 0
243 177 -1 0
36 243 -1 0
155 154 -1 0
370 282 -1 0
62 379 -1 0
248 367 -1 0
196 270 -1 0
182 310 -1 0
394 266 -1 0
136 181 -1 0
89 142 -1 0
22 118 -1 0
59 255 -1 0
254 307 -1 0
360 339 -1 0
270 72 -1 0
296 257 -1 0
113 189 -1 0
315 178 -1 0
266 357 -1 0
353 311 -1 0
12 299 -1 0
243 261 -1 0
203 288 -1 0
47 327 -1 0
67 319 -1 0
283 22 -1 0
237 287 -1 0
255 196 -1 0
363 108 -1 0
76 355 -1 0
290 203 -1 0
70 194 -1 0
208 6 -1 0
23 387 -1 0
277 242 -1 0
54 19 -1 0
279 247 -1 0
261 257 -1 0
220 288 -1 0
327 85 -1 0
233 90 -1 0
340 240 -1 0
370 293 -1 0
62 25 -1 0
16 384 -1 0
163 176 -1 0
251 364 -1 0
224 197 -1 0
243 210 -1 0
280 200 -1 0
107 37 -1 0
63 392 -1 0
43 106 -1 0
10 182 -1 0
57 394 -1 0
383 208 -1 0
340 11 -1 0
94 213 -1 0
231 217 -1 0
397 204 -1 0
132 239 -1 0
161 40 -1 0
71 327 -1 0
299 70 -1 0
366 304 -1 0
120 370 -1 0
353 286 -1 0
233 63 -1 0
200 357 -1 0
178 289 -1 0
264 306 -1 0
37 86 -1 0
346 321 -1 0
132 181 -1 0
13 61 -1 0
394 270 -1 0
237 65 -1 0
234 263 -1 0
354 69 -1 0
4 128 -1 0
301 249 -1 0
335 68 -1 0
367 176 -1 0
60 221 -1 0
215 399 -1 0
350 307 -1 0
168 130 -1 0
123 158 -1 0
131 399 -1 0
301 373 -1 0
181 251 -1 0
204 182 -1 0
382 170 -1 0
32 85 -1 0
142 195 -1 0
44 34 -1 0
98 42 -1 0
154 142 -1 0
20 48 -1 0
385 374 -1 0
382 252 -1 0
27 343 -1 0
54 263 -1 0
117 250 -1 0
260 342 -1 0
56 319 -1 0
298 208 -1 0
11 76 -1 0
226 317 -1 0
156 253 -1 0
94 266 -1 0
384 219 -1 0
365 98 -1 0
115 361 -1 0
77 151 -1 0
310 231 -1 0
386 55 -1 0
197 73 -1 0
358 55 -1 0
341 23 -1 0
6 369 -1 0
342 57 -1 0
151 146 -1 0
200 18 -1 0
276 229 -1 0
13 89 -1 0
123 15 -1 0
283 385 -1 0
303 345 -1 0
105 370 -1 0
337 267 -1 0
361 211 -1 0
17 161 -1 0
153 82 -1 0
343 325 -1 0
71 385 -1 0
364 108 -1 0
212 77 -1 0
289 341 -1 0
144 397 -1 0
53 125 -1 0
100 13 -1 0
273 32 -1 0
103 248 -1 0
98 332 -1 0
93 368 -1 0
378 72 -1 0
269 185 -1 0
223 290 -1 0
170 311 -1 0
274 231 -1 0
69 29 -1 0
130 290 -1 0
325 33 -1 0
391 42 -1 0
321 164 -1 0
168 73 -1 0
365 149 -1 0
202 107 -1 0
136 162 -1 0
238 342 -1 0
232 189 -1 0
271 189 -1 0
232 199 -1 0
224 305 -1 0
75 283 -1 0
252 182 -1 0
310 383 -1 0
84 81 -1 0
128 356 -1 0
144 381 -1 0
162 222 -1 0
79 163 -1 0
92 223 -1 0
152 117 -1 0
189 317 -1 0
148 365 -1 0
331 47 -1 0
256 253 -1 0
38 373 -1 0
28 150 -1 0
383 334 -1 0
365 250 -1 0
143 385 -1 0
335 47 -1 0
212 397 -1 0
163 221 -1 0
143 284 -1 0
17 48 -1 0
180 344 -1 0
234 271 -1 0
212 35 -1 0
131 75 -1 0
15 381 -1 0
236 74 -1 0
174 110 -1 0
60 211 -1 0
144 71 -1 0
327 315 -1 0
364 122 -1 0
359 111 -1 0
283 382 -1 0
350 64 -1 0
314 23 -1 0
165 390 -1 0
135 185 -1 0
169 316 -1 0
91 167 -1 0
165 284 -1 0
194 231 -1 0
391 345 -1 0
302 362 -1 0
36 26 -1 0
89 219 -1 0
322 289 -1 0
281 58 -1 0
303 370 -1 0
90 332 -1 0
313 1 -1 0
219 22 -1 0
391 108 -1 0
115 44 -1 0
88 361 -1 0
113 333 -1 0
301 304 -1 0
149 370 -1 0
18 123 -1 0
1 17 -1 0
198 163 -1 0
395 357 -1 0
166 214 -1 0
105 118 -1 0
40 223 -1 0
267 283 -1 0
274 76 -1 0
91 15 -1 0
271 266 -1 0
3 379 -1 0
3 198 -1 0
58 392 -1 0
7 154 -1 0
59 219 -1 0
30 77 -1 0
213 13 -1 0
138 151 -1 0
51 180 -1 0
167 50 -1 0
143 179 -1 0
15 149 -1 0
287 256 -1 0
376 350 -1 0
53 346 -1 0
48 391 -1 0
119 263 -1 0
92 237 -1 0
174 30 -1 0
212 92 -1 0
392 384 -1 0
18 174 -1 0
244 322 -1 0
271 84 -1 0
125 170 -1 0
372 74 -1 0
311 374 -1 0
271 210 -1 0
199 36 -1 0
9 70 -1 0
211 140 -1 0
89 203 -1 0
23 71 -1 0
51 234 -1 0
257 52 -1 0
115 186 -1 0
323 80 -1 0
334 368 -1 0
215 214 -1 0
394 379 -1 0
288 191 -1 0
309 236 -1 0
47 15 -1 0
167 51 -1 0
367 250 -1 0
278 315 -1 0
359 157 -1 0
333 42 -1 0
253 269 -1 0
365 253 -1 0
244 61 -1 0
94 236 -1 0
343 277 -1 0
53 181 -1 0
188 192 -1 0
244 208 -1 0
354 213 -1 0
37 372 -1 0
15 9 -1 0
364 24 -1 0
134 347 -1 0
40 293 -1 0
147 396 -1 0
360 283 -1 0
356 109 -1 0
393 25 -1 0
216 333 -1 0
168 83 -1 0
136 317 -1 0
379 349 -1 0
260 44 -1 0
224 48 -1 0
49 175 -1 0
75 48 -1 0
130 154 -1 0
91 370 -1 0
361 177 -1 0
341 360 -1 0
253 246 -1 0
181 396 -1 0
16 388 -1 0
111 258 -1 0
195 230 -1 0
120 92 -1 0
131 199 -1 0
89 208 -1 0
196 323 -1 0
57 164 -1 0
53 38 -1 0
94 44 -1 0
225 156 -1 0
96 236 -1 0
337 348 -1 0
213 380 -1 0
310 241 -1 0
328 368 -1 0
305 70 -1 0
323 338 -1 0
147 340 -1 0
127 316 -1 0
34 381 -1 0
372 28 -1 0
313 381 -1 0
345 90 -1 0
397 219 -1 0
18 81 -1 0
379 204 -1 0
196 56 -1 0
374 309 -1 0
246 181 -1 0
231 60 -1 0
56 271 -1 0
116 103 -1 0
392 21 -1 0
317 230 -1 0
245 338 -1 0
23 156 -1 0
194 390 -1 0
53 349 -1 0
329 349 -1 0
182 133 -1 0
335 370 -1 0
157 314 -1 0
334 231 -1 0
25 2 -1 0
85 188 -1 0
136 193 -1 0
246 76 -1 0
363 204 -1 0
151 90 -1 0
47 339 -1 0
392 56 -1 0
47 298 -1 0
76 136 -1 0
4 10 -1 0
165 31 -1 0
366 229 -1 0
102 362 -1 0
137 274 -1 0
264 370 -1 0
216 14 -1 0
109 250 -1 0
297 1 -1 0
387 386 -1 0
32 236 -1 0
100 365 -1 0
90 366 -1 0
84 39 -1 0
159 165 -1 0
114 337 -1 0
157 374 -1 0
147 265 -1 0
335 19 -1 0
26 392 -1 0
17 270 -1 0
186 39 -1 0
18 243 -1 0
189 68 -1 0
245 367 -1 0
360 383 -1 0
245 329 -1 0
73 216 -1 0
225 97 -1 0
217 218 -1 0
294 302 -1 0
292 303 -1 0
383 229 -1 0
63 312 -1 0
384 80 -1 0
158 343 -1 0
397 163 -1 0
43 383 -1 0
205 290 -1 0
224 206 -1 0
267 62 -1 0
159 120 -1 0
286 35 -1 0
181 218 -1 0
390 158 -1 0
245 26 -1 0
221 141 -1 0
317 383 -1 0
110 128 -1 0
145 154 -1 0
344 226 -1 0
83 144 -1 0
99 266 -1 0
82 113 -1 0
370 191 -1 0
153 161 -1 0
391 231 -1 0
186 383 -1 0
345 187 -1 0
226 103 -1 0
387 132 -1 0
145 309 -1 0
28 165 -1 0
139 293 -1 0
279 369 -1 0
144 320 -1 0
173 367 -1 0
67 159 -1 0
244 256 -1 0
338 319 -1 0
203 180 -1 0
237 183 -1 0
353 171 -1 0
115 269 -1 0
199 148 -1 0
232 235 -1 0
33 240 -1 0
288 11 -1 0
231 344 -1 0
22 319 -1 0
395 38 -1 0
108 388 -1 0
373 72 -1 0
344 81 -1 0
177 128 -1 0
292 264 -1 0
135 48 -1 0
46 195 -1 0
149 238 -1 0
268 317 -1 0
236 167 -1 0
253 321 -1 0
28 160 -1 0
287 378 -1 0
61 384 -1 0
187 112 -1 0
399 203 -1 0
13 218 -1 0
351 205 -1 0
77 131 -1 0
37 387 -1 0
65 320 -1 0
124 64 -1 0
331 366 -1 0
399 321 -1 0
147 363 -1 0
167 235 -1 0
244 32 -1 0
316 375 -1 0
190 194 -1 0
47 130 -1 0
212 23 -1 0
51 169 -1 0
110 79 -1 0
271 16 -1 0
296 184 -1 0
378 393 -1 0
33 54 -1 0
102 216 -1 0
363 278 -1 0
69 327 -1 0
19 39 -1 0
172 302 -1 0
41 381 -1 0
192 339 -1 0
82 75 -1 0
22 46 -1 0
173 171 -1 0
231 251 -1 0
104 191 -1 0
219 43 -1 0
82 19 -1 0
222 40 -1 0
12 302 -1 0
279 37 -1 0
297 281 -1 0
276 368 -1 0
81 12 -1 0
39 353 -1 0
62 320 -1 0
224 77 -1 0
296 175 -1 0
67 248 -1 0
233 368 -1 0
392 100 -1 0
12 140 -1 0
28 148 -1 0
381 215 -1 0
349 20 -1 0
146 92 -1 0
370 149 -1 0
368 140 -1 0
95 128 -1 0
35 68 -1 0
211 342 -1 0
278 263 -1 0
347 50 -1 0
152 29 -1 0
209 66 -1 0
226 214 -1 0
114 177 -1 0
210 39 -1 0
70 78 -1 0
109 174 -1 0
180 37 -1 0
264 354 -1 0
344 80 -1 0
76 10 -1 0
114 274 -1 0
108 118 -1 0
334 73 -1 0
338 192 -1 0
352 238 -1 0
283 196 -1 0
110 81 -1 0
370 138 -1 0
187 22 -1 0
368 196 -1 0
2 371 -1 0
39 335 -1 0
185 197 -1 0
64 331 -1 0
58 195 -1 0
362 35 -1 0
367 353 -1 0
348 334 -1 0
383 64 -1 0
231 311 -1 0
306 261 -1 0
334 309 -1 0
214 355 -1 0
232 243 -1 0
76 80 -1 0
226 3 -1 0
161 0 -1 0
223 150 -1 0
385 24 -1 0
231 336 -1 0
100 273 -1 0
68 259 -1 0
293 230 -1 0
321 187 -1 0
119 125 -1 0
154 61 -1 0
321 214 -1 0
389 49 -1 0
231 103 -1 0
285 302 -1 0
151 162 -1 0
240 59 -1 0
264 229 -1 0
135 143 -1 0
372 329 -1 0
89 39 -1 0
391 303 -1 0
95 98 -1 0
322 175 -1 0
12 112 -1 0
393 98 -1 0
228 251 -1 0
130 201 -1 0
357 155 -1 0
367 244 -1 0
152 369 -1 0
275 18 -1 0
32 218 -1 0
16 10 -1 0
1 193 -1 0
41 286 -1 0
103 155 -1 0
280 330 -1 0
346 161 -1 0
318 225 -1 0
193 299 -1 0
263 231 -1 0
176 2 -1 0
103 295 -1 0
177 95 -1 0
123 112 -1 0
128 375 -1 0
218 265 -1 0
170 196 -1 0
174 83 -1 0
337 250 -1 0
267 72 -1 0
150 189 -1 0
191 347 -1 0
316 378 -1 0
123 386 -1 0
304 377 -1 0
131 348 -1 0
159 69 -1 0
366 165 -1 0
203 364 -1 0
84 187 -1 0
344 67 -1 0
245 264 -1 0
367 390 -1 0
342 51 -1 0
107 340 -1 0
370 391 -1 0
346 281 -1 0
79 168 -1 0
41 23 -1 0
285 328 -1 0
242 16 -1 0
108 66 -1 0
134 61 -1 0
251 66 -1 0
139 137 -1 0
199 32 -1 0
310 304 -1 0
377 44 -1 0
67 381 -1 0
266 301 -1 0
323 262 -1 0
304 78 -1 0
6 254 -1 0
339 82 -1 0
80 173 -1 0
341 153 -1 0
171 122 -1 0
108 193 -1 0
258 287 -1 0
88 301 -1 0
115 221 -1 0
82 208 -1 0
61 76 -1 0
3 302 -1 0
47 132 -1 0
345 97 -1 0
290 239 -1 0
209 296 -1 0
348 223 -1 0
219 166 -1 0
270 177 -1 0
25 35 -1 0
169 16 -1 0
123 327 -1 0
221 189 -1 0
146 221 -1 0
296 226 -1 0
319 328 -1 0
244 102 -1 0
18 343 -1 0
253 24 -1 0
208 55 -1 0
384 9 -1 0
205 63 -1 0
60 140 -1 0
326 328 -1 0
374 299 -1 0
88 264 -1 0
0 138 -1 0
68 13 -1 0
145 37 -1 0
196 310 -1 0
104 339 -1 0
235 182 -1 0
330 32 -1 0
78 0 -1 0
284 85 -1 0
386 19 -1 0
185 210 -1 0
211 25 -1 0
128 108 -1 0
188 219 -1 0
8 398 -1 0
19 58 -1 0
131 131 -1 0
133 36 -1 0
349 363 -1 0
5 350 -1 0
40 233 -1 0
165 54 -1 0
101 102 -1 0
121 355 -1 0
371 83 -1 0
154 203 -1 0
118 63 -1 0
263 320 -1 0
314 287 -1 0
313 300 -1 0
380 88 -1 0
46 129 -1 0
306 166 -1 0
75 175 -1 0
303 371 -1 0
71 328 -1 0
109 360 -1 0
119 332 -1 0
90 275 -1 0
166 315 -1 0
97 130 -1 0
62 146 -1 0
82 306 -1 0
343 271 -1 0
95 154 -1 0
178 19 -1 0
164 79 -1 0
108 178 -1 0
101 67 -1 0
20 192 -1 0
132 116 -1 0
136 127 -1 0
173 128 -1 0
399 386 -1 0
286 44 -1 0
359 292 -1 0
36 276 -1 0
2 36 -1 0
31 40 -1 0
383 212 -1 0
7 12 -1 0
250 395 -1 0
395 8 -1 0
336 392 -1 0
188 0 -1 0
196 264 -1 0
351 318 -1 0
62 277 -1 0
152 115 -1 0
14 207 -1 0
106 92 -1 0
194 226 -1 0
71 209 -1 0
325 177 -1 0
361 58 -1 0
282 66 -1 0
302 396 -1 0
215 332 -1 0
209 286 -1 0
122 42 -1 0
330 188 -1 0
236 268 -1 0
232 84 -1 0
136 352 -1 0
301 197 -1 0
344 103 -1 0
222 94 -1 0
299 316 -1 0
113 240 -1 0
81 52 -1 0
252 372 -1 0
137 26 -1 0
384 256 -1 0
267 388 -1 0
347 112 -1 0
218 370 -1 0
271 349 -1 0
21 252 -1 0
143 169 -1 0
231 177 -1 0
395 9 -1 0
98 58 -1 0
192 375 -1 0
344 72 -1 0
92 111 -1 0
171 395 -1 0
41 188 -1 0
352 164 -1 0
255 43 -1 0
310 43 -1 0
195 246 -1 0
236 310 -1 0
171 282 -1 0
134 52 -1 0
292 88 -1 0
52 335 -1 0
325 50 -1 0
148 319 -1 0
231 189 -1 0
330 398 -1 0
328 14 -1 0
336 2 -1 0
1 153 -1 0
181 63 -1 0
268 233 -1 0
99 343 -1 0
117 113 -1 0
163 326 -1 0
156 266 -1 0
325 82 -1 0
90 111 -1 0
304 172 -1 0
58 151 -1 0
141 239 -1 0
145 192 -1 0
40 98 -1 0
238 120 -1 0
220 112 -1 0
184 257 -1 0
254 261 -1 0
12 247 -1 0
388 90 -1 0
183 282 -1 0
143 190 -1 0
243 254 -1 0
201 199 -1 0
331 39 -1 0
86 306 -1 0
96 88 -1 0
2 307 -1 0
334 394 -1 0
225 299 -1 0
364 7 -1 0
330 387 -1 0
355 371 -1 0
314 336 -1 0
111 126 -1 0
109 367 -1 0
339 378 -1 0
15 363 -1 0
33 170 -1 0
211 92 -1 0
345 323 -1 0
14 136 -1 0
128 325 -1 0
360 256 -1 0
82 185 -1 0
6 203 -1 0
131 284 -1 0
292 223 -1 0
338 341 -1 0
192 129 -1 0
355 132 -1 0
343 340 -1 0
133 338 -1 0
352 371 -1 0
316 66 -1 0
265 185 -1 0
79 151 -1 0
242 248 -1 0
371 381 -1 0
348 348 -1 0
357 282 -1 0
22 169 -1 0
297 221 -1 0
316 8 -1 0
291 223 -1 0
33 277 -1 0
130 184 -1 0
366 168 -1 0
111 214 -1 0
53 387 -1 0
168 289 -1 0
223 128 -1 0
110 24 -1 0
161 254 -1 0
22 122 -1 0
399 96 -1 0
341 299 -1 0
229 248 -1 0
39 397 -1 0
149 378 -1 0
313 308 -1 0
61 283 -1 0
126 224 -1 0
338 222 -1 0
113 381 -1 0
268 76 -1 0
146 298 -1 0
106 362 -1 0
322 363 -1 0
31 273 -1 0
199 396 -1 0
393 109 -1 0
179 108 -1 0
197 52 -1 0
239 307 -1 0
11 106 -1 0
183 347 -1 0
391 48 -1 0
73 65 -1 0
194 270 -1 0
154 363 -1 0
219 93 -1 0
27 302 -1 0
194 343 -1 0
175 373 -1 0
104 312 -1 0
197 61 -1 0
359 74 -1 0
174 322 -1 0
17 132 -1 0
247 353 -1 0
193 7 -1 0
215 120 -1 0
255 268 -1 0
82 295 -1 0
337 265 -1 0
286 49 -1 0
152 270 -1 0
51 131 -1 0
293 34 -1 0
350 330 -1 0
255 47 -1 0
178 98 -1 0
105 184 -1 0
189 193 -1 0
75 172 -1 0
156 281 -1 0
171 140 -1 0
52 170 -1 0
267 262 -1 0
304 71 -1 0
166 176 -1 0
50 134 -1 0
57 361 -1 0
91 292 -1 0
145 210 -1 0
361 240 -1 0
87 290 -1 0
249 56 -1 0
159 230 -1 0
125 356 -1 0
122 170 -1 0
329 166 -1 0
128 297 -1 0
355 295 -1 0
105 153 -1 0
94 288 -1 0
63 399 -1 0
191 150 -1 0
135 119 -1 0
101 65 -1 0
239 267 -1 0
21 302 -1 0
360 218 -1 0
61 189 -1 0
112 393 -1 0
98 107 -1 0
221 301 -1 0
135 300 -1 0
269 355 -1 0
5 113 -1 0
374 187 -1 0
338 391 -1 0
98 15 -1 0
282 238 -1 0
32 338 -1 0
71 391 -1 0
192 274 -1 0
141 34 -1 0
54 67 -1 0
63 228 -1 0
357 140 -1 0
284 216 -1 0
205 377 -1 0
73 250 -1 0
288 196 -1 0
238 27 -1 0
319 244 -1 0
390 266 -1 0
251 267 -1 0
208 119 -1 0
120 192 -1 0
86 290 -1 0
289 292 -1 0
175 174 -1 0
57 128 -1 0
393 262 -1 0
343 366 -1 0
11 58 -1 0
114 166 -1 0
325 205 -1 0
66 257 -1 0
9 316 -1 0
283 57 -1 0
29 182 -1 0
353 48 -1 0
364 319 -1 0
98 191 -1 0
77 168 -1 0
205 23 -1 0
129 350 -1 0
344 108 -1 0
226 108 -1 0
396 393 -1 0
4 227 -1 0
349 0 -1 0
116 303 -1 0
296 259 -1 0
355 111 -1 0
231 183 -1 0
332 218 -1 0
258 367 -1 0
324 79 -1 0
124 80 -1 0
42 331 -1 0
136 318 -1 0
45 259 -1 0
51 302 -1 0
199 20 -1 0
233 253 -1 0
315 266 -1 0
266 318 -1 0
254 21 -1 0
210 140 -1 0
286 370 -1 0
394 18 -1 0
203 229 -1 0
57 140 -1 0
5 276 -1 0
202 366 -1 0
270 331 -1 0
372 57 -1 0
258 335 -1 0
106 195 -1 0
349 155 -1 0
267 298 -1 0
81 327 -1 0
294 327 -1 0
9 54 -1 0
110 392 -1 0
337 335 -1 0
383 70 -1 0
368 267 -1 0
80 219 -1 0
387 217 -1 0
155 169 -1 0
240 385 -1 0
344 193 -1 0
77 27 -1 0
41 248 -1 0
227 364 -1 0
154 129 -1 0
251 0 -1 0
46 365 -1 0
212 59 -1 0
33 45 -1 0
165 160 -1 0
156 11 -1 0
3 349 -1 0
115 96 -1 0
123 62 -1 0
291 78 -1 0
167 381 -1 0
306 227 -1 0
221 156 -1 0
0 62 -1 0
243 55 -1 0
371 378 -1 0
344 333 -1 0
135 200 -1 0
356 33 -1 0
230 378 -1 0
71 69 -1 0
253 47 -1 0
14 150 -1 0
377 49 -1 0
379 150 -1 0
141 182 -1 0
211 330 -1 0
9 221 -1 0
203 166 -1 0
175 218 -1 0
321 188 -1 0
242 203 -1 0
168 109 -1 0
345 213 -1 0
75 133 -1 0
125 312 -1 0
66 1 -1 0
102 354 -1 0
69 28 -1 0
394 373 -1 0
341 13 -1 0
52 61 -1 0
114 116 -1 0
381 92 -1 0
225 135 -1 0
149 94 -1 0
227 290 -1 0
352 218 -1 0
162 220 -1 0
50 139 -1 0
344 300 -1 0
81 349 -1 0
145 235 -1 0
158 340 -1 0
335 50 -1 0
363 286 -1 0
356 350 -1 0
55 93 -1 0
91 70 -1 0
76 188 -1 0
123 23 -1 0
173 174 -1 0
136 264 -1 0
22 68 -1 0
335 251 -1 0
232 338 -1 0
171 67 -1 0
113 101 -1 0
369 162 -1 0
26 38 -1 0
75 293 -1 0
166 357 -1 0
125 88 -1 0
300 45 -1 0
206 172 -1 0
258 374 -1 0
166 246 -1 0
168 78 -1 0
146 16 -1 0
200 310 -1 0
174 11 -1 0
330 305 -1 0
35 42 -1 0
60 171 -1 0
138 334 -1 0
44 156 -1 0
66 339 -1 0
111 116 -1 0
71 298 -1 0
162 296 -1 0
140 216 -1 0
73 239 -1 0
23 158 -1 0
283 340 -1 0
180 40 -1 0
318 60 -1 0
371 189 -1 0
149 96 -1 0
10 31 -1 0
277 62 -1 0
86 215 -1 0
128 223 -1 0
119 170 -1 0
214 251 -1 0
161 299 -1 0
162 338 -1 0
118 327 -1 0
312 36 -1 0
351 178 -1 0
130 227 -1 0
134 84 -1 0
205 120 -1 0
254 374 -1 0
105 52 -1 0
72 173 -1 0
96 27 -1 0
351 240 -1 0
37 379 -1 0
164 147 -1 0
94 390 -1 0
201 250 -1 0
30 391 -1 0
364 39 -1 0
250 359 -1 0
284 310 -1 0
69 350 -1 0
75 119 -1 0
292 307 -1 0
399 124 -1 0
234 115 -1 0
146 51 -1 0
33 96 -1 0
310 88 -1 0
395 41 -1 0
325 352 -1 0
236 205 -1 0
43 273 -1 0
62 265 -1 0
397 92 -1 0
219 381 -1 0
32 34 -1 0
112 200 -1 0
224 398 -1 0
54 17 -1 0
218 48 -1 0
40 99 -1 0
50 190 -1 0
131 195 -1 0
256 21 -1 0
265 215 -1 0
119 199 -1 0
190 70 -1 0
307 387 -1 0
267 76 -1 0
397 198 -1 0
223 107 -1 0
206 141 -1 0
354 351 -1 0
109 239 -1 0
202 303 -1 0
15 197 -1 0
212 37 -1 0
78 75 -1 0
210 92 -1 0
222 293 -1 0
371 379 -1 0
394 8 -1 0
114 139 -1 0
297 17 -1 0
146 277 -1 0
142 122 -1 0
319 61 -1 0
142 135 -1 0
298 49 -1 0
152 309 -1 0
24 167 -1 0
345 151 -1 0
90 159 -1 0
179 138 -1 0
261 74 -1 0
272 25 -1 0
29 195 -1 0
391 208 -1 0
225 372 -1 0
45 236 -1 0
391 245 -1 0
347 3 -1 0
353 172 -1 0
382 162 -1 0
38 238 -1 0
183 234 -1 0
252 248 -1 0
19 144 -1 0
137 128 -1 0
174 255 -1 0
111 167 -1 0
91 256 -1 0
181 354 -1 0
15 371 -1 0
241 290 -1 0
47 323 -1 0
89 159 -1 0
234 392 -1 0
100 389 -1 0
331 79 -1 0
312 8 -1 0
245 190 -1 0
334 299 -1 0
83 181 -1 0
229 77 -1 0
92 1 -1 0
360 37 -1 0
194 208 -1 0
212 320 -1 0
193 344 -1 0
57 346 -1 0
44 283 -1 0
289 360 -1 0
68 313 -1 0
282 39 -1 0
117 186 -1 0
378 233 -1 0
44 378 -1 0
322 314 -1 0
116 220 -1 0
55 295 -1 0
159 265 -1 0
63 299 -1 0
278 33 -1 0
349 213 -1 0
156 174 -1 0
87 160 -1 0
317 262 -1 0
15 351 -1 0
98 262 -1 0
21 296 -1 0
266 351 -1 0
384 195 -1 0
55 141 -1 0
212 80 -1 0
255 92 -1 0
18 364 -1 0
392 390 -1 0
281 343 -1 0
333 366 -1 0
299 75 -1 0
206 276 -1 0
295 67 -1 0
354 101 -1 0
261 382 -1 0
85 150 -1 0
282 56 -1 0
238 195 -1 0
303 276 -1 0
298 60 -1 0
192 167 -1 0
82 267 -1 0
151 355 -1 0
318 310 -1 0
285 35 -1 0
119 374 -1 0
204 172 -1 0
49 180 -1 0
54 215 -1 0
191 149 -1 0
339 319 -1 0
141 13 -1 0
293 4 -1 0
205 375 -1 0
0 213 -1 0
213 368 -1 0
326 176 -1 0
348 56 -1 0
5 391 -1 0
37 290 -1 0
236 305 -1 0
377 102 -1 0
355 232 -1 0
150 307 -1 0
80 293 -1 0
350 219 -1 0
368 274 -1 0
15 303 -1 0
5 168 -1 0
29 217 -1 0
325 227 -1 0
136 70 -1 0
219 249 -1 0
373 252 -1 0
259 96 -1 0
91 336 -1 0
186 349 -1 0
163 339 -1 0
329 87 -1 0
135 59 -1 0
336 243 -1 0
285 19 -1 0
358 6 -1 0
25 72 -1 0
75 335 -1 0
213 388 -1 0
255 269 -1 0
208 141 -1 0
381 115 -1 0
55 50 -1 0
168 243 -1 0
180 187 -1 0
74 19 -1 0
269 291 -1 0
167 105 -1 0
101 69 -1 0
308 253 -1 0
326 62 -1 0
106 221 -1 0
102 175 -1 0
393 351 -1 0
239 34 -1 0
166 358 -1 0
53 235 -1 0
80 48 -1 0
235 164 -1 0
269 239 -1 0
32 237 -1 0
323 394 -1 0
319 227 -1 0
118 6 -1 0
255 368 -1 0
208 1 -1 0
251 101 -1 0
130 394 -1 0
36 46 -1 0
124 210 -1 0
140 319 -1 0
275 65 -1 0
350 22 -1 0
356 280 -1 0
82 272 -1 0
236 54 -1 0
217 312 -1 0
348 47 -1 0
302 89 -1 0
78 243 -1 0
78 56 -1 0
283 355 -1 0
67 47 -1 0
170 127 -1 0
150 331 -1 0
76 298 -1 0
123 119 -1 0
244 286 -1 0
285 338 -1 0
43 293 -1 0
11 268 -1 0
346 62 -1 0
137 284 -1 0
92 7 -1 0
164 162 -1 0
114 143 -1 0
76 297 -1 0
133 11 -1 0
22 345 -1 0
269 29 -1 0
157 330 -1 0
363 127 -1 0
56 259 -1 0
368 174 -1 0
174 213 -1 0
78 82 -1 0
356 116 -1 0
343 245 -1 0
367 42 -1 0
108 321 -1 0
357 225 -1 0
83 128 -1 0
165 56 -1 0
230 326 -1 0
222 296 -1 0
131 151 -1 0
73 30 -1 0
297 391 -1 0
66 363 -1 0
360 246 -1 0
209 385 -1 0
120 190 -1 0
96 229 -1 0
293 366 -1 0
244 94 -1 0
14 97 -1 0
61 114 -1 0
276 342 -1 0
308 395 -1 0
130 311 -1 0
142 358 -1 0
335 61 -1 0
237 191 -1 0
354 252 -1 0
103 220 -1 0
360 341 -1 0
35 109 -1 0
320 1 -1 0
136 205 -1 0
166 340 -1 0
347 278 -1 0
362 241 -1 0
269 87 -1 0
374 233 -1 0
307 33 -1 0
372 91 -1 0
131 198 -1 0
119 253 -1 0
10 286 -1 0
16 42 -1 0
142 58 -1 0
355 11 -1 0
379 327 -1 0
227 71 -1 0
65 372 -1 0
207 3 -1 0
54 34 -1 0
329 366 -1 0
325 7 -1 0
210 52 -1 0
192 128 -1 0
1 18 -1 0
11 247 -1 0
72 57 -1 0
291 72 -1 0
27 288 -1 0
398 345 -1 0
301 192 -1 0
270 205 -1 0
184 18 -1 0
26 201 -1 0
100 371 -1 0
12 94 -1 0
398 134 -1 0
157 300 -1 0
302 86 -1 0
116 136 -1 0
132 277 -1 0
302 345 -1 0
9 200 -1 0
43 365 -1 0
109 92 -1 0
291 244 -1 0
159 130 -1 0
21 87 -1 0
257 99 -1 0
396 218 -1 0
155 337 -1 0
93 195 -1 0
139 314 -1 0
55 227 -1 0
235 181 -1 0
213 173 -1 0
82 136 -1 0
47 11 -1 0
283 203 -1 0
133 106 -1 0
322 210 -1 0
92 42 -1 0
187 0 -1 0
320 61 -1 0
245 345 -1 0
123 175 -1 0
241 42 -1 0
217 113 -1 0
252 0 -1 0
235 57 -1 0
4 176 -1 0
259 87 -1 0
144 167 -1 0
44 204 -1 0
351 119 -1 0
48 389 -1 0
282 78 -1 0
175 188 -1 0
29 283 -1 0
385 358 -1 0
5 23 -1 0
95 313 -1 0
68 163 -1 0
108 259 -1 0
172 42 -1 0
224 341 -1 0
150 19 -1 0
26 18 -1 0
93 125 -1 0
24 318 -1 0
342 213 -1 0
120 101 -1 0
270 190 -1 0
0 392 -1 0
366 24 -1 0
70 235 -1 0
285 93 -1 0
194 19 -1 0
248 15 -1 0
172 115 -1 0
66 39 -1 0
290 298 -1 0
233 382 -1 0
126 374 -1 0
251 13 -1 0
44 53 -1 0
108 182 -1 0
17 373 -1 0
241 212 -1 0
26 314 -1 0
368 380 -1 0
210 128 -1 0
367 265 -1 0
25 180 -1 0
299 38 -1 0
2 129 -1 0
165 231 -1 0
41 65 -1 0
168 70 -1 0
188 196 -1 0
58 317 -1 0
341 102 -1 0
348 360 -1 0
14 273 -1 0
176 327 -1 0
262 97 -1 0
74 274 -1 0
256 241 -1 0
371 395 -1 0
362 378 -1 0
303 198 -1 0
29 345 -1 0
143 184 -1 0
40 259 -1 0
296 315 -1 0
51 240 -1 0
338 318 -1 0
226 95 -1 0
74 231 -1 0
23 23 -1 0
149 110 -1 0
233 0 -1 0
70 350 -1 0
377 143 -1 0
49 59 -1 0
188 67 -1 0
191 130 -1 0
205 118 -1 0
366 91 -1 0
278 342 -1 0
158 118 -1 0
205 9 -1 0
72 266 -1 0
168 253 -1 0
134 242 -1 0
8 82 -1 0
398 299 -1 0
371 391 -1 0
24 219 -1 0
389 121 -1 0
173 363 -1 0
206 356 -1 0
64 132 -1 0
333 230 -1 0
175 89 -1 0
48 164 -1 0
342 358 -1 0
222 143 -1 0
37 111 -1 0
253 390 -1 0
152 223 -1 0
9 209 -1 0
277 303 -1 0
291 383 -1 0
216 382 -1 0
89 355 -1 0
222 177 -1 0
286 188 -1 0
388 141 -1 0
277 352 -1 0
14 259 -1 0
22 384 -1 0
31 190 -1 0
241 119 -1 0
288 6 -1 0
284 228 -1 0
338 76 -1 0
11 146 -1 0
221 25 -1 0
143 31 -1 0
214 153 -1 0
78 39 -1 0
49 51 -1 0
111 142 -1 0
278 206 -1 0
205 83 -1 0
354 365 -1 0
110 206 -1 0
326 166 -1 0
376 22 -1 0
41 244 -1 0
72 297 -1 0
125 284 -1 0
86 343 -1 0
85 397 -1 0
15 71 -1 0
149 236 -1 0
164 45 -1 0
25 52 -1 0
355 220 -1 0
343 172 -1 0
257 312 -1 0
16 117 -1 0
198 260 -1 0
272 397 -1 0
269 220 -1 0
354 324 -1 0
125 179 -1 0
287 290 -1 0
326 188 -1 0
77 141 -1 0
201 274 -1 0
110 32 -1 0
58 276 -1 0
156 71 -1 0
128 347 -1 0
7 355 -1 0
324 226 -1 0
177 106 -1 0
238 43 -1 0
260 168 -1 0
197 188 -1 0
116 242 -1 0
280 287 -1 0
117 118 -1 0
47 361 -1 0
159 342 -1 0
135 314 -1 0
165 144 -1 0
53 217 -1 0
77 342 -1 0
230 175 -1 0
193 90 -1 0
138 97 -1 0
99 273 -1 0
13 250 -1 0
206 358 -1 0
395 283 -1 0
156 170 -1 0
305 306 -1 0
107 11 -1 0
236 219 -1 0
168 275 -1 0
30 101 -1 0
204 213 -1 0
353 379 -1 0
285 1 -1 0
199 399 -1 0
106 344 -1 0
377 88 -1 0
140 254 -1 0
315 38 -1 0
112 89 -1 0
77 363 -1 0
255 18 -1 0
51 162 -1 0
195 322 -1 0
116 167 -1 0
42 299 -1 0
108 299 -1 0
33 347 -1 0
37 3 -1 0
66 312 -1 0
297 267 -1 0
60 289 -1 0
389 307 -1 0
283 274 -1 0
105 372 -1 0
241 41 -1 0
212 155 -1 0
215 18 -1 0
197 380 -1 0
191 157 -1 0
383 20 -1 0
30 14 -1 0
313 90 -1 0
318 330 -1 0
338 186 -1 0
271 369 -1 0
179 102 -1 0
395 322 -1 0
150 223 -1 0
42 229 -1 0
197 84 -1 0
117 32 -1 0
17 265 -1 0
324 319 -1 0
74 28 -1 0
132 174 -1 0
84 92 -1 0
386 389 -1 0
97 132 -1 0
266 194 -1 0
4 345 -1 0
351 392 -1 0
317 350 -1 0
34 204 -1 0
160 384 -1 0
245 313 -1 0
50 211 -1 0
236 15 -1 0
362 117 -1 0
66 47 -1 0
317 1 -1 0
357 143 -1 0
76 260 -1 0
84 303 -1 0
51 387 -1 0
14 297 -1 0
175 330 -1 0
21 113 -1 0
259 58 -1 0
222 392 -1 0
336 40 -1 0
376 386 -1 0
146 176 -1 0
287 266 -1 0
315 383 -1 0
103 228 -1 0
14 265 -1 0
89 185 -1 0
319 325 -1 0
220 296 -1 0
301 210 -1 0
181 43 -1 0
99 28 -1 0
295 347 -1 0
37 193 -1 0
179 315 -1 0
13 255 -1 0
185 384 -1 0
115 111 -1 0
42 292 -1 0
319 213 -1 0
266 361 -1 0
209 265 -1 0
251 307 -1 0
276 392 -1 0
197 199 -1 0
168 352 -1 0
361 253 -1 0
151 323 -1 0
230 391 -1 0
151 289 -1 0
7 259 -1 0
362 217 -1 0
161 285 -1 0
343 64 -1 0
53 108 -1 0
359 175 -1 0
314 2 -1 0
166 233 -1 0
235 245 -1 0
97 54 -1 0
392 122 -1 0
284 177 -1 0
142 188 -1 0
305 280 -1 0
365 370 -1 0
84 249 -1 0
182 9 -1 0
161 99 -1 0
394 72 -1 0
201 127 -1 0
225 139 -1 0
102 3 -1 0
247 67 -1 0
226 166 -1 0
375 257 -1 0
93 257 -1 0
33 367 -1 0
357 397 -1 0
181 169 -1 0
142 8 -1 0
397 39 -1 0
232 214 -1 0
30 220 -1 0
270 340 -1 0
264 207 -1 0
280 239 -1 0
214 140 -1 0
143 163 -1 0
225 341 -1 0
312 45 -1 0
124 241 -1 0
198 121 -1 0
62 364 -1 0
313 181 -1 0
379 209 -1 0
98 156 -1 0
97 342 -1 0
78 280 -1 0
190 310 -1 0
29 220 -1 0
196 201 -1 0
177 135 -1 0
153 339 -1 0
201 372 -1 0
176 139 -1 0
150 353 -1 0
79 223 -1 0
393 300 -1 0
192 154 -1 0
341 293 -1 0
56 22 -1 0
207 251 -1 0
128 308 -1 0
136 320 -1 0
1 273 -1 0
255 172 -1 0
393 264 -1 0
222 229 -1 0
232 260 -1 0
37 343 -1 0
33 339 -1 0
375 337 -1 0
1 93 -1 0
378 103 -1 0
21 32 -1 0
119 5 -1 0
242 205 -1 0
94 293 -1 0
43 241 -1 0
13 397 -1 0
173 204 -1 0
31 74 -1 0
29 115 -1 0
153 73 -1 0
295 88 -1 0
205 258 -1 0
6 17 -1 0
54 376 -1 0
130 363 -1 0
68 93 -1 0
381 68 -1 0
128 122 -1 0
169 57 -1 0
338 367 -1 0
198 196 -1 0
183 200 -1 0
380 182 -1 0
285 15 -1 0
201 305 -1 0
18 336 -1 0
203 30 -1 0
91 134 -1 0
58 167 -1 0
363 338 -1 0
189 188 -1 0
122 209 -1 0
387 53 -1 0
294 265 -1 0
36 395 -1 0
69 323 -1 0
178 337 -1 0
166 76 -1 0
216 229 -1 0
315 382 -1 0
261 394 -1 0
177 368 -1 0
161 336 -1 0
345 176 -1 0
95 63 -1 0
335 288 -1 0
167 62 -1 0
214 195 -1 0
313 217 -1 0
3 306 -1 0
276 79 -1 0
367 274 -1 0
35 4 -1 0
25 137 -1 0
374 261 -1 0
195 370 -1 0
62 165 -1 0
283 304 -1 0
214 286 -1 0
366 54 -1 0
363 399 -1 0
158 311 -1 0
374 124 -1 0
178 179 -1 0
390 311 -1 0
8 189 -1 0
52 397 -1 0
82 29 -1 0
6 383 -1 0
365 208 -1 0
253 399 -1 0
167 211 -1 0
249 45 -1 0
190 272 -1 0
279 246 -1 0
138 91 -1 0
226 58 -1 0
3 288 -1 0
207 157 -1 0
373 175 -1 0
80 344 -1 0
346 286 -1 0
2 333 -1 0
48 184 -1 0
239 5 -1 0
337 361 -1 0
321 300 -1 0
148 25 -1 0
141 126 -1 0
106 296 -1 0
384 65 -1 0
212 203 -1 0
115 137 -1 0
69 233 -1 0
174 109 -1 0
242 29 -1 0
75 21 -1 0
8 331 -1 0
276 338 -1 0
322 348 -1 0
190 27 -1 0
133 21 -1 0
71 44 -1 0
355 15 -1 0
22 206 -1 0
154 163 -1 0
379 336 -1 0
260 215 -1 0
232 126 -1 0
391 93 -1 0
260 322 -1 0
391 103 -1 0
13 216 -1 0
122 297 -1 0
275 209 -1 0
346 341 -1 0
351 368 -1 0
366 48 -1 0
267 355 -1 0
220 230 -1 0
233 298 -1 0
355 325 -1 0
68 213 -1 0
169 384 -1 0
204 151 -1 0
150 218 -1 0
151 256 -1 0
253 219 -1 0
66 182 -1 0
49 75 -1 0
26 227 -1 0
28 142 -1 0
380 317 -1 0
53 94 -1 0
222 127 -1 0
327 252 -1 0
188 266 -1 0
228 241 -1 0
305 264 -1 0
110 226 -1 0
153 285 -1 0
222 242 -1 0
170 233 -1 0
146 146 -1 0
391 235 -1 0
131 36 -1 0
19 86 -1 0
169 56 -1 0
191 198 -1 0
271 199 -1 0
89 177 -1 0
178 118 -1 0
301 13 -1 0
294 368 -1 0
69 128 -1 0
40 247 -1 0
16 242 -1 0
274 379 -1 0
6 83 -1 0
40 338 -1 0
225 173 -1 0
213 58 -1 0
288 174 -1 0
86 388 -1 0
289 259 -1 0
207 170 -1 0
283 250 -1 0
125 317 -1 0
346 180 -1 0
51 252 -1 0
218 121 -1 0
254 35 -1 0
129 108 -1 0
93 379 -1 0
62 51 -1 0
394 388 -1 0
192 45 -1 0
137 49 -1 0
211 198 -1 0
89 366 -1 0
309 171 -1 0
84 281 -1 0
230 211 -1 0
304 193 -1 0
253 56 -1 0
100 60 -1 0
197 376 -1 0
209 186 -1 0
133 265 -1 0
369 98 -1 0
248 284 -1 0
290 222 -1 0
67 238 -1 0
102 177 -1 0
6 120 -1 0
59 224 -1 0
236 378 -1 0
395 94 -1 0
150 55 -1 0
4 188 -1 0
16 236 -1 0
248 350 -1 0
185 260 -1 0
211 97 -1 0
326 316 -1 0
332 224 -1 0
242 192 -1 0
204 243 -1 0
237 391 -1 0
384 159 -1 0
13 70 -1 0
220 311 -1 0
0 35 -1 0
89 157 -1 0
26 66 -1 0
272 174 -1 0
163 288 -1 0
303 192 -1 0
11 355 -1 0
250 83 -1 0
64 16 -1 0
268 1 -1 0
329 252 -1 0
316 26 -1 0
319 20 -1 0
398 211 -1 0
4 251 -1 0
253 303 -1 0
284 391 -1 0
21 217 -1 0
222 288 -1 0
62 38 -1 0
1 105 -1 0
4 6 -1 0
269 73 -1 0
95 20 -1 0
0 298 -1 0
16 328 -1 0
95 59 -1 0
364 188 -1 0
190 342 -1 0
333 32 -1 0
34 258 -1 0
355 226 -1 0
19 302 -1 0
269 223 -1 0
79 210 -1 0
321 283 -1 0
272 47 -1 0
163 43 -1 0
7 77 -1 0
301 191 -1 0
130 15 -1 0
30 188 -1 0
194 337 -1 0
219 330 -1 0
42 284 -1 0
241 340 -1 0
140 312 -1 0
357 45 -1 0
313 371 -1 0
82 387 -1 0
149 323 -1 0
20 273 -1 0
338 21 -1 0
251 93 -1 0
349 341 -1 0
64 113 -1 0
51 91 -1 0
125 385 -1 0
234 323 -1 0
302 391 -1 0
375 248 -1 0
262 330 -1 0
288 19 -1 0
271 59 -1 0
29 2 -1 0
35 2 -1 0
322 13 -1 0
327 364 -1 0
67 268 -1 0
237 113 -1 0
113 365 -1 0
225 5 -1 0
267 75 -1 0
95 326 -1 0
73 314 -1 0
321 343 -1 0
241 54 -1 0
275 190 -1 0
20 92 -1 0
35 94 -1 0
28 11 -1 0
116 347 -1 0
46 360 -1 0
213 277 -1 0
212 34 -1 0
246 255 -1 0
341 265 -1 0
50 52 -1 0
319 271 -1 0
60 9 -1 0
43 399 -1 0
330 271 -1 0
253 40 -1 0
200 16 -1 0
72 337 -1 0
276 314 -1 0
102 111 -1 0
398 278 -1 0
137 353 -1 0
346 16 -1 0
137 398 -1 0
319 166 -1 0
91 42 -1 0
280 225 -1 0
388 315 -1 0
210 299 -1 0
138 368 -1 0
199 214 -1 0
133 120 -1 0
246 4 -1 0
214 186 -1 0
156 127 -1 0
294 192 -1 0
162 387 -1 0
23 117 -1 0
134 182 -1 0
334 332 -1 0
230 293 -1 0
51 191 -1 0
215 36 -1 0
279 4 -1 0
230 225 -1 0
259 279 -1 0
146 12 -1 0
115 242 -1 0
98 200 -1 0
225 46 -1 0
350 46 -1 0
374 260 -1 0
371 352 -1 0
186 342 -1 0
63 105 -1 0
100 45 -1 0
196 179 -1 0
367 380 -1 0
349 340 -1 0
306 291 -1 0
347 1 -1 0
185 394 -1 0
249 266 -1 0
35 160 -1 0
178 53 -1 0
289 200 -1 0
256 251 -1 0
267 315 -1 0
19 152 -1 0
79 375 -1 0
55 380 -1 0
341 228 -1 0
90 67 -1 0
138 296 -1 0
345 48 -1 0
160 163 -1 0
133 299 -1 0
359 184 -1 0
253 229 -1 0
86 375 -1 0
380 32 -1 0
180 56 -1 0
335 384 -1 0
82 60 -1 0
97 126 -1 0
27 127 -1 0
371 220 -1 0
366 153 -1 0
164 321 -1 0
7 105 -1 0
6 260 -1 0
371 308 -1 0
312 329 -1 0
329 360 -1 0
260 299 -1 0
137 137 -1 0
285 296 -1 0
23 274 -1 0
225 79 -1 0
178 313 -1 0
289 369 -1 0
221 177 -1 0
26 296 -1 0
385 268 -1 0
56 204 -1 0
203 33 -1 0
70 293 -1 0
296 44 -1 0
363 317 -1 0
298 45 -1 0
195 340 -1 0
169 373 -1 0
63 53 -1 0
286 246 -1 0
35 90 -1 0
267 205 -1 0
173 215 -1 0
1 323 -1 0
76 369 -1 0
205 309 -1 0
277 295 -1 0
128 217 -1 0
70 277 -1 0
271 195 -1 0
191 199 -1 0
141 236 -1 0
0 3 -1 0
199 233 -1 0
168 49 -1 0
181 65 -1 0
35 64 -1 0
30 253 -1 0
215 216 -1 0
128 36 -1 0
64 19 -1 0
44 243 -1 0
188 293 -1 0
100 97 -1 0
172 34 -1 0
55 379 -1 0
216 373 -1 0
189 321 -1 0
198 398 -1 0
282 316 -1 0
302 187 -1 0
201 244 -1 0
22 173 -1 0
276 323 -1 0
294 64 -1 0
30 384 -1 0
192 384 -1 0
205 52 -1 0
38 294 -1 0
127 375 -1 0
236 217 -1 0
116 32 -1 0
237 239 -1 0
393 294 -1 0
119 255 -1 0
137 36 -1 0
313 260 -1 0
175 252 -1 0
268 381 -1 0
195 50 -1 0
338 368 -1 0
238 346 -1 0
397 209 -1 0
73 283 -1 0
390 245 -1 0
144 77 -1 0
173 13 -1 0
206 298 -1 0
218 67 -1 0
174 113 -1 0
279 27 -1 0
218 259 -1 0
209 310 -1 0
100 221 -1 0
7 229 -1 0
38 325 -1 0
139 77 -1 0
29 267 -1 0
256 204 -1 0
395 341 -1 0
310 384 -1 0
119 222 -1 0
261 193 -1 0
203 134 -1 0
31 312 -1 0
184 201 -1 0
61 344 -1 0
367 367 -1 0
28 274 -1 0
139 380 -1 0
270 320 -1 0
3 118 -1 0
14 90 -1 0
310 279 -1 0
370 69 -1 0
339 161 -1 0
200 183 -1 0
75 134 -1 0
143 299 -1 0
53 155 -1 0
283 210 -1 0
225 155 -1 0
35 140 -1 0
367 88 -1 0
244 248 -1 0
3 177 -1 0
51 63 -1 0
131 200 -1 0
163 183 -1 0
174 53 -1 0
149 23 -1 0
74 103 -1 0
310 95 -1 0
61 262 -1 0
389 279 -1 0
157 164 -1 0
173 317 -1 0
230 194 -1 0
155 336 -1 0
207 345 -1 0
141 387 -1 0
96 214 -1 0
373 131 -1 0
238 222 -1 0
191 333 -1 0
179 51 -1 0
84 300 -1 0
196 315 -1 0
110 253 -1 0
118 263 -1 0
302 132 -1 1
303 141 -1 1
299 119 -1 1
319 131 -1 1
299 117 -1 1
316 136 -1 1
298 134 -1 1
251 135 -1 1
290 117 -1 1
318 115 -1 1
273 141 -1 1
285 125 -1 1
327 131 -1 1
316 121 -1 1
324 130 -1 1
323 137 -1 1
308 136 -1 1
270 133 -1 1
326 140 -1 1
266 122 -1 1
281 132 -1 1
275 133 -1 1
289 142 -1 1
281 116 -1 1
302 146 -1 1
287 126 -1 1
309 141 -1 1
309 148 -1 1
274 135 -1 1
258 133 -1 1
274 119 -1 1
326 134 -1 1
297 114 -1 1
320 126 -1 1
325 123 -1 1
275 135 -1 1
328 125 -1 1
295 142 -1 1
292 145 -1 1
292 125 -1 1
286 140 -1 1
255 140 -1 1
275 125 -1 1
269 125 -1 1
314 114 -1 1
306 132 -1 1
315 121 -1 1
316 137 -1 1
336 127 -1 1
314 120 -1 1
270 123 -1 1
267 137 -1 1
264 144 -1 1
315 126 -1 1
273 142 -1 1
244 148 -1 1
277 124 -1 1
269 144 -1 1
282 146 -1 1
297 138 -1 1
295 150 -1 1
287 122 -1 1
264 138 -1 1
318 119 -1 1
322 139 -1 1
258 142 -1 1
278 121 -1 1
321 122 -1 1
302 134 -1 1
326 121 -1 1
310 117 -1 1
253 148 -1 1
274 152 -1 1
304 116 -1 1
306 125 -1 1
278 120 -1 1
325 118 -1 1
292 148 -1 1
293 137 -1 1
308 133 -1 1
265 126 -1 1
251 142 -1 1
292 120 -1 1
282 126 -1 1
275 122 -1 1
309 120 -1 1
320 121 -1 1
277 152 -1 1
254 145 -1 1
288 117 -1 1
332 129 -1 1
279 121 -1 1
303 134 -1 1
248 141 -1 1
260 143 -1 1
245 149 -1 1
330 132 -1 1
325 141 -1 1
298 141 -1 1
284 143 -1 1
254 142 -1 1
321 131 -1 1
290 131 -1 1
280 139 -1 1
278 140 -1 1
289 116 -1 1
291 118 -1 1
301 130 -1 1
260 145 -1 1
324 127 -1 1
283 128 -1 1
326 138 -1 1
316 116 -1 1
300 113 -1 1
281 133 -1 1
303 120 -1 1
335 129 -1 1
294 130 -1 1
302 127 -1 1
294 139 -1 1
292 149 -1 1
310 115 -1 1
270 139 -1 1
314 141 -1 1
253 137 -1 1
298 139 -1 1
263 138 -1 1
312 114 -1 1
306 131 -1 1
310 125 -1 1
268 143 -1 1
269 145 -1 1
293 149 -1 1
262 133 -1 1
261 149 -1 1
282 117 -1 1
289 120 -1 1
304 111 -1 1
307 130 -1 1
289 122 -1 1
298 113 -1 1
306 118 -1 1
300 130 -1 1
334 127 -1 1
281 121 -1 1
294 126 -1 1
289 131 -1 1
251 150 -1 1
321 113 -1 1
256 149 -1 1
276 124 -1 1
263 142 -1 1
291 114 -1 1
327 137 -1 1
266 140 -1 1
277 148 -1 1
293 133 -1 1
285 130 -1 1
288 144 -1 1
272 138 -1 1
289 149 -1 1
261 140 -1 1
255 135 -1 1
261 136 -1 1
271 132 -1 1
282 131 -1 1
313 140 -1 1
327 127 -1 1
299 139 -1 1
310 131 -1 1
288 136 -1 1
257 130 -1 1
325 130 -1 1
302 126 -1 1
274 136 -1 1
290 113 -1 1
274 142 -1 1
271 136 -1 1
321 117 -1 1
263 140 -1 1
265 142 -1 1
273 131 -1 1
282 136 -1 1
274 132 -1 1
330 134 -1 1
271 130 -1 1
322 140 -1 1
319 117 -1 1
312 127 -1 1
334 133 -1 1
318 131 -1 1
328 131 -1 1
315 140 -1 1
305 145 -1 1
271 150 -1 1
288 138 -1 1
294 137 -1 1
332 130 -1 1
285 149 -1 1
294 148 -1 1
271 128 -1 1
326 133 -1 1
286 136 -1 1
295 117 -1 1
255 150 -1 1
271 143 -1 1
256 144 -1 1
260 127 -1 1
280 142 -1 1
287 119 -1 1
292 117 -1 1
297 126 -1 1
326 120 -1 1
320 138 -1 1
269 129 -1 1
324 116 -1 1
260 128 -1 1
247 142 -1 1
297 139 -1 1
285 140 -1 1
250 140 -1 1
299 143 -1 1
266 127 -1 1
303 136 -1 1
267 128 -1 1
321 128 -1 1
310 136 -1 1
257 129 -1 1
307 125 -1 1
288 123 -1 1
260 146 -1 1
247 143 -1 1
286 119 -1 1
272 154 -1 1
267 138 -1 1
259 142 -1 1
291 140 -1 1
304 121 -1 1
319 142 -1 1
266 133 -1 1
284 147 -1 1
293 121 -1 1
292 150 -1 1
273 143 -1 1
275 151 -1 1
331 126 -1 1
248 138 -1 1
283 138 -1 1
300 146 -1 1
319 134 -1 1
286 135 -1 1
320 146 -1 1
330 138 -1 1
287 133 -1 1
322 126 -1 1
268 145 -1 1
297 117 -1 1
301 134 -1 1
316 131 -1 1
264 143 -1 1
257 143 -1 1
283 131 -1 1
291 128 -1 1
249 139 -1 1
263 141 -1 1
315 137 -1 1
331 131 -1 1
246 143 -1 1
315 119 -1 1
323 123 -1 1
279 144 -1 1
264 125 -1 1
332 132 -1 1
306 129 -1 1
250 147 -1 1
318 136 -1 1
318 127 -1 1
290 118 -1 1
312 130 -1 1
250 143 -1 1
300 125 -1 1
268 151 -1 1
280 125 -1 1
254 149 -1 1
276 129 -1 1
298 131 -1 1
275 146 -1 1
263 144 -1 1
283 148 -1 1
306 128 -1 1
278 123 -1 1
277 143 -1 1
261 130 -1 1
251 141 -1 1
275 140 -1 1
281 149 -1 1
268 152 -1 1
321 136 -1 1
314 130 -1 1
271 139 -1 1
